"J0001+M0001+B0001+S0002",8478,5950,10774,0,0,0,0,0,0,0,0,0,25202,4462,10753,13166,0,0,0,0,0,0,0,0,0,28381,1.900045,.5533339,.8183199,0,0,0,0,0,0,0,0,0,.887988442972411,9.999882,3.640336,6.055225,0,0,0,0,0,0,0,0,0,6.81207840647568,84779,21660,65239,0,0,0,0,0,0,0,0,0,171678,0,7.272683E-02,6.406269E-02,0,0,0,0,0,0,0,0,0,0,0,81813,168179,0,0,0,0,0,0,0,0,0,0,0,0,0,"NO","YES"
"J0001+M0001+B0001+S0003",5354,17205,147334,0,0,0,0,0,0,0,0,0,169893,4462,10753,13166,0,0,0,0,0,0,0,0,0,28381,1.19991,1.600019,11.19049,0,0,0,0,0,0,0,0,0,5.98615270779747,4.133732,6.222203,3.031832,0,0,0,0,0,0,0,0,0,3.38964524730271,22132,107053,446692,0,0,0,0,0,0,0,0,0,575877,4.761524E-02,5.555556E-02,.0493451,0,0,0,0,0,0,0,0,0,4.98523880101681E-02,112443,309690,2985788,0,0,0,0,0,0,0,0,0,3407921,0,0,0,"YES","YES"
"J0001+M0001+B0001+S0004",214,4899,13534,0,0,0,0,0,0,0,0,0,18647,4462,10753,13166,0,0,0,0,0,0,0,0,0,28381,4.796056E-02,.4555938,1.027951,0,0,0,0,0,0,0,0,0,.657024065395863,12.00935,6.688099,7.178144,0,0,0,0,0,0,0,0,0,7.10484260202714,2570,32765,97149,0,0,0,0,0,0,0,0,0,132484,.4,9.263846E-02,.1768457,0,0,0,0,0,0,0,0,0,.143495859882415,535,52883,76530,0,0,0,0,0,0,0,0,0,129948,0,0,0,"YES","YES"
"J0001+M0001+B0001+S0005",0,0,37495,0,0,0,0,0,0,0,0,0,37495,0,0,13166,0,0,0,0,0,0,0,0,0,13166,0,0,2.847866,0,0,0,0,0,0,0,0,0,2.84786571471973,0,0,8.590532,0,0,0,0,0,0,0,0,0,8.59053207094279,0,0,322102,0,0,0,0,0,0,0,0,0,322102,0,0,.2204214,0,0,0,0,0,0,0,0,0,.220421384313311,0,0,170106,0,0,0,0,0,0,0,0,0,170106,0,0,0,"YES","YES"
"J0001+M0001+B0001+S0006",180,7647,793,0,0,0,0,0,0,0,0,0,8620,4462,10753,13166,0,0,0,0,0,0,0,0,0,28381,4.034065E-02,.7111503,.0602309,0,0,0,0,0,0,0,0,0,.303724322610197,12.01667,14.22754,17.57629,0,0,0,0,0,0,0,0,0,14.4894431554524,2163,108798,13938,0,0,0,0,0,0,0,0,0,124899,5.255475E-02,.1414696,7.716259E-02,0,0,0,0,0,0,0,0,0,.127221205502096,3425,54054,10277,0,0,0,0,0,0,0,0,0,67756,0,0,0,"YES","YES"
"J0001+M0001+B0001+S0007",357,478,2428,0,0,0,0,0,0,0,0,0,3263,4462,10753,13166,0,0,0,0,0,0,0,0,0,28381,8.000896E-02,4.445271E-02,.1844144,0,0,0,0,0,0,0,0,0,.114971283605229,12,10.66527,12.24465,0,0,0,0,0,0,0,0,0,11.9865154765553,4284,5098,29730,0,0,0,0,0,0,0,0,0,39112,8.333334E-02,.1250327,.0924741,0,0,0,0,0,0,0,0,0,9.49567849140063E-02,4284,3823,26256,0,0,0,0,0,0,0,0,0,34363,0,0,0,"YES","YES"
"J0001+M0001+B0001+S0008",643,2079,2358,0,0,0,0,0,0,0,0,0,5080,4462,10753,13166,0,0,0,0,0,0,0,0,0,28381,.1441058,.1933414,.1790977,0,0,0,0,0,0,0,0,0,.178992988266798,45.79938,49.65128,63.91137,0,0,0,0,0,0,0,0,0,55.782874015748,29449,103225,150703,0,0,0,0,0,0,0,0,0,283377,2.023922E-02,1.604216E-02,2.189171E-02,0,0,0,0,0,0,0,0,0,.018879284073763,31770,129596,107712,0,0,0,0,0,0,0,0,0,269078,0,0,0,"YES","YES"
"J0001+M0001+B0001+S0009",0,119,605,0,0,0,0,0,0,0,0,0,724,0,10753,13166,0,0,0,0,0,0,0,0,0,23919,0,1.106668E-02,4.595169E-02,0,0,0,0,0,0,0,0,0,3.02688239474894E-02,0,20.08403,19.89587,0,0,0,0,0,0,0,0,0,19.9267955801105,0,2390,12037,0,0,0,0,0,0,0,0,0,14427,0,.4979079,1.501241,0,0,0,0,0,0,0,0,0,1.12772585669782,0,239,403,0,0,0,0,0,0,0,0,0,642,0,0,0,"YES","YES"
"J0001+M0001+B0001+S0010",0,358,2801,0,0,0,0,0,0,0,0,0,3159,0,10753,13166,0,0,0,0,0,0,0,0,0,23919,0,3.329303E-02,.212745,0,0,0,0,0,0,0,0,0,.132070738743259,0,17.01955,15.42485,0,0,0,0,0,0,0,0,0,15.6055713833492,0,6093,43205,0,0,0,0,0,0,0,0,0,49298,0,1.497908,1.191408,0,0,0,0,0,0,0,0,0,1.21969111969112,0,239,2351,0,0,0,0,0,0,0,0,0,2590,0,0,0,"YES","YES"
"J0001+M0001+B0001+S0011",89,6141,67177140,0,0,0,0,0,0,0,0,0,67183370,4462,10753,13166,0,0,0,0,0,0,0,0,0,28381,1.994621E-02,.5710964,5102.32,0,0,0,0,0,0,0,0,0,2367.19530671928,3.011236,3.019541,1.250181,0,0,0,0,0,0,0,0,0,1.25034467607088,268,18543,83983558,0,0,0,0,0,0,0,0,0,84002369,.5,1.337326,.5000163,0,0,0,0,0,0,0,0,0,.500044884927305,178,4592,134349909,0,0,0,0,0,0,0,0,0,134354679,0,0,0,"YES","YES"
"J0001+M0001+B0001+S0013",71,1075,0,0,0,0,0,0,0,0,0,0,1146,4462,10753,0,0,0,0,0,0,0,0,0,0,15215,1.591215E-02,.0999721,0,0,0,0,0,0,0,0,0,0,.075320407492606,25.14084,36.67721,0,0,0,0,0,0,0,0,0,0,35.9624781849913,1785,39428,0,0,0,0,0,0,0,0,0,0,41213,0,.7496513,0,0,0,0,0,0,0,0,0,0,0,0,1434,0,0,0,0,0,0,0,0,0,0,0,0,0,0,"NO","YES"
"J0001+M0001+B0001+S0014",0,1673,1746,0,0,0,0,0,0,0,0,0,3419,0,10753,13166,0,0,0,0,0,0,0,0,0,23919,0,.1555845,.1326143,0,0,0,0,0,0,0,0,0,.142940758392909,0,7.998805,16.38889,0,0,0,0,0,0,0,0,0,12.2834162035683,0,13382,28615,0,0,0,0,0,0,0,0,0,41997,0,.1250187,.3248976,0,0,0,0,0,0,0,0,0,.182288334399659,0,13382,5374,0,0,0,0,0,0,0,0,0,18756,0,0,0,"YES","YES"
"J0001+M0001+B0001+S0015",286,0,2089,0,0,0,0,0,0,0,0,0,2375,4462,0,13166,0,0,0,0,0,0,0,0,0,17628,6.409682E-02,0,.1586663,0,0,0,0,0,0,0,0,0,.134728840481053,14.97902,0,16.41647,0,0,0,0,0,0,0,0,0,16.2433684210526,4284,0,34294,0,0,0,0,0,0,0,0,0,38578,0,0,.6657106,0,0,0,0,0,0,0,0,0,0,0,0,3138,0,0,0,0,0,0,0,0,0,0,0,0,0,"NO","YES"
"J0001+M0001+B0001+S0016",0,0,1343,0,0,0,0,0,0,0,0,0,1343,0,0,13166,0,0,0,0,0,0,0,0,0,13166,0,0,.1020052,0,0,0,0,0,0,0,0,0,.102005164818472,0,0,1,0,0,0,0,0,0,0,0,0,1,0,0,1343,0,0,0,0,0,0,0,0,0,1343,0,0,20.04478,0,0,0,0,0,0,0,0,0,20.044776119403,0,0,67,0,0,0,0,0,0,0,0,0,67,0,0,0,"YES","YES"
"J0001+M0001+B0001+S0017",2856,1792,4574,0,0,0,0,0,0,0,0,0,9222,4462,10753,13166,0,0,0,0,0,0,0,0,0,28381,.6400717,.1666512,.34741,0,0,0,0,0,0,0,0,0,.324935696416617,4.99965,6.000558,3.516397,0,0,0,0,0,0,0,0,0,4.45846887876816,14279,10753,16084,0,0,0,0,0,0,0,0,0,41116,.1470724,0,9.075397,0,0,0,0,0,0,0,0,0,0,19419,0,504,0,0,0,0,0,0,0,0,0,0,0,0,0,"NO","YES"
"J0001+M0001+B0001+S0018",0,119,507,0,0,0,0,0,0,0,0,0,626,0,10753,13166,0,0,0,0,0,0,0,0,0,23919,0,1.106668E-02,3.850828E-02,0,0,0,0,0,0,0,0,0,2.61716626949287E-02,0,0,30.4714,0,0,0,0,0,0,0,0,0,0,0,0,15449,0,0,0,0,0,0,0,0,0,0,0,0,.1014203,0,0,0,0,0,0,0,0,0,0,0,0,4999,0,0,0,0,0,0,0,0,0,0,0,0,0,"NO","NO"
"J0001+M0001+B0001+S0019",178,81007,611,0,0,0,0,0,0,0,0,0,81796,4462,10753,13166,0,0,0,0,0,0,0,0,0,28381,3.989242E-02,7.533432,4.640741E-02,0,0,0,0,0,0,0,0,0,2.88206898981713,0,4.97578,8.932897,0,0,0,0,0,0,0,0,0,0,0,403073,5458,0,0,0,0,0,0,0,0,0,0,0,1.021088,5.880088E-02,0,0,0,0,0,0,0,0,0,0,0,79334,10391,0,0,0,0,0,0,0,0,0,0,0,0,0,"NO","NO"
"J0001+M0001+B0001+S0020",2320,6261,7356,0,0,0,0,0,0,0,0,0,15937,4462,10753,13166,0,0,0,0,0,0,0,0,0,28381,.5199462,.5822561,.5587118,0,0,0,0,0,0,0,0,0,.561537648426764,0,7.524357,10.71493,0,0,0,0,0,0,0,0,0,0,0,47110,78819,0,0,0,0,0,0,0,0,0,0,.133318,0,.1543562,0,0,0,0,0,0,0,0,0,0,17402,0,47656,0,0,0,0,0,0,0,0,0,0,0,0,0,"NO","NO"
"J0001+M0001+B0001+S0021",0,1792,15382,0,0,0,0,0,0,0,0,0,17174,0,10753,13166,0,0,0,0,0,0,0,0,0,23919,0,.1666512,1.168312,0,0,0,0,0,0,0,0,0,.718006605627326,0,4.000558,6.092706,0,0,0,0,0,0,0,0,0,5.8744031675789,0,7169,93718,0,0,0,0,0,0,0,0,0,100887,0,2,1.306549,0,0,0,0,0,0,0,0,0,1.35559239087537,0,896,11773,0,0,0,0,0,0,0,0,0,12669,0,0,0,"YES","YES"
"J0001+M0001+B0001+S0022",1053,2222,9918,0,0,0,0,0,0,0,0,0,13193,4462,10753,13166,0,0,0,0,0,0,0,0,0,28381,.2359928,.20664,.7533039,0,0,0,0,0,0,0,0,0,.464853246890525,6.390314,7.182718,7.8536,0,0,0,0,0,0,0,0,0,7.6238156598196,6729,15960,77892,0,0,0,0,0,0,0,0,0,100581,.2391008,.2142513,.2114261,0,0,0,0,0,0,0,0,0,.213876955499716,4404,10371,46910,0,0,0,0,0,0,0,0,0,61685,0,0,0,"YES","YES"
"J0001+M0001+B0001+S0023",0,0,2082,0,0,0,0,0,0,0,0,0,2082,0,0,13166,0,0,0,0,0,0,0,0,0,13166,0,0,.1581346,0,0,0,0,0,0,0,0,0,.158134589093119,0,0,19.29347,0,0,0,0,0,0,0,0,0,19.2934678194044,0,0,40169,0,0,0,0,0,0,0,0,0,40169,0,0,1.14774,0,0,0,0,0,0,0,0,0,1.14773980154355,0,0,1814,0,0,0,0,0,0,0,0,0,1814,0,0,0,"YES","YES"
"J0001+M0001+B0001+S0024",6247,1553,7409,0,0,0,0,0,0,0,0,0,15209,4462,10753,13166,0,0,0,0,0,0,0,0,0,28381,1.400045,.1444248,.5627373,0,0,0,0,0,0,0,0,0,.535886684753885,4.428526,5.444945,8.554461,0,0,0,0,0,0,0,0,0,6.54224472351897,27665,8456,63380,0,0,0,0,0,0,0,0,0,99501,.3500112,.23681,.1351046,0,0,0,0,0,0,0,0,0,.191923780680169,17848,6558,54839,0,0,0,0,0,0,0,0,0,79245,0,0,0,"YES","YES"
"J0001+M0001+B0001+S0025",0,239,7537,0,0,0,0,0,0,0,0,0,7776,0,10753,13166,0,0,0,0,0,0,0,0,0,23919,0,2.222636E-02,.5724593,0,0,0,0,0,0,0,0,0,.325097203060329,0,3,6.150856,0,0,0,0,0,0,0,0,0,6.05401234567901,0,717,46359,0,0,0,0,0,0,0,0,0,47076,0,.1333705,.2888404,0,0,0,0,0,0,0,0,0,.2788496019508,0,1792,26094,0,0,0,0,0,0,0,0,0,27886,0,0,0,"YES","YES"
"J0001+M0001+B0001+S0026",0,0,13,0,0,0,0,0,0,0,0,0,13,0,0,13166,0,0,0,0,0,0,0,0,0,13166,0,0,9.873918E-04,0,0,0,0,0,0,0,0,0,9.8739176667173E-04,0,0,20.69231,0,0,0,0,0,0,0,0,0,20.6923076923077,0,0,269,0,0,0,0,0,0,0,0,0,269,0,0,.1940299,0,0,0,0,0,0,0,0,0,.194029850746269,0,0,67,0,0,0,0,0,0,0,0,0,67,0,0,0,"YES","YES"
"J0001+M0001+B0001+S0029",89,0,0,0,0,0,0,0,0,0,0,0,89,4462,0,0,0,0,0,0,0,0,0,0,0,4462,1.994621E-02,0,0,0,0,0,0,0,0,0,0,0,1.99462124607799E-02,0,0,0,0,0,0,0,0,0,0,0,0,0,0,0,0,0,0,0,0,0,0,0,0,0,0,.5,0,0,0,0,0,0,0,0,0,0,0,.5,178,0,0,0,0,0,0,0,0,0,0,0,178,0,0,0,"YES","NO"
"J0001+M0001+B0001+S0030",0,884,470,0,0,0,0,0,0,0,0,0,1354,0,10753,13166,0,0,0,0,0,0,0,0,0,23919,0,8.220962E-02,3.569801E-02,0,0,0,0,0,0,0,0,0,5.66077177139513E-02,0,1.131222E-03,2.287234,0,0,0,0,0,0,0,0,0,.794682422451994,0,1,1075,0,0,0,0,0,0,0,0,0,1076,0,.4109716,.4662699,0,0,0,0,0,0,0,0,0,.428616650838873,0,2151,1008,0,0,0,0,0,0,0,0,0,3159,0,0,0,"YES","YES"
"J0001+M0001+B0001+S0032",357,0,34,0,0,0,0,0,0,0,0,0,391,4462,0,13166,0,0,0,0,0,0,0,0,0,17628,8.000896E-02,0,2.582409E-03,0,0,0,0,0,0,0,0,0,2.21806217381439E-02,0,0,9.882353,0,0,0,0,0,0,0,0,0,0,0,0,336,0,0,0,0,0,0,0,0,0,0,0,0,0,0,0,0,0,0,0,0,0,0,0,0,0,0,0,0,0,0,0,0,0,0,0,0,0,0,0,"NO","NO"
"J0001+M0001+B0001+S0034",0,358,0,0,0,0,0,0,0,0,0,0,358,0,10753,0,0,0,0,0,0,0,0,0,0,10753,0,3.329303E-02,0,0,0,0,0,0,0,0,0,0,3.32930345019994E-02,0,4.005587,0,0,0,0,0,0,0,0,0,0,4.00558659217877,0,1434,0,0,0,0,0,0,0,0,0,0,1434,0,.374477,0,0,0,0,0,0,0,0,0,0,.374476987447699,0,956,0,0,0,0,0,0,0,0,0,0,956,0,0,0,"YES","YES"
"J0001+M0001+B0001+S0036",3748,36919,205982,0,0,0,0,0,0,0,0,0,246649,4462,10753,13166,0,0,0,0,0,0,0,0,0,28381,.8399821,3.433367,15.64499,0,0,0,0,0,0,0,0,0,8.6906381029562,2,1.961158,1.885242,0,0,0,0,0,0,0,0,0,1.89834947638142,7496,72404,388326,0,0,0,0,0,0,0,0,0,468226,4.285584E-02,2.603674E-02,3.937094E-02,0,0,0,0,0,0,0,0,0,3.66097878033771E-02,87456,1417958,5231828,0,0,0,0,0,0,0,0,0,6737242,0,0,0,"YES","YES"
"J0001+M0001+B0001+S0037",0,215,47,0,0,0,0,0,0,0,0,0,262,0,10753,13166,0,0,0,0,0,0,0,0,0,23919,0,1.999442E-02,3.569801E-03,0,0,0,0,0,0,0,0,0,1.09536351854175E-02,0,25.0093,25.02128,0,0,0,0,0,0,0,0,0,25.0114503816794,0,5377,1176,0,0,0,0,0,0,0,0,0,6553,0,.3996283,.7014925,0,0,0,0,0,0,0,0,0,.433057851239669,0,538,67,0,0,0,0,0,0,0,0,0,605,0,0,0,"YES","YES"
"J0001+M0001+B0001+S0038",714,0,0,0,0,0,0,0,0,0,0,0,714,4462,0,0,0,0,0,0,0,0,0,0,0,4462,.1600179,0,0,0,0,0,0,0,0,0,0,0,.16001792917974,19.9986,0,0,0,0,0,0,0,0,0,0,0,19.9985994397759,14279,0,0,0,0,0,0,0,0,0,0,0,14279,2,0,0,0,0,0,0,0,0,0,0,0,2,357,0,0,0,0,0,0,0,0,0,0,0,357,0,0,0,"YES","YES"
"J0001+M0001+B0001+S0039",54,0,0,0,0,0,0,0,0,0,0,0,54,4462,0,0,0,0,0,0,0,0,0,0,0,4462,.0121022,0,0,0,0,0,0,0,0,0,0,0,1.21021963245182E-02,0,0,0,0,0,0,0,0,0,0,0,0,0,0,0,0,0,0,0,0,0,0,0,0,0,0,.1009346,0,0,0,0,0,0,0,0,0,0,0,.100934579439252,535,0,0,0,0,0,0,0,0,0,0,0,535,0,0,0,"YES","NO"
"J0001+M0001+B0001+S0040",4997,0,0,0,0,0,0,0,0,0,0,0,4997,4462,0,0,0,0,0,0,0,0,0,0,0,4462,1.119901,0,0,0,0,0,0,0,0,0,0,0,1.11990138951143,7.465079,0,0,0,0,0,0,0,0,0,0,0,7.46507904742846,37303,0,0,0,0,0,0,0,0,0,0,0,37303,.2571135,0,0,0,0,0,0,0,0,0,0,0,.257113455106766,19435,0,0,0,0,0,0,0,0,0,0,0,19435,0,0,0,"YES","YES"
"J0001+M0001+B0001+S0041",0,478,470,0,0,0,0,0,0,0,0,0,948,0,10753,13166,0,0,0,0,0,0,0,0,0,23919,0,4.445271E-02,3.569801E-02,0,0,0,0,0,0,0,0,0,3.96337639533425E-02,0,14.99791,12.00426,0,0,0,0,0,0,0,0,0,13.5137130801688,0,7169,5642,0,0,0,0,0,0,0,0,0,12811,0,0,.5,0,0,0,0,0,0,0,0,0,0,0,0,940,0,0,0,0,0,0,0,0,0,0,0,0,0,"NO","YES"
"J0001+M0001+B0001+S0042",0,956,134,0,0,0,0,0,0,0,0,0,1090,0,10753,13166,0,0,0,0,0,0,0,0,0,23919,0,8.890542E-02,1.017773E-02,0,0,0,0,0,0,0,0,0,4.55704669927673E-02,0,0,0,0,0,0,0,0,0,0,0,0,0,0,0,0,0,0,0,0,0,0,0,0,0,0,0,.1500314,.1329365,0,0,0,0,0,0,0,0,0,.14769647696477,0,6372,1008,0,0,0,0,0,0,0,0,0,7380,0,0,0,"YES","NO"
"J0001+M0001+B0001+S0043",0,3584,0,0,0,0,0,0,0,0,0,0,3584,0,10753,0,0,0,0,0,0,0,0,0,0,10753,0,.3333023,0,0,0,0,0,0,0,0,0,0,.333302334232307,0,1.500279,0,0,0,0,0,0,0,0,0,0,1.50027901785714,0,5377,0,0,0,0,0,0,0,0,0,0,5377,0,0,0,0,0,0,0,0,0,0,0,0,0,0,0,0,0,0,0,0,0,0,0,0,0,0,0,0,0,"NO","YES"
"J0001+M0001+B0001+S0044",0,191,27,0,0,0,0,0,0,0,0,0,218,0,10753,13166,0,0,0,0,0,0,0,0,0,23919,0,1.776248E-02,2.050737E-03,0,0,0,0,0,0,0,0,0,9.11409339855345E-03,0,30.02618,49.74074,0,0,0,0,0,0,0,0,0,32.4678899082569,0,5735,1343,0,0,0,0,0,0,0,0,0,7078,0,.3995816,.2014925,0,0,0,0,0,0,0,0,0,.356209150326797,0,478,134,0,0,0,0,0,0,0,0,0,612,0,0,0,"YES","YES"
"J0001+M0001+B0001+S0045",0,0,1411,0,0,0,0,0,0,0,0,0,1411,0,0,13166,0,0,0,0,0,0,0,0,0,13166,0,0,.10717,0,0,0,0,0,0,0,0,0,.107169983290293,0,0,24.85046,0,0,0,0,0,0,0,0,0,24.8504606661942,0,0,35064,0,0,0,0,0,0,0,0,0,35064,0,0,.8081329,0,0,0,0,0,0,0,0,0,.808132875143184,0,0,1746,0,0,0,0,0,0,0,0,0,1746,0,0,0,"YES","YES"
"J0001+M0001+B0001+S0046",0,0,202,0,0,0,0,0,0,0,0,0,202,0,0,13166,0,0,0,0,0,0,0,0,0,13166,0,0,1.534255E-02,0,0,0,0,0,0,0,0,0,1.53425489898223E-02,0,0,3.990099,0,0,0,0,0,0,0,0,0,3.99009900990099,0,0,806,0,0,0,0,0,0,0,0,0,806,0,0,3.014925,0,0,0,0,0,0,0,0,0,3.01492537313433,0,0,67,0,0,0,0,0,0,0,0,0,67,0,0,0,"YES","YES"
"J0001+M0001+B0001+S0047",0,0,131,0,0,0,0,0,0,0,0,0,131,0,0,13166,0,0,0,0,0,0,0,0,0,13166,0,0,9.949871E-03,0,0,0,0,0,0,0,0,0,9.9498708795382E-03,0,0,40.25191,0,0,0,0,0,0,0,0,0,40.2519083969466,0,0,5273,0,0,0,0,0,0,0,0,0,5273,0,0,.4661922,0,0,0,0,0,0,0,0,0,.466192170818505,0,0,281,0,0,0,0,0,0,0,0,0,281,0,0,0,"YES","YES"
"J0001+M0001+B0001+S0049",0,0,639,0,0,0,0,0,0,0,0,0,639,0,0,13166,0,0,0,0,0,0,0,0,0,13166,0,0,.0485341,0,0,0,0,0,0,0,0,0,4.85341029925566E-02,0,0,18.60563,0,0,0,0,0,0,0,0,0,18.6056338028169,0,0,11889,0,0,0,0,0,0,0,0,0,11889,0,0,2.375465,0,0,0,0,0,0,0,0,0,2.37546468401487,0,0,269,0,0,0,0,0,0,0,0,0,269,0,0,0,"YES","YES"
"J0001+M0001+B0001+S0050",0,0,2042,0,0,0,0,0,0,0,0,0,2042,0,0,13166,0,0,0,0,0,0,0,0,0,13166,0,0,.1550965,0,0,0,0,0,0,0,0,0,.155096460580283,0,0,5,0,0,0,0,0,0,0,0,0,5,0,0,10210,0,0,0,0,0,0,0,0,0,10210,0,0,.3333333,0,0,0,0,0,0,0,0,0,.333333333333333,0,0,6126,0,0,0,0,0,0,0,0,0,6126,0,0,0,"YES","YES"
"J0001+M0001+B0001+S0051",0,0,154159,0,0,0,0,0,0,0,0,0,154159,0,0,13166,0,0,0,0,0,0,0,0,0,13166,0,0,11.70887,0,0,0,0,0,0,0,0,0,11.7088713352575,0,0,.1459727,0,0,0,0,0,0,0,0,0,.145972664586563,0,0,22503,0,0,0,0,0,0,0,0,0,22503,0,0,11.95309,0,0,0,0,0,0,0,0,0,11.9530898658603,0,0,12897,0,0,0,0,0,0,0,0,0,12897,0,0,0,"YES","YES"
"J0001+M0001+B0001+S0052",0,0,20,0,0,0,0,0,0,0,0,0,20,0,0,13166,0,0,0,0,0,0,0,0,0,13166,0,0,1.519064E-03,0,0,0,0,0,0,0,0,0,1.51906425641805E-03,0,0,15.1,0,0,0,0,0,0,0,0,0,15.1,0,0,302,0,0,0,0,0,0,0,0,0,302,0,0,.2985075,0,0,0,0,0,0,0,0,0,.298507462686567,0,0,67,0,0,0,0,0,0,0,0,0,67,0,0,0,"YES","YES"
"J0001+M0001+B0001+S0053",0,0,34929,0,0,0,0,0,0,0,0,0,34929,0,0,13166,0,0,0,0,0,0,0,0,0,13166,0,0,2.65297,0,0,0,0,0,0,0,0,0,2.6529697706213,0,0,4.634659,0,0,0,0,0,0,0,0,0,4.63465887944115,0,0,161884,0,0,0,0,0,0,0,0,0,161884,0,0,17.33449,0,0,0,0,0,0,0,0,0,17.3344913151365,0,0,2015,0,0,0,0,0,0,0,0,0,2015,0,0,0,"YES","YES"
"J0001+M0001+B0001+S0054",0,0,369,0,0,0,0,0,0,0,0,0,369,0,0,13166,0,0,0,0,0,0,0,0,0,13166,0,0,2.802674E-02,0,0,0,0,0,0,0,0,0,.028026735530913,0,0,17.29268,0,0,0,0,0,0,0,0,0,17.2926829268293,0,0,6381,0,0,0,0,0,0,0,0,0,6381,0,0,.7484787,0,0,0,0,0,0,0,0,0,.748478701825558,0,0,493,0,0,0,0,0,0,0,0,0,493,0,0,0,"YES","YES"
"J0001+M0001+B0001+S0055",0,0,7223,0,0,0,0,0,0,0,0,0,7223,0,0,13166,0,0,0,0,0,0,0,0,0,13166,0,0,.54861,0,0,0,0,0,0,0,0,0,.548610056205378,0,0,12.47072,0,0,0,0,0,0,0,0,0,12.4707185380036,0,0,90076,0,0,0,0,0,0,0,0,0,90076,0,0,8.130804E-02,0,0,0,0,0,0,0,0,0,8.13080430010694E-02,0,0,88835,0,0,0,0,0,0,0,0,0,88835,0,0,0,"YES","YES"
"J0001+M0001+B0001+S0057",0,0,54,0,0,0,0,0,0,0,0,0,54,0,0,13166,0,0,0,0,0,0,0,0,0,13166,0,0,4.101473E-03,0,0,0,0,0,0,0,0,0,4.10147349232873E-03,0,0,1.981481,0,0,0,0,0,0,0,0,0,1.98148148148148,0,0,107,0,0,0,0,0,0,0,0,0,107,0,0,4.020849E-02,0,0,0,0,0,0,0,0,0,4.02084884586746E-02,0,0,1343,0,0,0,0,0,0,0,0,0,1343,0,0,0,"YES","YES"
"J0001+M0001+B0001+S0058",0,0,289,0,0,0,0,0,0,0,0,0,289,0,0,13166,0,0,0,0,0,0,0,0,0,13166,0,0,2.195048E-02,0,0,0,0,0,0,0,0,0,2.19504785052408E-02,0,0,12.79239,0,0,0,0,0,0,0,0,0,12.7923875432526,0,0,3697,0,0,0,0,0,0,0,0,0,3697,0,0,3.335257E-02,0,0,0,0,0,0,0,0,0,3.33525678015003E-02,0,0,8665,0,0,0,0,0,0,0,0,0,8665,0,0,0,"YES","YES"
"J0001+M0001+B0001+S0059",0,0,134,0,0,0,0,0,0,0,0,0,134,0,0,13166,0,0,0,0,0,0,0,0,0,13166,0,0,1.017773E-02,0,0,0,0,0,0,0,0,0,1.01777305180009E-02,0,0,4.007463,0,0,0,0,0,0,0,0,0,4.00746268656716,0,0,537,0,0,0,0,0,0,0,0,0,537,0,0,9.977662E-02,0,0,0,0,0,0,0,0,0,9.97766195085629E-02,0,0,1343,0,0,0,0,0,0,0,0,0,1343,0,0,0,"YES","YES"
"J0001+M0001+B0001+S0060",0,0,101,0,0,0,0,0,0,0,0,0,101,0,0,13166,0,0,0,0,0,0,0,0,0,13166,0,0,7.671275E-03,0,0,0,0,0,0,0,0,0,7.67127449491114E-03,0,0,24.40594,0,0,0,0,0,0,0,0,0,24.4059405940594,0,0,2465,0,0,0,0,0,0,0,0,0,2465,0,0,.8015873,0,0,0,0,0,0,0,0,0,.801587301587302,0,0,126,0,0,0,0,0,0,0,0,0,126,0,0,0,"YES","YES"
"J0001+M0001+B0001+S0062",0,0,26331,0,0,0,0,0,0,0,0,0,26331,0,0,13166,0,0,0,0,0,0,0,0,0,13166,0,0,1.999924,0,0,0,0,0,0,0,0,0,1.99992404678718,0,0,3.685618,0,0,0,0,0,0,0,0,0,3.68561771296191,0,0,97046,0,0,0,0,0,0,0,0,0,97046,0,0,.3308829,0,0,0,0,0,0,0,0,0,.330882907336198,0,0,79578,0,0,0,0,0,0,0,0,0,79578,0,0,0,"YES","YES"
"J0001+M0001+B0001+S0064",0,0,470,0,0,0,0,0,0,0,0,0,470,0,0,13166,0,0,0,0,0,0,0,0,0,13166,0,0,3.569801E-02,0,0,0,0,0,0,0,0,0,3.56980100258241E-02,0,0,10.00426,0,0,0,0,0,0,0,0,0,10.0042553191489,0,0,4702,0,0,0,0,0,0,0,0,0,4702,0,0,.2498671,0,0,0,0,0,0,0,0,0,.249867091972355,0,0,1881,0,0,0,0,0,0,0,0,0,1881,0,0,0,"YES","YES"
"J0001+M0001+B0001+S0066",0,0,107,0,0,0,0,0,0,0,0,0,107,0,0,13166,0,0,0,0,0,0,0,0,0,13166,0,0,8.126994E-03,0,0,0,0,0,0,0,0,0,8.12699377183655E-03,0,0,8.542056,0,0,0,0,0,0,0,0,0,8.54205607476636,0,0,914,0,0,0,0,0,0,0,0,0,914,0,0,0,0,0,0,0,0,0,0,0,0,0,0,0,0,0,0,0,0,0,0,0,0,0,0,0,0,0,"NO","YES"
"J0001+M0001+B0001+S0067",0,0,40,0,0,0,0,0,0,0,0,0,40,0,0,13166,0,0,0,0,0,0,0,0,0,13166,0,0,3.038129E-03,0,0,0,0,0,0,0,0,0,3.03812851283609E-03,0,0,70.525,0,0,0,0,0,0,0,0,0,70.525,0,0,2821,0,0,0,0,0,0,0,0,0,2821,0,0,.2985075,0,0,0,0,0,0,0,0,0,.298507462686567,0,0,134,0,0,0,0,0,0,0,0,0,134,0,0,0,"YES","YES"
"J0001+M0001+B0001+S0068",0,0,67,0,0,0,0,0,0,0,0,0,67,0,0,13166,0,0,0,0,0,0,0,0,0,13166,0,0,5.088865E-03,0,0,0,0,0,0,0,0,0,5.08886525900046E-03,0,0,3.507463,0,0,0,0,0,0,0,0,0,3.50746268656716,0,0,235,0,0,0,0,0,0,0,0,0,235,0,0,.5,0,0,0,0,0,0,0,0,0,.5,0,0,134,0,0,0,0,0,0,0,0,0,134,0,0,0,"YES","YES"
"J0001+M0001+B0001+S0069",0,0,181,0,0,0,0,0,0,0,0,0,181,0,0,13166,0,0,0,0,0,0,0,0,0,13166,0,0,1.374753E-02,0,0,0,0,0,0,0,0,0,1.37475315205833E-02,0,0,12.0221,0,0,0,0,0,0,0,0,0,12.0220994475138,0,0,2176,0,0,0,0,0,0,0,0,0,2176,0,0,0,0,0,0,0,0,0,0,0,0,0,0,0,0,0,0,0,0,0,0,0,0,0,0,0,0,0,"NO","YES"
"J0001+M0001+B0001+S0070",0,0,67,0,0,0,0,0,0,0,0,0,67,0,0,13166,0,0,0,0,0,0,0,0,0,13166,0,0,5.088865E-03,0,0,0,0,0,0,0,0,0,5.08886525900046E-03,0,0,13.02985,0,0,0,0,0,0,0,0,0,13.0298507462687,0,0,873,0,0,0,0,0,0,0,0,0,873,0,0,.1662531,0,0,0,0,0,0,0,0,0,.166253101736973,0,0,403,0,0,0,0,0,0,0,0,0,403,0,0,0,"YES","YES"
"J0001+M0001+B0001+S0071",0,0,16793,0,0,0,0,0,0,0,0,0,16793,0,0,13166,0,0,0,0,0,0,0,0,0,13166,0,0,1.275482,0,0,0,0,0,0,0,0,0,1.27548230290141,0,0,0,0,0,0,0,0,0,0,0,0,0,0,0,0,0,0,0,0,0,0,0,0,0,0,0,0,6.666693E-02,0,0,0,0,0,0,0,0,0,6.66669313282571E-02,0,0,251894,0,0,0,0,0,0,0,0,0,251894,0,0,0,"YES","NO"
"J0001+M0001+B0002+S0002",6255,2123,4491,0,0,0,0,0,0,0,0,0,12869,8757,5838,16466,0,0,0,0,0,0,0,0,0,31061,.7142857,.3636519,.2727438,0,0,0,0,0,0,0,0,0,.414313769679019,8.50008,5.999529,5.499666,0,0,0,0,0,0,0,0,0,7.04048488616054,53168,12737,24699,0,0,0,0,0,0,0,0,0,90604,0,7.692587E-02,.125007,0,0,0,0,0,0,0,0,0,0,0,27598,35926,0,0,0,0,0,0,0,0,0,0,0,0,0,"NO","YES"
"J0001+M0001+B0002+S0004",27835,2760,63619,0,0,0,0,0,0,0,0,0,94214,8757,5838,16466,0,0,0,0,0,0,0,0,0,31061,3.1786,.4727646,3.863658,0,0,0,0,0,0,0,0,0,3.03319274975049,6.887588,7.999275,10.84711,0,0,0,0,0,0,0,0,0,9.59386078502133,191716,22078,690082,0,0,0,0,0,0,0,0,0,903876,9.062584E-02,.1106478,.2142126,0,0,0,0,0,0,0,0,0,.149765688088562,307142,24944,296990,0,0,0,0,0,0,0,0,0,629076,0,0,0,"YES","YES"
"J0001+M0001+B0002+S0005",0,0,9580,0,0,0,0,0,0,0,0,0,9580,0,0,16466,0,0,0,0,0,0,0,0,0,16466,0,0,.5818049,0,0,0,0,0,0,0,0,0,.58180493137374,0,0,9.000313,0,0,0,0,0,0,0,0,0,9.00031315240084,0,0,86223,0,0,0,0,0,0,0,0,0,86223,0,0,.2499935,0,0,0,0,0,0,0,0,0,.249993476161896,0,0,38321,0,0,0,0,0,0,0,0,0,38321,0,0,0,"YES","YES"
"J0001+M0001+B0002+S0006",4378,7430,898,0,0,0,0,0,0,0,0,0,12706,8757,5838,16466,0,0,0,0,0,0,0,0,0,31061,.4999429,1.272696,5.453662E-02,0,0,0,0,0,0,0,0,0,.409066031357651,8.000914,10.54576,24.00445,0,0,0,0,0,0,0,0,0,10.620100739808,35028,78355,21556,0,0,0,0,0,0,0,0,0,134939,5.554921E-02,7.142651E-02,.5,0,0,0,0,0,0,0,0,0,6.88179730490922E-02,78813,104023,1796,0,0,0,0,0,0,0,0,0,184632,0,0,0,"YES","YES"
"J0001+M0001+B0002+S0008",0,0,2006,0,0,0,0,0,0,0,0,0,2006,0,0,16466,0,0,0,0,0,0,0,0,0,16466,0,0,.1218268,0,0,0,0,0,0,0,0,0,.121826794607069,0,0,44.1017,0,0,0,0,0,0,0,0,0,44.1016949152542,0,0,88468,0,0,0,0,0,0,0,0,0,88468,0,0,3.661453E-02,0,0,0,0,0,0,0,0,0,3.66145253436034E-02,0,0,54787,0,0,0,0,0,0,0,0,0,54787,0,0,0,"YES","YES"
"J0001+M0001+B0002+S0009",0,0,299,0,0,0,0,0,0,0,0,0,299,0,0,16466,0,0,0,0,0,0,0,0,0,16466,0,0,1.815863E-02,0,0,0,0,0,0,0,0,0,1.81586299040447E-02,0,0,25.03345,0,0,0,0,0,0,0,0,0,25.0334448160535,0,0,7485,0,0,0,0,0,0,0,0,0,7485,0,0,.4991653,0,0,0,0,0,0,0,0,0,.499165275459099,0,0,599,0,0,0,0,0,0,0,0,0,599,0,0,0,"YES","YES"
"J0001+M0001+B0002+S0011",28460,20698,50267,0,0,0,0,0,0,0,0,0,99425,8757,5838,16466,0,0,0,0,0,0,0,0,0,31061,3.249971,3.545392,3.052775,0,0,0,0,0,0,0,0,0,3.20095940246612,3.685418,5.000097,3.477132,0,0,0,0,0,0,0,0,0,3.85379934624089,104887,103492,174785,0,0,0,0,0,0,0,0,0,383164,.5573726,1.393711,1.217944,0,0,0,0,0,0,0,0,0,.927610464248395,51061,14851,41272,0,0,0,0,0,0,0,0,0,107184,0,0,0,"YES","YES"
"J0001+M0001+B0002+S0013",0,0,3742,0,0,0,0,0,0,0,0,0,3742,0,0,16466,0,0,0,0,0,0,0,0,0,16466,0,0,.2272562,0,0,0,0,0,0,0,0,0,.227256164217175,0,0,35.80305,0,0,0,0,0,0,0,0,0,35.8030464991983,0,0,133975,0,0,0,0,0,0,0,0,0,133975,0,0,.7812108,0,0,0,0,0,0,0,0,0,.781210855949896,0,0,4790,0,0,0,0,0,0,0,0,0,4790,0,0,0,"YES","YES"
"J0001+M0001+B0002+S0014",0,0,6437,0,0,0,0,0,0,0,0,0,6437,0,0,16466,0,0,0,0,0,0,0,0,0,16466,0,0,.3909267,0,0,0,0,0,0,0,0,0,.390926758168347,0,0,6.499767,0,0,0,0,0,0,0,0,0,6.49976697219202,0,0,41839,0,0,0,0,0,0,0,0,0,41839,0,0,1.433311,0,0,0,0,0,0,0,0,0,1.4333110665776,0,0,4491,0,0,0,0,0,0,0,0,0,4491,0,0,0,"YES","YES"
"J0001+M0001+B0002+S0015",0,0,1198,0,0,0,0,0,0,0,0,0,1198,0,0,16466,0,0,0,0,0,0,0,0,0,16466,0,0,7.275598E-02,0,0,0,0,0,0,0,0,0,7.27559820235637E-02,0,0,22.99082,0,0,0,0,0,0,0,0,0,22.9908180300501,0,0,27543,0,0,0,0,0,0,0,0,0,27543,0,0,1,0,0,0,0,0,0,0,0,0,1,0,0,1198,0,0,0,0,0,0,0,0,0,1198,0,0,0,"YES","YES"
"J0001+M0001+B0002+S0017",1251,0,0,0,0,0,0,0,0,0,0,0,1251,8757,0,0,0,0,0,0,0,0,0,0,0,8757,.1428571,0,0,0,0,0,0,0,0,0,0,0,.142857142857143,6,0,0,0,0,0,0,0,0,0,0,0,6,7506,0,0,0,0,0,0,0,0,0,0,0,7506,.1,0,0,0,0,0,0,0,0,0,0,0,.1,12510,0,0,0,0,0,0,0,0,0,0,0,12510,0,0,0,"YES","YES"
"J0001+M0001+B0002+S0019",12510,10615,1766,0,0,0,0,0,0,0,0,0,24891,8757,5838,16466,0,0,0,0,0,0,0,0,0,31061,1.428571,1.81826,.1072513,0,0,0,0,0,0,0,0,0,.801358616915103,15,14.99934,0,0,0,0,0,0,0,0,0,0,0,187650,159218,0,0,0,0,0,0,0,0,0,0,0,19.98403,19.99058,0,0,0,0,0,0,0,0,0,0,0,626,531,0,0,0,0,0,0,0,0,0,0,0,0,0,0,"NO","NO"
"J0001+M0001+B0002+S0021",0,0,3144,0,0,0,0,0,0,0,0,0,3144,0,0,16466,0,0,0,0,0,0,0,0,0,16466,0,0,.1909389,0,0,0,0,0,0,0,0,0,.190938904409085,0,0,5.499046,0,0,0,0,0,0,0,0,0,5.49904580152672,0,0,17289,0,0,0,0,0,0,0,0,0,17289,0,0,2.624374,0,0,0,0,0,0,0,0,0,2.62437395659432,0,0,1198,0,0,0,0,0,0,0,0,0,1198,0,0,0,"YES","YES"
"J0001+M0001+B0002+S0022",9382,7961,5389,0,0,0,0,0,0,0,0,0,22732,8757,5838,16466,0,0,0,0,0,0,0,0,0,31061,1.071371,1.363652,.3272805,0,0,0,0,0,0,0,0,0,.731850230192202,6.50032,6.499937,6.222119,0,0,0,0,0,0,0,0,0,6.43423367939469,60986,51746,33531,0,0,0,0,0,0,0,0,0,146263,.1999915,.2,.225001,0,0,0,0,0,0,0,0,0,.205407163769111,46912,39805,23951,0,0,0,0,0,0,0,0,0,110668,0,0,0,"YES","YES"
"J0001+M0001+B0002+S0023",36279,0,0,0,0,0,0,0,0,0,0,0,36279,8757,0,0,0,0,0,0,0,0,0,0,0,8757,4.142857,0,0,0,0,0,0,0,0,0,0,0,4.14285714285714,7,0,0,0,0,0,0,0,0,0,0,0,7,253953,0,0,0,0,0,0,0,0,0,0,0,253953,57.95367,0,0,0,0,0,0,0,0,0,0,0,57.9536741214058,626,0,0,0,0,0,0,0,0,0,0,0,626,0,0,0,"YES","YES"
"J0001+M0001+B0002+S0025",0,0,2844,0,0,0,0,0,0,0,0,0,2844,0,0,16466,0,0,0,0,0,0,0,0,0,16466,0,0,.1727195,0,0,0,0,0,0,0,0,0,.172719543301348,0,0,6.895218,0,0,0,0,0,0,0,0,0,6.89521800281294,0,0,19610,0,0,0,0,0,0,0,0,0,19610,0,0,.1862597,0,0,0,0,0,0,0,0,0,.186259741960836,0,0,15269,0,0,0,0,0,0,0,0,0,15269,0,0,0,"YES","YES"
"J0001+M0001+B0002+S0028",1251,0,0,0,0,0,0,0,0,0,0,0,1251,8757,0,0,0,0,0,0,0,0,0,0,0,8757,.1428571,0,0,0,0,0,0,0,0,0,0,0,.142857142857143,7.993605E-04,0,0,0,0,0,0,0,0,0,0,0,7.99360511590727E-04,1,0,0,0,0,0,0,0,0,0,0,0,1,.1333404,0,0,0,0,0,0,0,0,0,0,0,.133340439138776,9382,0,0,0,0,0,0,0,0,0,0,0,9382,0,0,0,"YES","YES"
"J0001+M0001+B0002+S0030",0,0,5389,0,0,0,0,0,0,0,0,0,5389,0,0,16466,0,0,0,0,0,0,0,0,0,16466,0,0,.3272805,0,0,0,0,0,0,0,0,0,.327280456698652,0,0,3.499907,0,0,0,0,0,0,0,0,0,3.49990721840787,0,0,18861,0,0,0,0,0,0,0,0,0,18861,0,0,.5,0,0,0,0,0,0,0,0,0,.5,0,0,10778,0,0,0,0,0,0,0,0,0,10778,0,0,0,"YES","YES"
"J0001+M0001+B0002+S0033",0,0,1198,0,0,0,0,0,0,0,0,0,1198,0,0,16466,0,0,0,0,0,0,0,0,0,16466,0,0,7.275598E-02,0,0,0,0,0,0,0,0,0,7.27559820235637E-02,0,0,1.999165,0,0,0,0,0,0,0,0,0,1.9991652754591,0,0,2395,0,0,0,0,0,0,0,0,0,2395,0,0,.5715649,0,0,0,0,0,0,0,0,0,.571564885496183,0,0,2096,0,0,0,0,0,0,0,0,0,2096,0,0,0,"YES","YES"
"J0001+M0001+B0002+S0038",1876,0,0,0,0,0,0,0,0,0,0,0,1876,8757,0,0,0,0,0,0,0,0,0,0,0,8757,.2142286,0,0,0,0,0,0,0,0,0,0,0,.214228617106315,16.00426,0,0,0,0,0,0,0,0,0,0,0,16.0042643923241,30024,0,0,0,0,0,0,0,0,0,0,0,30024,0,0,0,0,0,0,0,0,0,0,0,0,0,0,0,0,0,0,0,0,0,0,0,0,0,0,0,0,0,"NO","YES"
"J0001+M0001+B0002+S0045",0,0,5688,0,0,0,0,0,0,0,0,0,5688,0,0,16466,0,0,0,0,0,0,0,0,0,16466,0,0,.3454391,0,0,0,0,0,0,0,0,0,.345439086602696,0,0,11.73752,0,0,0,0,0,0,0,0,0,11.737517580872,0,0,66763,0,0,0,0,0,0,0,0,0,66763,0,0,.7599198,0,0,0,0,0,0,0,0,0,.759919839679359,0,0,7485,0,0,0,0,0,0,0,0,0,7485,0,0,0,"YES","YES"
"J0001+M0001+B0002+S0048",0,0,748,0,0,0,0,0,0,0,0,0,748,0,0,16466,0,0,0,0,0,0,0,0,0,16466,0,0,4.542694E-02,0,0,0,0,0,0,0,0,0,.045426940361958,0,0,12.00802,0,0,0,0,0,0,0,0,0,12.0080213903743,0,0,8982,0,0,0,0,0,0,0,0,0,8982,0,0,.8329622,0,0,0,0,0,0,0,0,0,.832962138084632,0,0,898,0,0,0,0,0,0,0,0,0,898,0,0,0,"YES","YES"
"J0001+M0001+B0002+S0051",0,0,15269,0,0,0,0,0,0,0,0,0,15269,0,0,16466,0,0,0,0,0,0,0,0,0,16466,0,0,.9273047,0,0,0,0,0,0,0,0,0,.927304749180129,0,0,1.29406,0,0,0,0,0,0,0,0,0,1.29405985984675,0,0,19759,0,0,0,0,0,0,0,0,0,19759,0,0,17.00334,0,0,0,0,0,0,0,0,0,17.0033407572383,0,0,898,0,0,0,0,0,0,0,0,0,898,0,0,0,"YES","YES"
"J0001+M0001+B0002+S0053",0,0,8982,0,0,0,0,0,0,0,0,0,8982,0,0,16466,0,0,0,0,0,0,0,0,0,16466,0,0,.5454876,0,0,0,0,0,0,0,0,0,.54548767156565,0,0,6.599644,0,0,0,0,0,0,0,0,0,6.59964373190826,0,0,59278,0,0,0,0,0,0,0,0,0,59278,0,0,10.00223,0,0,0,0,0,0,0,0,0,10.0022271714922,0,0,898,0,0,0,0,0,0,0,0,0,898,0,0,0,"YES","YES"
"J0001+M0001+B0002+S0054",0,0,898,0,0,0,0,0,0,0,0,0,898,0,0,16466,0,0,0,0,0,0,0,0,0,16466,0,0,5.453662E-02,0,0,0,0,0,0,0,0,0,5.45366209158266E-02,0,0,43.00779,0,0,0,0,0,0,0,0,0,43.0077951002227,0,0,38621,0,0,0,0,0,0,0,0,0,38621,0,0,3.003345,0,0,0,0,0,0,0,0,0,3.00334448160535,0,0,299,0,0,0,0,0,0,0,0,0,299,0,0,0,"YES","YES"
"J0001+M0001+B0002+S0055",0,0,13772,0,0,0,0,0,0,0,0,0,13772,0,0,16466,0,0,0,0,0,0,0,0,0,16466,0,0,.8363901,0,0,0,0,0,0,0,0,0,.83639013725252,0,0,24.68421,0,0,0,0,0,0,0,0,0,24.6842143479524,0,0,339951,0,0,0,0,0,0,0,0,0,339951,0,0,.2266063,0,0,0,0,0,0,0,0,0,.226606334841629,0,0,60775,0,0,0,0,0,0,0,0,0,60775,0,0,0,"YES","YES"
"J0001+M0001+B0002+S0060",0,0,5688,0,0,0,0,0,0,0,0,0,5688,0,0,16466,0,0,0,0,0,0,0,0,0,16466,0,0,.3454391,0,0,0,0,0,0,0,0,0,.345439086602696,0,0,19.36955,0,0,0,0,0,0,0,0,0,19.3695499296765,0,0,110174,0,0,0,0,0,0,0,0,0,110174,0,0,4.747913,0,0,0,0,0,0,0,0,0,4.74791318864775,0,0,1198,0,0,0,0,0,0,0,0,0,1198,0,0,0,"YES","YES"
"J0001+M0001+B0002+S0061",0,0,13622,0,0,0,0,0,0,0,0,0,13622,0,0,16466,0,0,0,0,0,0,0,0,0,16466,0,0,.8272805,0,0,0,0,0,0,0,0,0,.827280456698652,0,0,9.076935,0,0,0,0,0,0,0,0,0,9.07693437087065,0,0,123646,0,0,0,0,0,0,0,0,0,123646,0,0,.3513542,0,0,0,0,0,0,0,0,0,.351354139798814,0,0,38770,0,0,0,0,0,0,0,0,0,38770,0,0,0,"YES","YES"
"J0001+M0001+B0002+S0062",0,0,1946,0,0,0,0,0,0,0,0,0,1946,0,0,16466,0,0,0,0,0,0,0,0,0,16466,0,0,.1181829,0,0,0,0,0,0,0,0,0,.118182922385522,0,0,4,0,0,0,0,0,0,0,0,0,4,0,0,7784,0,0,0,0,0,0,0,0,0,7784,0,0,1.299933,0,0,0,0,0,0,0,0,0,1.2999331997328,0,0,1497,0,0,0,0,0,0,0,0,0,1497,0,0,0,"YES","YES"
"J0001+M0001+B0002+S0063",0,0,20957,0,0,0,0,0,0,0,0,0,20957,0,0,16466,0,0,0,0,0,0,0,0,0,16466,0,0,1.272744,0,0,0,0,0,0,0,0,0,1.27274383578283,0,0,11.99995,0,0,0,0,0,0,0,0,0,11.9999522832466,0,0,251483,0,0,0,0,0,0,0,0,0,251483,0,0,70.0903,0,0,0,0,0,0,0,0,0,70.0903010033445,0,0,299,0,0,0,0,0,0,0,0,0,299,0,0,0,"YES","YES"
"J0001+M0001+B0002+S0065",0,0,11975,0,0,0,0,0,0,0,0,0,11975,0,0,16466,0,0,0,0,0,0,0,0,0,16466,0,0,.7272562,0,0,0,0,0,0,0,0,0,.727256164217175,0,0,.2500209,0,0,0,0,0,0,0,0,0,.250020876826722,0,0,2994,0,0,0,0,0,0,0,0,0,2994,0,0,1,0,0,0,0,0,0,0,0,0,1,0,0,11975,0,0,0,0,0,0,0,0,0,11975,0,0,0,"YES","YES"
"J0001+M0001+B0003+S0002",0,0,5636,0,0,0,0,0,0,0,0,0,5636,0,0,10332,0,0,0,0,0,0,0,0,0,10332,0,0,.5454897,0,0,0,0,0,0,0,0,0,.545489740611692,0,0,5.999645,0,0,0,0,0,0,0,0,0,5.99964513839603,0,0,33814,0,0,0,0,0,0,0,0,0,33814,0,0,.142868,0,0,0,0,0,0,0,0,0,.142868006793582,0,0,39449,0,0,0,0,0,0,0,0,0,39449,0,0,0,"YES","YES"
"J0001+M0001+B0003+S0004",0,0,2630,0,0,0,0,0,0,0,0,0,2630,0,0,10332,0,0,0,0,0,0,0,0,0,10332,0,0,.254549,0,0,0,0,0,0,0,0,0,.254548974061169,0,0,13.92852,0,0,0,0,0,0,0,0,0,13.9285171102662,0,0,36632,0,0,0,0,0,0,0,0,0,36632,0,0,.4,0,0,0,0,0,0,0,0,0,.4,0,0,6575,0,0,0,0,0,0,0,0,0,6575,0,0,0,"YES","YES"
"J0001+M0001+B0003+S0013",0,0,4696,0,0,0,0,0,0,0,0,0,4696,0,0,10332,0,0,0,0,0,0,0,0,0,10332,0,0,.4545103,0,0,0,0,0,0,0,0,0,.454510259388308,0,0,33.00256,0,0,0,0,0,0,0,0,0,33.0025553662692,0,0,154980,0,0,0,0,0,0,0,0,0,154980,0,0,.4999468,0,0,0,0,0,0,0,0,0,.499946768870435,0,0,9393,0,0,0,0,0,0,0,0,0,9393,0,0,0,"YES","YES"
"J0001+M0001+B0003+S0020",0,0,4227,0,0,0,0,0,0,0,0,0,4227,0,0,10332,0,0,0,0,0,0,0,0,0,10332,0,0,.4091173,0,0,0,0,0,0,0,0,0,.409117305458769,0,0,10.99929,0,0,0,0,0,0,0,0,0,10.9992902767921,0,0,46494,0,0,0,0,0,0,0,0,0,46494,0,0,.2000095,0,0,0,0,0,0,0,0,0,.200009463423867,0,0,21134,0,0,0,0,0,0,0,0,0,21134,0,0,0,"YES","YES"
"J0001+M0001+B0003+S0021",0,0,25360,0,0,0,0,0,0,0,0,0,25360,0,0,10332,0,0,0,0,0,0,0,0,0,10332,0,0,2.45451,0,0,0,0,0,0,0,0,0,2.45451025938831,0,0,6.000079,0,0,0,0,0,0,0,0,0,6.00007886435331,0,0,152162,0,0,0,0,0,0,0,0,0,152162,0,0,1.588176,0,0,0,0,0,0,0,0,0,1.58817635270541,0,0,15968,0,0,0,0,0,0,0,0,0,15968,0,0,0,"YES","YES"
"J0001+M0001+B0003+S0047",0,0,2066,0,0,0,0,0,0,0,0,0,2066,0,0,10332,0,0,0,0,0,0,0,0,0,10332,0,0,.1999613,0,0,0,0,0,0,0,0,0,.199961285327139,0,0,35.27977,0,0,0,0,0,0,0,0,0,35.2797676669894,0,0,72888,0,0,0,0,0,0,0,0,0,72888,0,0,.5499068,0,0,0,0,0,0,0,0,0,.54990684056428,0,0,3757,0,0,0,0,0,0,0,0,0,3757,0,0,0,"YES","YES"
"J0001+M0001+B0003+S0054",0,0,9956,0,0,0,0,0,0,0,0,0,9956,0,0,10332,0,0,0,0,0,0,0,0,0,10332,0,0,.9636082,0,0,0,0,0,0,0,0,0,.963608207510647,0,0,34.36892,0,0,0,0,0,0,0,0,0,34.3689232623544,0,0,342177,0,0,0,0,0,0,0,0,0,342177,0,0,.5578841,0,0,0,0,0,0,0,0,0,.557884119690687,0,0,17846,0,0,0,0,0,0,0,0,0,17846,0,0,0,"YES","YES"
"J0001+M0001+B0003+S0055",0,0,6105,0,0,0,0,0,0,0,0,0,6105,0,0,10332,0,0,0,0,0,0,0,0,0,10332,0,0,.5908827,0,0,0,0,0,0,0,0,0,.590882694541231,0,0,17.00082,0,0,0,0,0,0,0,0,0,17.000819000819,0,0,103790,0,0,0,0,0,0,0,0,0,103790,0,0,.1249949,0,0,0,0,0,0,0,0,0,.124994881454486,0,0,48842,0,0,0,0,0,0,0,0,0,48842,0,0,0,"YES","YES"
"J0001+M0001+B0003+S0062",0,0,2348,0,0,0,0,0,0,0,0,0,2348,0,0,10332,0,0,0,0,0,0,0,0,0,10332,0,0,.2272551,0,0,0,0,0,0,0,0,0,.227255129694154,0,0,7.000426,0,0,0,0,0,0,0,0,0,7.00042589437819,0,0,16437,0,0,0,0,0,0,0,0,0,16437,0,0,.333286,0,0,0,0,0,0,0,0,0,.333286018452803,0,0,7045,0,0,0,0,0,0,0,0,0,7045,0,0,0,"YES","YES"
