"J0002+M0003+B0001+S0001",0,0,0,0,5034,0,0,0,0,0,0,0,5034,0,0,0,0,13425,0,0,0,0,0,0,0,13425,0,0,0,0,.3749721,0,0,0,0,0,0,0,.374972067039106,0,0,0,0,.7500993,0,0,0,0,0,0,0,.750099324592769,0,0,0,0,3776,0,0,0,0,0,0,0,3776,0,0,0,0,.7498883,0,0,0,0,0,0,0,.749888276478475,0,0,0,0,6713,0,0,0,0,0,0,0,6713,0,0,0,"YES","YES"
"J0002+M0003+B0001+S0002",0,0,0,0,17620,0,0,0,0,0,0,0,17620,0,0,0,0,13425,0,0,0,0,0,0,0,13425,0,0,0,0,1.312477,0,0,0,0,0,0,0,1.31247672253259,0,0,0,0,.75,0,0,0,0,0,0,0,.75,0,0,0,0,13215,0,0,0,0,0,0,0,13215,0,0,0,0,1.499957,0,0,0,0,0,0,0,1.49995743594109,0,0,0,0,11747,0,0,0,0,0,0,0,11747,0,0,0,"YES","YES"
"J0002+M0003+B0001+S0005",3249,0,0,0,18795,0,0,0,0,0,0,0,22044,11814,0,0,0,13425,0,0,0,0,0,0,0,25239,.2750127,0,0,0,1.4,0,0,0,0,0,0,0,.873410198502318,.8501077,0,0,0,.7499867,0,0,0,0,0,0,0,.764743240791145,2762,0,0,0,14096,0,0,0,0,0,0,0,16858,.5500254,0,0,0,.8615236,0,0,0,0,0,0,0,.79515203982253,5907,0,0,0,21816,0,0,0,0,0,0,0,27723,0,0,0,"YES","YES"
"J0002+M0003+B0001+S0006",4430,0,0,0,15607,0,0,0,0,0,0,0,20037,11814,0,0,0,13425,0,0,0,0,0,0,0,25239,.3749788,0,0,0,1.162533,0,0,0,0,0,0,0,.793890407702365,.8501129,0,0,0,.749984,0,0,0,0,0,0,0,.772121575086091,3766,0,0,0,11705,0,0,0,0,0,0,0,15471,.7499577,0,0,0,.8454954,0,0,0,0,0,0,0,.822334400393992,5907,0,0,0,18459,0,0,0,0,0,0,0,24366,0,0,0,"YES","YES"
"J0002+M0003+B0001+S0007",21856,0,0,0,19298,0,0,0,0,0,0,0,41154,11814,0,0,0,13425,0,0,0,0,0,0,0,25239,1.850008,0,0,0,1.437467,0,0,0,0,0,0,0,1.63057173422085,.8500183,0,0,0,.7500259,0,0,0,0,0,0,0,.803129707926326,18578,0,0,0,14474,0,0,0,0,0,0,0,33052,.7400034,0,0,0,.9582878,0,0,0,0,0,0,0,.828498379401284,29535,0,0,0,20138,0,0,0,0,0,0,0,49673,0,0,0,"YES","YES"
"J0002+M0003+B0001+S0008",0,0,0,0,5034,0,0,0,0,0,0,0,5034,0,0,0,0,13425,0,0,0,0,0,0,0,13425,0,0,0,0,.3749721,0,0,0,0,0,0,0,.374972067039106,0,0,0,0,.7500993,0,0,0,0,0,0,0,.750099324592769,0,0,0,0,3776,0,0,0,0,0,0,0,3776,0,0,0,0,.7498883,0,0,0,0,0,0,0,.749888276478475,0,0,0,0,6713,0,0,0,0,0,0,0,6713,0,0,0,"YES","YES"
"J0002+M0003+B0001+S0009",12109,0,0,0,2517,0,0,0,0,0,0,0,14626,11814,0,0,0,13425,0,0,0,0,0,0,0,25239,1.02497,0,0,0,.187486,0,0,0,0,0,0,0,.579499980189389,.8500289,0,0,0,.7500993,0,0,0,0,0,0,0,.832831943115001,10293,0,0,0,1888,0,0,0,0,0,0,0,12181,.1576878,0,0,0,.3749442,0,0,0,0,0,0,0,.175153286070128,76791,0,0,0,6713,0,0,0,0,0,0,0,83504,0,0,0,"YES","YES"
"J0002+M0003+B0001+S0011",591,0,0,0,21312,0,0,0,0,0,0,0,21903,11814,0,0,0,13425,0,0,0,0,0,0,0,25239,5.002539E-02,0,0,0,1.587486,0,0,0,0,0,0,0,.867823606323547,0,0,0,0,.75,0,0,0,0,0,0,0,0,0,0,0,0,15984,0,0,0,0,0,0,0,0,.2001355,0,0,0,.384846,0,0,0,0,0,0,0,.375495019800792,2953,0,0,0,55378,0,0,0,0,0,0,0,58331,0,0,0,"YES","NO"
"J0002+M0003+B0001+S0014",0,0,0,0,2517,0,0,0,0,0,0,0,2517,0,0,0,0,13425,0,0,0,0,0,0,0,13425,0,0,0,0,.187486,0,0,0,0,0,0,0,.187486033519553,0,0,0,0,.7500993,0,0,0,0,0,0,0,.750099324592769,0,0,0,0,1888,0,0,0,0,0,0,0,1888,0,0,0,0,.2999642,0,0,0,0,0,0,0,.299964247407937,0,0,0,0,8391,0,0,0,0,0,0,0,8391,0,0,0,"YES","YES"
"J0002+M0003+B0001+S0015",5021,0,0,0,0,0,0,0,0,0,0,0,5021,11814,0,0,0,0,0,0,0,0,0,0,0,11814,.4250042,0,0,0,0,0,0,0,0,0,0,0,.425004232266802,.4499104,0,0,0,0,0,0,0,0,0,0,0,.44991037641904,2259,0,0,0,0,0,0,0,0,0,0,0,2259,.8500085,0,0,0,0,0,0,0,0,0,0,0,.850008464533604,5907,0,0,0,0,0,0,0,0,0,0,0,5907,0,0,0,"YES","YES"
"J0002+M0003+B0001+S0016",3249,0,0,0,3188,0,0,0,0,0,0,0,6437,11814,0,0,0,13425,0,0,0,0,0,0,0,25239,.2750127,0,0,0,.2374674,0,0,0,0,0,0,0,.255041800388288,.8501077,0,0,0,.75,0,0,0,0,0,0,0,.800528196364766,2762,0,0,0,2391,0,0,0,0,0,0,0,5153,.3667043,0,0,0,.4748994,0,0,0,0,0,0,0,.413343607525846,8860,0,0,0,6713,0,0,0,0,0,0,0,15573,0,0,0,"YES","YES"
"J0002+M0003+B0001+S0018",9156,0,0,0,5370,0,0,0,0,0,0,0,14526,11814,0,0,0,13425,0,0,0,0,0,0,0,25239,.7750127,0,0,0,.4,0,0,0,0,0,0,0,.575537858076786,.8499345,0,0,0,.3,0,0,0,0,0,0,0,.646633622470054,7782,0,0,0,1611,0,0,0,0,0,0,0,9393,.3444566,0,0,0,.2461496,0,0,0,0,0,0,0,.300142570820505,26581,0,0,0,21816,0,0,0,0,0,0,0,48397,0,0,0,"YES","YES"
"J0002+M0003+B0001+S0019",13291,0,0,0,1678,0,0,0,0,0,0,0,14969,11814,0,0,0,13425,0,0,0,0,0,0,0,25239,1.125021,0,0,0,.1249907,0,0,0,0,0,0,0,.59309005903562,.8499737,0,0,0,0,0,0,0,0,0,0,0,0,11297,0,0,0,0,0,0,0,0,0,0,0,0,1.500113,0,0,0,1,0,0,0,0,0,0,0,1.42047826912128,8860,0,0,0,1678,0,0,0,0,0,0,0,10538,0,0,0,"YES","NO"
"J0002+M0003+B0001+S0020",4135,0,0,0,0,0,0,0,0,0,0,0,4135,11814,0,0,0,0,0,0,0,0,0,0,0,11814,.3500085,0,0,0,0,0,0,0,0,0,0,0,.350008464533604,.8500605,0,0,0,0,0,0,0,0,0,0,0,.85006045949214,3515,0,0,0,0,0,0,0,0,0,0,0,3515,1.400271,0,0,0,0,0,0,0,0,0,0,0,1.40027091093803,2953,0,0,0,0,0,0,0,0,0,0,0,2953,0,0,0,"YES","YES"
"J0002+M0003+B0002+S0004",925,0,0,0,0,0,0,0,0,0,0,0,925,9864,0,0,0,0,0,0,0,0,0,0,0,9864,9.377535E-02,0,0,0,0,0,0,0,0,0,0,0,9.37753446877534E-02,.2994595,0,0,0,0,0,0,0,0,0,0,0,.299459459459459,277,0,0,0,0,0,0,0,0,0,0,0,277,.5002704,0,0,0,0,0,0,0,0,0,0,0,.50027041644132,1849,0,0,0,0,0,0,0,0,0,0,0,1849,0,0,0,"YES","YES"
"J0002+M0003+B0002+S0007",1480,0,0,0,0,0,0,0,0,0,0,0,1480,9864,0,0,0,0,0,0,0,0,0,0,0,9864,.1500406,0,0,0,0,0,0,0,0,0,0,0,.150040551500406,.8452703,0,0,0,0,0,0,0,0,0,0,0,.84527027027027,1251,0,0,0,0,0,0,0,0,0,0,0,1251,.1263553,0,0,0,0,0,0,0,0,0,0,0,.126355331682746,11713,0,0,0,0,0,0,0,0,0,0,0,11713,0,0,0,"YES","YES"
"J0002+M0003+B0002+S0008",14056,0,0,0,0,0,0,0,0,0,0,0,14056,9864,0,0,0,0,0,0,0,0,0,0,0,9864,1.42498,0,0,0,0,0,0,0,0,0,0,0,1.4249797242498,.5926295,0,0,0,0,0,0,0,0,0,0,0,.592629482071713,8330,0,0,0,0,0,0,0,0,0,0,0,8330,.2533297,0,0,0,0,0,0,0,0,0,0,0,.25332972875552,55485,0,0,0,0,0,0,0,0,0,0,0,55485,0,0,0,"YES","YES"
"J0002+M0003+B0002+S0009",24660,0,0,0,0,0,0,0,0,0,0,0,24660,9864,0,0,0,0,0,0,0,0,0,0,0,9864,2.5,0,0,0,0,0,0,0,0,0,0,0,2.5,.85,0,0,0,0,0,0,0,0,0,0,0,.85,20961,0,0,0,0,0,0,0,0,0,0,0,20961,.1139598,0,0,0,0,0,0,0,0,0,0,0,.113959850641429,216392,0,0,0,0,0,0,0,0,0,0,0,216392,0,0,0,"YES","YES"
"J0002+M0003+B0002+S0011",5117,0,0,0,0,0,0,0,0,0,0,0,5117,9864,0,0,0,0,0,0,0,0,0,0,0,9864,.5187551,0,0,0,0,0,0,0,0,0,0,0,.518755068937551,.8288059,0,0,0,0,0,0,0,0,0,0,0,.828805940981044,4241,0,0,0,0,0,0,0,0,0,0,0,4241,.0619409,0,0,0,0,0,0,0,0,0,0,0,6.19409037537374E-02,82611,0,0,0,0,0,0,0,0,0,0,0,82611,0,0,0,"YES","YES"
"J0002+M0003+B0002+S0013",3021,0,0,0,0,0,0,0,0,0,0,0,3021,9864,0,0,0,0,0,0,0,0,0,0,0,9864,.3062652,0,0,0,0,0,0,0,0,0,0,0,.306265206812652,.3998676,0,0,0,0,0,0,0,0,0,0,0,.399867593512082,1208,0,0,0,0,0,0,0,0,0,0,0,1208,1.884709E-02,0,0,0,0,0,0,0,0,0,0,0,1.88470896500094E-02,160290,0,0,0,0,0,0,0,0,0,0,0,160290,0,0,0,"YES","YES"
"J0002+M0003+B0002+S0015",555,0,0,0,0,0,0,0,0,0,0,0,555,9864,0,0,0,0,0,0,0,0,0,0,0,9864,5.626521E-02,0,0,0,0,0,0,0,0,0,0,0,5.62652068126521E-02,0,0,0,0,0,0,0,0,0,0,0,0,0,0,0,0,0,0,0,0,0,0,0,0,0,0,6.001947E-02,0,0,0,0,0,0,0,0,0,0,0,.060019465772683,9247,0,0,0,0,0,0,0,0,0,0,0,9247,0,0,0,"YES","NO"
"J0002+M0003+B0002+S0018",185,0,0,0,0,0,0,0,0,0,0,0,185,9864,0,0,0,0,0,0,0,0,0,0,0,9864,1.875507E-02,0,0,0,0,0,0,0,0,0,0,0,1.87550689375507E-02,.8486487,0,0,0,0,0,0,0,0,0,0,0,.848648648648649,157,0,0,0,0,0,0,0,0,0,0,0,157,7.502028E-02,0,0,0,0,0,0,0,0,0,0,0,7.50202757502028E-02,2466,0,0,0,0,0,0,0,0,0,0,0,2466,0,0,0,"YES","YES"
"J0002+M0003+B0005+S0001",1582,0,0,0,17064,0,0,0,0,0,0,0,18646,9490,0,0,0,8030,0,0,0,0,0,0,0,17520,.1667018,0,0,0,2.125031,0,0,0,0,0,0,0,1.06426940639269,0,0,0,0,.75,0,0,0,0,0,0,0,0,0,0,0,0,12798,0,0,0,0,0,0,0,0,1,0,0,0,.7083437,0,0,0,0,0,0,0,.726316609535681,1582,0,0,0,24090,0,0,0,0,0,0,0,25672,0,0,0,"YES","NO"
"J0002+M0003+B0005+S0003",0,0,0,0,15257,0,0,0,0,0,0,0,15257,0,0,0,0,8030,0,0,0,0,0,0,0,8030,0,0,0,0,1.9,0,0,0,0,0,0,0,1.9,0,0,0,0,.2999935,0,0,0,0,0,0,0,.299993445631513,0,0,0,0,4577,0,0,0,0,0,0,0,4577,0,0,0,0,.6333333,0,0,0,0,0,0,0,.633333333333333,0,0,0,0,24090,0,0,0,0,0,0,0,24090,0,0,0,"YES","YES"
"J0002+M0003+B0005+S0004",7165,0,0,0,30313,0,0,0,0,0,0,0,37478,9490,0,0,0,8030,0,0,0,0,0,0,0,17520,.7550052,0,0,0,3.774969,0,0,0,0,0,0,0,2.13915525114155,.2999302,0,0,0,.3000033,0,0,0,0,0,0,0,.299989327071882,2149,0,0,0,9094,0,0,0,0,0,0,0,11243,.5033368,0,0,0,.8882149,0,0,0,0,0,0,0,.774931249095383,14235,0,0,0,34128,0,0,0,0,0,0,0,48363,0,0,0,"YES","YES"
"J0002+M0003+B0005+S0005",0,0,0,0,10841,0,0,0,0,0,0,0,10841,0,0,0,0,8030,0,0,0,0,0,0,0,8030,0,0,0,0,1.350062,0,0,0,0,0,0,0,1.35006226650062,0,0,0,0,.583341,0,0,0,0,0,0,0,.583341020201088,0,0,0,0,6324,0,0,0,0,0,0,0,6324,0,0,0,0,.9000415,0,0,0,0,0,0,0,.900041511000415,0,0,0,0,12045,0,0,0,0,0,0,0,12045,0,0,0,"YES","YES"
"J0002+M0003+B0005+S0006",2056,0,0,0,3212,0,0,0,0,0,0,0,5268,9490,0,0,0,8030,0,0,0,0,0,0,0,17520,.2166491,0,0,0,.4,0,0,0,0,0,0,0,.300684931506849,.8501946,0,0,0,.75,0,0,0,0,0,0,0,.789104024297646,1748,0,0,0,2409,0,0,0,0,0,0,0,4157,.1624911,0,0,0,.2285633,0,0,0,0,0,0,0,.197259042911705,12653,0,0,0,14053,0,0,0,0,0,0,0,26706,0,0,0,"YES","YES"
"J0002+M0003+B0005+S0007",8161,0,0,0,14655,0,0,0,0,0,0,0,22816,9490,0,0,0,8030,0,0,0,0,0,0,0,17520,.8599579,0,0,0,1.825031,0,0,0,0,0,0,0,1.30228310502283,.81093,0,0,0,.7444558,0,0,0,0,0,0,0,.768232819074334,6618,0,0,0,10910,0,0,0,0,0,0,0,17528,.1121679,0,0,0,.4294128,0,0,0,0,0,0,0,.213463067783131,72757,0,0,0,34128,0,0,0,0,0,0,0,106885,0,0,0,"YES","YES"
"J0002+M0003+B0005+S0008",10755,0,0,0,7629,0,0,0,0,0,0,0,18384,9490,0,0,0,8030,0,0,0,0,0,0,0,17520,1.133298,0,0,0,.9500623,0,0,0,0,0,0,0,1.04931506849315,.6550441,0,0,0,.6631275,0,0,0,0,0,0,0,.658398607484769,7045,0,0,0,5059,0,0,0,0,0,0,0,12104,.2060542,0,0,0,.2235408,0,0,0,0,0,0,0,.212967575269627,52195,0,0,0,34128,0,0,0,0,0,0,0,86323,0,0,0,"YES","YES"
"J0002+M0003+B0005+S0009",58917,0,0,0,80702,0,0,0,0,0,0,0,139619,9490,0,0,0,8030,0,0,0,0,0,0,0,17520,6.208324,0,0,0,10.05006,0,0,0,0,0,0,0,7.96912100456621,.8500093,0,0,0,.7499938,0,0,0,0,0,0,0,.792198769508448,50080,0,0,0,60526,0,0,0,0,0,0,0,110606,5.130847E-02,0,0,0,6.054254E-02,0,0,0,0,0,0,0,5.62691686112354E-02,1148290,0,0,0,1332980,0,0,0,0,0,0,0,2481270,0,0,0,"YES","YES"
"J0002+M0003+B0005+S0010",15342,0,0,0,0,0,0,0,0,0,0,0,15342,9490,0,0,0,0,0,0,0,0,0,0,0,9490,1.616649,0,0,0,0,0,0,0,0,0,0,0,1.61664910432034,.8500196,0,0,0,0,0,0,0,0,0,0,0,.850019554165037,13041,0,0,0,0,0,0,0,0,0,0,0,13041,4.127611E-02,0,0,0,0,0,0,0,0,0,0,0,4.12761103279059E-02,371692,0,0,0,0,0,0,0,0,0,0,0,371692,0,0,0,"YES","YES"
"J0002+M0003+B0005+S0011",89285,0,0,0,155782,0,0,0,0,0,0,0,245067,9490,0,0,0,8030,0,0,0,0,0,0,0,17520,9.408324,0,0,0,19.4,0,0,0,0,0,0,0,13.9878424657534,.8277202,0,0,0,.7500032,0,0,0,0,0,0,0,.778317766161907,73903,0,0,0,116837,0,0,0,0,0,0,0,190740,4.755683E-02,0,0,0,5.278911E-02,0,0,0,0,0,0,0,5.07546604374933E-02,1877438,0,0,0,2951025,0,0,0,0,0,0,0,4828463,0,0,0,"YES","YES"
"J0002+M0003+B0005+S0012",0,0,0,0,3814,0,0,0,0,0,0,0,3814,0,0,0,0,8030,0,0,0,0,0,0,0,8030,0,0,0,0,.4749689,0,0,0,0,0,0,0,.474968866749689,0,0,0,0,.6001573,0,0,0,0,0,0,0,.600157315154693,0,0,0,0,2289,0,0,0,0,0,0,0,2289,0,0,0,0,.9499378,0,0,0,0,0,0,0,.949937733499377,0,0,0,0,4015,0,0,0,0,0,0,0,4015,0,0,0,"YES","YES"
"J0002+M0003+B0005+S0013",316,0,0,0,3011,0,0,0,0,0,0,0,3327,9490,0,0,0,8030,0,0,0,0,0,0,0,17520,3.329821E-02,0,0,0,.3749689,0,0,0,0,0,0,0,.189897260273973,.4018987,0,0,0,0,0,0,0,0,0,0,0,0,127,0,0,0,0,0,0,0,0,0,0,0,0,4.994468E-02,0,0,0,1.874844E-02,0,0,0,0,0,0,0,1.99308679842087E-02,6327,0,0,0,160600,0,0,0,0,0,0,0,166927,0,0,0,"YES","NO"
"J0002+M0003+B0005+S0014",0,0,0,0,6625,0,0,0,0,0,0,0,6625,0,0,0,0,8030,0,0,0,0,0,0,0,8030,0,0,0,0,.8250312,0,0,0,0,0,0,0,.825031133250311,0,0,0,0,.7500377,0,0,0,0,0,0,0,.750037735849057,0,0,0,0,4969,0,0,0,0,0,0,0,4969,0,0,0,0,.6600578,0,0,0,0,0,0,0,.660057786191093,0,0,0,0,10037,0,0,0,0,0,0,0,10037,0,0,0,"YES","YES"
"J0002+M0003+B0005+S0015",11878,0,0,0,22484,0,0,0,0,0,0,0,34362,9490,0,0,0,8030,0,0,0,0,0,0,0,17520,1.251633,0,0,0,2.8,0,0,0,0,0,0,0,1.96130136986301,.3992255,0,0,0,0,0,0,0,0,0,0,0,0,4742,0,0,0,0,0,0,0,0,0,0,0,0,5.689242E-02,0,0,0,.1555556,0,0,0,0,0,0,0,.097254613381637,208780,0,0,0,144540,0,0,0,0,0,0,0,353320,0,0,0,"YES","NO"
"J0002+M0003+B0005+S0018",2768,0,0,0,2208,0,0,0,0,0,0,0,4976,9490,0,0,0,8030,0,0,0,0,0,0,0,17520,.2916754,0,0,0,.2749689,0,0,0,0,0,0,0,.284018264840183,.7586705,0,0,0,0,0,0,0,0,0,0,0,0,2100,0,0,0,0,0,0,0,0,0,0,0,0,9.722515E-02,0,0,0,.122205,0,0,0,0,0,0,0,.106923374446689,28470,0,0,0,18068,0,0,0,0,0,0,0,46538,0,0,0,"YES","NO"
"J0002+M0003+B0005+S0019",1582,0,0,0,4216,0,0,0,0,0,0,0,5798,9490,0,0,0,8030,0,0,0,0,0,0,0,17520,.1667018,0,0,0,.5250311,0,0,0,0,0,0,0,.330936073059361,.7699115,0,0,0,0,0,0,0,0,0,0,0,0,1218,0,0,0,0,0,0,0,0,0,0,0,0,.1667018,0,0,0,.1105314,0,0,0,0,0,0,0,.121722335355741,9490,0,0,0,38143,0,0,0,0,0,0,0,47633,0,0,0,"YES","NO"
"J0002+M0003+B0005+S0020",1898,0,0,0,0,0,0,0,0,0,0,0,1898,9490,0,0,0,0,0,0,0,0,0,0,0,9490,.2,0,0,0,0,0,0,0,0,0,0,0,.2,.7502635,0,0,0,0,0,0,0,0,0,0,0,.750263435194942,1424,0,0,0,0,0,0,0,0,0,0,0,1424,.2999842,0,0,0,0,0,0,0,0,0,0,0,.299984194721037,6327,0,0,0,0,0,0,0,0,0,0,0,6327,0,0,0,"YES","YES"
"J0002+M0003+B0005+S0021",11562,0,0,0,43563,0,0,0,0,0,0,0,55125,9490,0,0,0,8030,0,0,0,0,0,0,0,17520,1.218335,0,0,0,5.425031,0,0,0,0,0,0,0,3.14640410958904,.8129216,0,0,0,.7499943,0,0,0,0,0,0,0,.763192743764172,9399,0,0,0,32672,0,0,0,0,0,0,0,42071,.2215155,0,0,0,.4340025,0,0,0,0,0,0,0,.361309562823622,52195,0,0,0,100375,0,0,0,0,0,0,0,152570,0,0,0,"YES","YES"
"J0002+M0004+B0001+S0001",0,720,0,0,0,0,0,0,0,0,0,0,720,0,8797,0,0,0,0,0,0,0,0,0,0,8797,0,8.184608E-02,0,0,0,0,0,0,0,0,0,0,.081846083892236,0,0,0,0,0,0,0,0,0,0,0,0,0,0,0,0,0,0,0,0,0,0,0,0,0,0,0,.1500625,0,0,0,0,0,0,0,0,0,0,.150062526052522,0,4798,0,0,0,0,0,0,0,0,0,0,4798,0,0,0,"YES","NO"
"J0002+M0004+B0001+S0002",3663,2159,0,0,571,0,0,0,0,0,0,0,6393,11817,8797,0,0,8157,0,0,0,0,0,0,0,28771,.3099771,.2454246,0,0,7.000123E-02,0,0,0,0,0,0,0,.222202912655104,0,0,0,0,0,0,0,0,0,0,0,0,0,0,0,0,0,0,0,0,0,0,0,0,0,0,.1897829,.1542694,0,0,.6997549,0,0,0,0,0,0,0,.187412054409006,19301,13995,0,0,816,0,0,0,0,0,0,0,34112,0,0,0,"YES","NO"
"J0002+M0004+B0001+S0003",1182,1040,1774,0,979,0,0,0,0,0,0,0,4975,11817,8797,8870,0,8157,0,0,0,0,0,0,0,37641,.1000254,.1182221,.2,0,.1200196,0,0,0,0,0,0,0,.132169708562472,0,0,0,0,0,0,0,0,0,0,0,0,0,0,0,0,0,0,0,0,0,0,0,0,0,0,.1200366,.1182221,.4,0,.3000306,0,0,0,0,0,0,0,.18886189355402,9847,8797,4435,0,3263,0,0,0,0,0,0,0,26342,0,0,0,"YES","NO"
"J0002+M0004+B0001+S0004",13944,34389,5174,0,0,0,0,0,0,0,0,0,53507,11817,8797,8870,0,0,0,0,0,0,0,0,0,29484,1.179995,3.909173,.5833145,0,0,0,0,0,0,0,0,0,1.81478089811423,.5,.2000058,0,0,0,0,0,0,0,0,0,0,0,6972,6878,0,0,0,0,0,0,0,0,0,0,0,.1500016,.3539128,.2692128,0,0,0,0,0,0,0,0,0,.255591222187192,92959,97168,19219,0,0,0,0,0,0,0,0,0,209346,0,0,0,"YES","NO"
"J0002+M0004+B0001+S0005",4648,440,0,0,2855,0,0,0,0,0,0,0,7943,11817,8797,0,0,8157,0,0,0,0,0,0,0,28771,.3933316,5.001705E-02,0,0,.3500061,0,0,0,0,0,0,0,.276076604914671,.149957,0,0,0,0,0,0,0,0,0,0,0,0,697,0,0,0,0,0,0,0,0,0,0,0,0,.2510668,.1834098,0,0,.7000981,0,0,0,0,0,0,0,.317847138855542,18513,2399,0,0,4078,0,0,0,0,0,0,0,24990,0,0,0,"YES","NO"
"J0002+M0004+B0001+S0006",1536,1360,6801,0,2773,0,0,0,0,0,0,0,12470,11817,8797,8870,0,8157,0,0,0,0,0,0,0,37641,.1299822,.1545982,.7667418,0,.3399534,0,0,0,0,0,0,0,.331287691612869,0,0,0,0,0,0,0,0,0,0,0,0,0,0,0,0,0,0,0,0,0,0,0,0,0,0,.4874643,.2429439,.3833493,0,1.133224,0,0,0,0,0,0,0,.430936171683312,3151,5598,17741,0,2447,0,0,0,0,0,0,0,28937,0,0,0,"YES","NO"
"J0002+M0004+B0001+S0007",512,160,1035,0,2692,0,0,0,0,0,0,0,4399,11817,8797,8870,0,8157,0,0,0,0,0,0,0,37641,4.332741E-02,1.818802E-02,.1166855,0,.3300233,0,0,0,0,0,0,0,.116867245822375,0,0,0,0,0,0,0,0,0,0,0,0,0,0,0,0,0,0,0,0,0,0,0,0,0,0,.4331641,.2,.1750085,0,.1375153,0,0,0,0,0,0,0,.160126674432149,1182,800,5914,0,19576,0,0,0,0,0,0,0,27472,0,0,0,"YES","NO"
"J0002+M0004+B0001+S0008",1576,2759,1922,0,3426,0,0,0,0,0,0,0,9683,11817,8797,8870,0,8157,0,0,0,0,0,0,0,37641,.1333672,.3136297,.2166855,0,.4200073,0,0,0,0,0,0,0,.257246088042294,0,0,0,0,0,0,0,0,0,0,0,0,0,0,0,0,0,0,0,0,0,0,0,0,0,0,.4445698,.265365,.2166855,0,.8401177,0,0,0,0,0,0,0,.360096690219412,3545,10397,8870,0,4078,0,0,0,0,0,0,0,26890,0,0,0,"YES","NO"
"J0002+M0004+B0001+S0009",17450,16994,6061,0,5220,0,0,0,0,0,0,0,45725,11817,8797,8870,0,8157,0,0,0,0,0,0,0,37641,1.476686,1.931795,.6833146,0,.6399412,0,0,0,0,0,0,0,1.21476581387317,.22,.2500294,0,0,0,0,0,0,0,0,0,0,0,3839,4249,0,0,0,0,0,0,0,0,0,0,0,.1491619,.134918,8.722746E-02,0,.2559827,0,0,0,0,0,0,0,.137385749740101,116987,125958,69485,0,20392,0,0,0,0,0,0,0,332822,0,0,0,"YES","NO"
"J0002+M0004+B0001+S0010",0,0,0,0,1387,0,0,0,0,0,0,0,1387,0,0,0,0,8157,0,0,0,0,0,0,0,8157,0,0,0,0,.170038,0,0,0,0,0,0,0,.170038004168199,0,0,0,0,0,0,0,0,0,0,0,0,0,0,0,0,0,0,0,0,0,0,0,0,0,0,0,0,0,0,.5668165,0,0,0,0,0,0,0,.56681651001226,0,0,0,0,2447,0,0,0,0,0,0,0,2447,0,0,0,"YES","NO"
"J0002+M0004+B0001+S0011",9138,6398,7688,0,9625,0,0,0,0,0,0,0,32849,11817,8797,8870,0,8157,0,0,0,0,0,0,0,37641,.7732927,.7272934,.8667418,0,1.179968,0,0,0,0,0,0,0,.87269201137058,0,.5,0,0,0,0,0,0,0,0,0,0,0,0,3199,0,0,0,0,0,0,0,0,0,0,0,.1177623,.1280035,.1061263,0,.1426687,0,0,0,0,0,0,0,.122806427252267,77597,49983,72442,0,67464,0,0,0,0,0,0,0,267486,0,0,0,"YES","NO"
"J0002+M0004+B0001+S0012",0,0,887,0,0,0,0,0,0,0,0,0,887,0,0,8870,0,0,0,0,0,0,0,0,0,8870,0,0,.1,0,0,0,0,0,0,0,0,0,.1,0,0,0,0,0,0,0,0,0,0,0,0,0,0,0,0,0,0,0,0,0,0,0,0,0,0,0,0,.6001353,0,0,0,0,0,0,0,0,0,.600135317997294,0,0,1478,0,0,0,0,0,0,0,0,0,1478,0,0,0,"YES","NO"
"J0002+M0004+B0001+S0013",1497,1519,3844,0,0,0,0,0,0,0,0,0,6860,11817,8797,8870,0,0,0,0,0,0,0,0,0,29484,.1266819,.1726725,.4333709,0,0,0,0,0,0,0,0,0,.232668566001899,0,0,0,0,0,0,0,0,0,0,0,0,0,0,0,0,0,0,0,0,0,0,0,0,0,0,.2000267,5.350287E-02,.1625095,0,0,0,0,0,0,0,0,0,.115237951250651,7484,28391,23654,0,0,0,0,0,0,0,0,0,59529,0,0,0,"YES","NO"
"J0002+M0004+B0001+S0014",23634,5398,0,0,0,0,0,0,0,0,0,0,29032,11817,8797,0,0,0,0,0,0,0,0,0,0,20614,2,.6136183,0,0,0,0,0,0,0,0,0,0,1.40836324827787,.2666498,.2999259,0,0,0,0,0,0,0,0,0,0,.272836869661064,6302,1619,0,0,0,0,0,0,0,0,0,0,7921,.6451736,.539962,0,0,0,0,0,0,0,0,0,0,.622616826438482,36632,9997,0,0,0,0,0,0,0,0,0,0,46629,0,0,0,"YES","YES"
"J0002+M0004+B0001+S0015",0,1360,0,0,0,0,0,0,0,0,0,0,1360,0,8797,0,0,0,0,0,0,0,0,0,0,8797,0,.1545982,0,0,0,0,0,0,0,0,0,0,.154598158463112,0,0,0,0,0,0,0,0,0,0,0,0,0,0,0,0,0,0,0,0,0,0,0,0,0,0,0,6.073327E-02,0,0,0,0,0,0,0,0,0,0,6.07332648595543E-02,0,22393,0,0,0,0,0,0,0,0,0,0,22393,0,0,0,"YES","NO"
"J0002+M0004+B0001+S0016",2560,7717,0,0,408,0,0,0,0,0,0,0,10685,11817,8797,0,0,8157,0,0,0,0,0,0,0,28771,.216637,.8772309,0,0,5.001839E-02,0,0,0,0,0,0,0,.371380904382886,0,.1999482,0,0,0,0,0,0,0,0,0,0,0,0,1543,0,0,0,0,0,0,0,0,0,0,0,.2499756,.1594949,0,0,.2501533,0,0,0,0,0,0,0,.177326739245884,10241,48384,0,0,1631,0,0,0,0,0,0,0,60256,0,0,0,"YES","NO"
"J0002+M0004+B0001+S0017",8548,7038,9018,0,4976,0,0,0,0,0,0,0,29580,11817,8797,8870,0,8157,0,0,0,0,0,0,0,37641,.7233647,.8000455,1.016685,0,.6100282,0,0,0,0,0,0,0,.78584522196541,1,1,0,0,0,0,0,0,0,0,0,0,0,8548,7038,0,0,0,0,0,0,0,0,0,0,0,.7750476,.4757012,.3588111,0,.5083776,0,0,0,0,0,0,0,.486953658737345,11029,14795,25133,0,9788,0,0,0,0,0,0,0,60745,0,0,0,"YES","NO"
"J0002+M0004+B0001+S0018",2915,5638,6801,0,3997,0,0,0,0,0,0,0,19351,11817,8797,8870,0,8157,0,0,0,0,0,0,0,37641,.2466785,.6409003,.7667418,0,.4900086,0,0,0,0,0,0,0,.514093674450732,0,0,0,0,0,0,0,0,0,0,0,0,0,0,0,0,0,0,0,0,0,0,0,0,0,0,.1298325,.1215479,.1069827,0,.2130597,0,0,0,0,0,0,0,.128009896274344,22452,46385,63571,0,18760,0,0,0,0,0,0,0,151168,0,0,0,"YES","NO"
"J0002+M0004+B0001+S0020",1339,2119,0,0,1387,0,0,0,0,0,0,0,4845,11817,8797,0,0,8157,0,0,0,0,0,0,0,28771,.1133113,.2408776,0,0,.170038,0,0,0,0,0,0,0,.168398734837162,0,0,0,0,0,0,0,0,0,0,0,0,0,0,0,0,0,0,0,0,0,0,0,0,0,0,.3090238,.6623945,0,0,.8503985,0,0,0,0,0,0,0,.528756957328386,4333,3199,0,0,1631,0,0,0,0,0,0,0,9163,0,0,0,"YES","NO"
"J0002+M0004+B0001+S0021",118,360,0,0,408,0,0,0,0,0,0,0,886,11817,8797,0,0,8157,0,0,0,0,0,0,0,28771,9.985614E-03,4.092304E-02,0,0,5.001839E-02,0,0,0,0,0,0,0,3.07948976399847E-02,0,0,0,0,0,0,0,0,0,0,0,0,0,0,0,0,0,0,0,0,0,0,0,0,0,0,.2994924,.45,0,0,.5,0,0,0,0,0,0,0,.440796019900497,394,800,0,0,816,0,0,0,0,0,0,0,2010,0,0,0,"YES","NO"
"J0002+M0004+B0002+S0002",0,0,614,0,875,0,0,0,0,0,0,0,1489,0,0,8188,0,5384,0,0,0,0,0,0,0,13572,0,0,7.498778E-02,0,.1625186,0,0,0,0,0,0,0,.109711170055998,0,0,0,0,0,0,0,0,0,0,0,0,0,0,0,0,0,0,0,0,0,0,0,0,0,0,0,0,.1285595,0,.5199049,0,0,0,0,0,0,0,.230531041956959,0,0,4776,0,1683,0,0,0,0,0,0,0,6459,0,0,0,"YES","NO"
"J0002+M0004+B0002+S0003",0,0,1160,0,639,0,0,0,0,0,0,0,1799,0,0,8188,0,5384,0,0,0,0,0,0,0,13572,0,0,.1416707,0,.118685,0,0,0,0,0,0,0,.132552313586796,0,0,0,0,0,0,0,0,0,0,0,0,0,0,0,0,0,0,0,0,0,0,0,0,0,0,0,0,.8498169,0,.3796791,0,0,0,0,0,0,0,.590223097112861,0,0,1365,0,1683,0,0,0,0,0,0,0,3048,0,0,0,"YES","NO"
"J0002+M0004+B0002+S0004",0,0,4299,0,1212,0,0,0,0,0,0,0,5511,0,0,8188,0,5384,0,0,0,0,0,0,0,13572,0,0,.5250366,0,.2251114,0,0,0,0,0,0,0,.40605658709107,0,0,0,0,0,0,0,0,0,0,0,0,0,0,0,0,0,0,0,0,0,0,0,0,0,0,0,0,.3150143,0,.2770286,0,0,0,0,0,0,0,.305792919764732,0,0,13647,0,4375,0,0,0,0,0,0,0,18022,0,0,0,"YES","NO"
"J0002+M0004+B0002+S0005",0,0,0,0,303,0,0,0,0,0,0,0,303,0,0,0,0,5384,0,0,0,0,0,0,0,5384,0,0,0,0,5.627786E-02,0,0,0,0,0,0,0,5.62778603268945E-02,0,0,0,0,0,0,0,0,0,0,0,0,0,0,0,0,0,0,0,0,0,0,0,0,0,0,0,0,0,0,.4502229,0,0,0,0,0,0,0,.450222882615156,0,0,0,0,673,0,0,0,0,0,0,0,673,0,0,0,"YES","NO"
"J0002+M0004+B0002+S0006",0,0,1638,0,1312,0,0,0,0,0,0,0,2950,0,0,8188,0,5384,0,0,0,0,0,0,0,13572,0,0,.2000488,0,.243685,0,0,0,0,0,0,0,.217359269083407,0,0,0,0,0,0,0,0,0,0,0,0,0,0,0,0,0,0,0,0,0,0,0,0,0,0,0,0,.300055,0,.48737,0,0,0,0,0,0,0,.361918782971415,0,0,5459,0,2692,0,0,0,0,0,0,0,8151,0,0,0,"YES","NO"
"J0002+M0004+B0002+S0007",0,0,0,0,1077,0,0,0,0,0,0,0,1077,0,0,0,0,5384,0,0,0,0,0,0,0,5384,0,0,0,0,.2000372,0,0,0,0,0,0,0,.200037147102526,0,0,0,0,0,0,0,0,0,0,0,0,0,0,0,0,0,0,0,0,0,0,0,0,0,0,0,0,0,0,.2909238,0,0,0,0,0,0,0,.290923824959481,0,0,0,0,3702,0,0,0,0,0,0,0,3702,0,0,0,"YES","NO"
"J0002+M0004+B0002+S0008",0,0,819,0,1144,0,0,0,0,0,0,0,1963,0,0,8188,0,5384,0,0,0,0,0,0,0,13572,0,0,.1000244,0,.2124814,0,0,0,0,0,0,0,.14463601532567,0,0,0,0,0,0,0,0,0,0,0,0,0,0,0,0,0,0,0,0,0,0,0,0,0,0,0,0,.1714824,0,.3776824,0,0,0,0,0,0,0,.251505445227418,0,0,4776,0,3029,0,0,0,0,0,0,0,7805,0,0,0,"YES","NO"
"J0002+M0004+B0002+S0009",0,0,21425,0,4577,0,0,0,0,0,0,0,26002,0,0,8188,0,5384,0,0,0,0,0,0,0,13572,0,0,2.616634,0,.8501114,0,0,0,0,0,0,0,1.91585617447686,0,0,0,0,0,0,0,0,0,0,0,0,0,0,0,0,0,0,0,0,0,0,0,0,0,0,0,0,6.514435E-02,0,.1446861,0,0,0,0,0,0,0,.072123799300453,0,0,328885,0,31634,0,0,0,0,0,0,0,360519,0,0,0,"YES","NO"
"J0002+M0004+B0002+S0011",0,0,5595,0,6058,0,0,0,0,0,0,0,11653,0,0,8188,0,5384,0,0,0,0,0,0,0,13572,0,0,.6833171,0,1.125186,0,0,0,0,0,0,0,.85860595343354,0,0,0,0,0,0,0,0,0,0,0,0,0,0,0,0,0,0,0,0,0,0,0,0,0,0,0,0,7.961013E-02,0,.1090981,0,0,0,0,0,0,0,9.26252702530841E-02,0,0,70280,0,55528,0,0,0,0,0,0,0,125808,0,0,0,"YES","NO"
"J0002+M0004+B0002+S0012",0,0,1706,0,572,0,0,0,0,0,0,0,2278,0,0,8188,0,5384,0,0,0,0,0,0,0,13572,0,0,.2083537,0,.1062407,0,0,0,0,0,0,0,.167845564397289,0,0,0,0,0,0,0,0,0,0,0,0,0,0,0,0,0,0,0,0,0,0,0,0,0,0,0,0,2.501466,0,.1416543,0,0,0,0,0,0,0,.482627118644068,0,0,682,0,4038,0,0,0,0,0,0,0,4720,0,0,0,"YES","NO"
"J0002+M0004+B0002+S0013",0,0,955,0,0,0,0,0,0,0,0,0,955,0,0,8188,0,0,0,0,0,0,0,0,0,8188,0,0,.1166341,0,0,0,0,0,0,0,0,0,.116634098680997,0,0,0,0,0,0,0,0,0,0,0,0,0,0,0,0,0,0,0,0,0,0,0,0,0,0,0,0,8.232759E-02,0,0,0,0,0,0,0,0,0,8.23275862068966E-02,0,0,11600,0,0,0,0,0,0,0,0,0,11600,0,0,0,"YES","NO"
"J0002+M0004+B0002+S0015",0,0,751,0,168,0,0,0,0,0,0,0,919,0,0,8188,0,5384,0,0,0,0,0,0,0,13572,0,0,9.171959E-02,0,3.120357E-02,0,0,0,0,0,0,0,6.77129384025936E-02,0,0,0,0,0,0,0,0,0,0,0,0,0,0,0,0,0,0,0,0,0,0,0,0,0,0,0,0,.3668784,0,.2496285,0,0,0,0,0,0,0,.337867647058824,0,0,2047,0,673,0,0,0,0,0,0,0,2720,0,0,0,"YES","NO"
"J0002+M0004+B0002+S0016",0,0,478,0,0,0,0,0,0,0,0,0,478,0,0,8188,0,0,0,0,0,0,0,0,0,8188,0,0,5.837812E-02,0,0,0,0,0,0,0,0,0,5.83781143136297E-02,0,0,0,0,0,0,0,0,0,0,0,0,0,0,0,0,0,0,0,0,0,0,0,0,0,0,0,0,.1167562,0,0,0,0,0,0,0,0,0,.116756228627259,0,0,4094,0,0,0,0,0,0,0,0,0,4094,0,0,0,"YES","NO"
"J0002+M0004+B0002+S0017",0,0,3685,0,1817,0,0,0,0,0,0,0,5502,0,0,8188,0,5384,0,0,0,0,0,0,0,13572,0,0,.4500489,0,.3374814,0,0,0,0,0,0,0,.405393457117595,0,0,0,0,0,0,0,0,0,0,0,0,0,0,0,0,0,0,0,0,0,0,0,0,0,0,0,0,.7715662,0,.3856931,0,0,0,0,0,0,0,.579951512596184,0,0,4776,0,4711,0,0,0,0,0,0,0,9487,0,0,0,"YES","NO"
"J0002+M0004+B0002+S0018",0,0,3821,0,3937,0,0,0,0,0,0,0,7758,0,0,8188,0,5384,0,0,0,0,0,0,0,13572,0,0,.4666585,0,.7312407,0,0,0,0,0,0,0,.571618037135278,0,0,0,0,0,0,0,0,0,0,0,0,0,0,0,0,0,0,0,0,0,0,0,0,0,0,0,0,.1555528,0,.1856988,0,0,0,0,0,0,0,.169518190757129,0,0,24564,0,21201,0,0,0,0,0,0,0,45765,0,0,0,"YES","NO"
"J0002+M0004+B0002+S0020",0,0,751,0,1077,0,0,0,0,0,0,0,1828,0,0,8188,0,5384,0,0,0,0,0,0,0,13572,0,0,9.171959E-02,0,.2000372,0,0,0,0,0,0,0,.134689065723548,0,0,0,0,0,0,0,0,0,0,0,0,0,0,0,0,0,0,0,0,0,0,0,0,0,0,0,0,1.101173,0,.6399287,0,0,0,0,0,0,0,.772938689217759,0,0,682,0,1683,0,0,0,0,0,0,0,2365,0,0,0,"YES","NO"
"J0002+M0004+B0002+S0021",0,0,38470,0,3668,0,0,0,0,0,0,0,42138,0,0,8188,0,5384,0,0,0,0,0,0,0,13572,0,0,4.698339,0,.6812779,0,0,0,0,0,0,0,3.10477453580902,0,0,0,0,0,0,0,0,0,0,0,0,0,0,0,0,0,0,0,0,0,0,0,0,0,0,0,0,0,0,.2173758,0,0,0,0,0,0,0,0,0,0,0,0,16874,0,0,0,0,0,0,0,0,0,0,0,"NO","NO"
"J0002+M0004+B0005+S0004",0,233188,0,0,0,0,0,0,0,0,0,0,233188,0,7175,0,0,0,0,0,0,0,0,0,0,7175,0,32.50007,0,0,0,0,0,0,0,0,0,0,32.5000696864112,0,.5,0,0,0,0,0,0,0,0,0,0,.5,0,116594,0,0,0,0,0,0,0,0,0,0,116594,0,.1206499,0,0,0,0,0,0,0,0,0,0,.12064988726002,0,1932766,0,0,0,0,0,0,0,0,0,0,1932766,0,0,0,"YES","YES"
"J0002+M0004+B0005+S0005",0,152469,0,0,0,0,0,0,0,0,0,0,152469,0,7175,0,0,0,0,0,0,0,0,0,0,7175,0,21.25003,0,0,0,0,0,0,0,0,0,0,21.2500348432056,0,.4999967,0,0,0,0,0,0,0,0,0,0,.499996720644852,0,76234,0,0,0,0,0,0,0,0,0,0,76234,0,5.847962E-02,0,0,0,0,0,0,0,0,0,0,.05847961964026,0,2607216,0,0,0,0,0,0,0,0,0,0,2607216,0,0,0,"YES","YES"
"J0002+M0004+B0005+S0009",0,8969,0,0,0,0,0,0,0,0,0,0,8969,0,7175,0,0,0,0,0,0,0,0,0,0,7175,0,1.250035,0,0,0,0,0,0,0,0,0,0,1.25003484320558,0,.2499721,0,0,0,0,0,0,0,0,0,0,.24997212621251,0,2242,0,0,0,0,0,0,0,0,0,0,2242,0,.2381003,0,0,0,0,0,0,0,0,0,0,.238100294672011,0,37669,0,0,0,0,0,0,0,0,0,0,37669,0,0,0,"YES","YES"
"J0002+M0005+B0001+S0002",1389,2839,4400,0,144,0,0,0,0,0,0,0,8772,5834,8652,10058,0,6352,0,0,0,0,0,0,0,30896,.2380871,.3281322,.4374627,0,2.267003E-02,0,0,0,0,0,0,0,.283920248575867,0,0,0,0,0,0,0,0,0,0,0,0,0,0,0,0,0,0,0,0,0,0,0,0,0,0,.1428425,.1419003,5.262654E-02,0,.4982699,0,0,0,0,0,0,0,7.71992818671454E-02,9724,20007,83608,0,289,0,0,0,0,0,0,0,113628,0,0,0,"YES","NO"
"J0002+M0005+B0001+S0003",0,135,0,0,1299,0,0,0,0,0,0,0,1434,0,8652,0,0,6352,0,0,0,0,0,0,0,15004,0,1.560333E-02,0,0,.2045025,0,0,0,0,0,0,0,9.55745134630765E-02,0,0,0,0,0,0,0,0,0,0,0,0,0,0,0,0,0,0,0,0,0,0,0,0,0,0,0,.2495379,0,0,1.5,0,0,0,0,0,0,0,1.01918976545842,0,541,0,0,866,0,0,0,0,0,0,0,1407,0,0,0,"YES","NO"
"J0002+M0005+B0001+S0004",972,1352,4872,0,0,0,0,0,0,0,0,0,7196,5834,8652,10058,0,0,0,0,0,0,0,0,0,24544,.1666095,.1562645,.4843905,0,0,0,0,0,0,0,0,0,.293187744458931,0,0,0,0,0,0,0,0,0,0,0,0,0,0,0,0,0,0,0,0,0,0,0,0,0,0,.1841258,.1470844,.1476229,0,0,0,0,0,0,0,0,0,.151577705691536,5279,9192,33003,0,0,0,0,0,0,0,0,0,47474,0,0,0,"YES","NO"
"J0002+M0005+B0001+S0005",0,0,1572,0,289,0,0,0,0,0,0,0,1861,0,0,10058,0,6352,0,0,0,0,0,0,0,16410,0,0,.1562935,0,4.549748E-02,0,0,0,0,0,0,0,.113406459475929,0,0,0,0,0,0,0,0,0,0,0,0,0,0,0,0,0,0,0,0,0,0,0,0,0,0,0,0,.2000509,0,.2502165,0,0,0,0,0,0,0,.206479529568401,0,0,7858,0,1155,0,0,0,0,0,0,0,9013,0,0,0,"YES","NO"
"J0002+M0005+B0001+S0006",695,0,0,0,722,0,0,0,0,0,0,0,1417,5834,0,0,0,6352,0,0,0,0,0,0,0,12186,.1191292,0,0,0,.113665,0,0,0,0,0,0,0,.116280978171672,0,0,0,0,0,0,0,0,0,0,0,0,0,0,0,0,0,0,0,0,0,0,0,0,0,0,2.5,0,0,0,2.49827,0,0,0,0,0,0,0,2.49911816578483,278,0,0,0,289,0,0,0,0,0,0,0,567,0,0,0,"YES","NO"
"J0002+M0005+B0001+S0007",0,0,3143,0,289,0,0,0,0,0,0,0,3432,0,0,10058,0,6352,0,0,0,0,0,0,0,16410,0,0,.3124876,0,4.549748E-02,0,0,0,0,0,0,0,.209140767824497,0,0,0,0,0,0,0,0,0,0,0,0,0,0,0,0,0,0,0,0,0,0,0,0,0,0,0,0,.1639284,0,.1251082,0,0,0,0,0,0,0,.159754224270353,0,0,19173,0,2310,0,0,0,0,0,0,0,21483,0,0,0,"YES","NO"
"J0002+M0005+B0001+S0008",4306,2839,9115,0,2310,0,0,0,0,0,0,0,18570,5834,8652,10058,0,6352,0,0,0,0,0,0,0,30896,.7380871,.3281322,.9062438,0,.363665,0,0,0,0,0,0,0,.601048679440704,0,0,0,0,0,0,0,0,0,0,0,0,0,0,0,0,0,0,0,0,0,0,0,0,0,0,.2279272,7.292202E-02,.1416164,0,7.079592E-02,0,0,0,0,0,0,0,.119948067718661,18892,38932,64364,0,32629,0,0,0,0,0,0,0,154817,0,0,0,"YES","NO"
"J0002+M0005+B0001+S0009",1528,3785,3143,0,2599,0,0,0,0,0,0,0,11055,5834,8652,10058,0,6352,0,0,0,0,0,0,0,30896,.2619129,.4374711,.3124876,0,.4091625,0,0,0,0,0,0,0,.357813309166235,0,0,0,0,0,0,0,0,0,0,0,0,0,0,0,0,0,0,0,0,0,0,0,0,0,0,8.332879E-02,7.692308E-02,8.474211E-02,0,4.147848E-02,0,0,0,0,0,0,0,6.60828501404746E-02,18337,49205,37089,0,62659,0,0,0,0,0,0,0,167290,0,0,0,"YES","NO"
"J0002+M0005+B0001+S0010",0,0,471,0,0,0,0,0,0,0,0,0,471,0,0,10058,0,0,0,0,0,0,0,0,0,10058,0,0,.0468284,0,0,0,0,0,0,0,0,0,4.68283953072181E-02,0,0,0,0,0,0,0,0,0,0,0,0,0,0,0,0,0,0,0,0,0,0,0,0,0,0,0,0,.1362453,0,0,0,0,0,0,0,0,0,.136245299392537,0,0,3457,0,0,0,0,0,0,0,0,0,3457,0,0,0,"YES","NO"
"J0002+M0005+B0001+S0011",2778,3379,6286,0,4620,0,0,0,0,0,0,0,17063,5834,8652,10058,0,6352,0,0,0,0,0,0,0,30896,.4761741,.3905455,.6249751,0,.72733,0,0,0,0,0,0,0,.552272138788193,0,0,0,0,0,0,0,0,0,0,0,0,0,0,0,0,0,0,0,0,0,0,0,0,0,0,.1110978,.1077419,5.882023E-02,0,.1118888,0,0,0,0,0,0,0,8.34270459501481E-02,25005,31362,106868,0,41291,0,0,0,0,0,0,0,204526,0,0,0,"YES","NO"
"J0002+M0005+B0001+S0012",0,0,314,0,578,0,0,0,0,0,0,0,892,0,0,10058,0,6352,0,0,0,0,0,0,0,16410,0,0,3.121893E-02,0,9.099496E-02,0,0,0,0,0,0,0,.054357099329677,0,0,0,0,0,0,0,0,0,0,0,0,0,0,0,0,0,0,0,0,0,0,0,0,0,0,0,0,1,0,.1819899,0,0,0,0,0,0,0,.255587392550143,0,0,314,0,3176,0,0,0,0,0,0,0,3490,0,0,0,"YES","NO"
"J0002+M0005+B0001+S0013",0,3109,1886,0,0,0,0,0,0,0,0,0,4995,0,8652,10058,0,0,0,0,0,0,0,0,0,18710,0,.3593389,.1875124,0,0,0,0,0,0,0,0,0,.266969535008017,0,0,0,0,0,0,0,0,0,0,0,0,0,0,0,0,0,0,0,0,0,0,0,0,0,0,0,6.283855E-02,4.958982E-02,0,0,0,0,0,0,0,0,0,5.70804954975545E-02,0,49476,38032,0,0,0,0,0,0,0,0,0,87508,0,0,0,"YES","NO"
"J0002+M0005+B0001+S0015",0,0,1100,0,1444,0,0,0,0,0,0,0,2544,0,0,10058,0,6352,0,0,0,0,0,0,0,16410,0,0,.1093657,0,.22733,0,0,0,0,0,0,0,.155027422303473,0,0,0,0,0,0,0,0,0,0,0,0,0,0,0,0,0,0,0,0,0,0,0,0,0,0,0,0,.2916225,0,.1087104,0,0,0,0,0,0,0,.149164467897977,0,0,3772,0,13283,0,0,0,0,0,0,0,17055,0,0,0,"YES","NO"
"J0002+M0005+B0001+S0016",3751,3379,1729,0,0,0,0,0,0,0,0,0,8859,5834,8652,10058,0,0,0,0,0,0,0,0,0,24544,.6429551,.3905455,.171903,0,0,0,0,0,0,0,0,0,.360943611473272,0,0,0,0,0,0,0,0,0,0,0,0,0,0,0,0,0,0,0,0,0,0,0,0,0,0,7.895346E-02,6.867188E-02,6.876118E-02,0,0,0,0,0,0,0,0,0,.072698774813514,47509,49205,25145,0,0,0,0,0,0,0,0,0,121859,0,0,0,"YES","NO"
"J0002+M0005+B0001+S0017",278,2974,0,0,0,0,0,0,0,0,0,0,3252,5834,8652,0,0,0,0,0,0,0,0,0,0,14486,.0476517,.3437355,0,0,0,0,0,0,0,0,0,0,.224492613557918,0,0,0,0,0,0,0,0,0,0,0,0,0,0,0,0,0,0,0,0,0,0,0,0,0,0,.200144,.7334155,0,0,0,0,0,0,0,0,0,0,.597354886113152,1389,4055,0,0,0,0,0,0,0,0,0,0,5444,0,0,0,"YES","NO"
"J0002+M0005+B0001+S0018",3195,2298,2829,0,289,0,0,0,0,0,0,0,8611,5834,8652,10058,0,6352,0,0,0,0,0,0,0,30896,.5476517,.2656033,.2812687,0,4.549748E-02,0,0,0,0,0,0,0,.27870921802175,0,0,0,0,0,0,0,0,0,0,0,0,0,0,0,0,0,0,0,0,0,0,0,0,0,0,.1277744,8.499778E-02,.1551838,0,.5,0,0,0,0,0,0,0,.121540176996147,25005,27036,18230,0,578,0,0,0,0,0,0,0,70849,0,0,0,"YES","NO"
"J0002+M0005+B0001+S0019",0,270,2043,0,2166,0,0,0,0,0,0,0,4479,0,8652,10058,0,6352,0,0,0,0,0,0,0,25062,0,3.120666E-02,.2031219,0,.340995,0,0,0,0,0,0,0,.178716782379698,0,0,0,0,0,0,0,0,0,0,0,0,0,0,0,0,0,0,0,0,0,0,0,0,0,0,0,.1664612,.9286364,0,3.747405,0,0,0,0,0,0,0,1.01795454545455,0,1622,2200,0,578,0,0,0,0,0,0,0,4400,0,0,0,"YES","NO"
"J0002+M0005+B0001+S0020",1945,16762,629,0,0,0,0,0,0,0,0,0,19336,5834,8652,10058,0,0,0,0,0,0,0,0,0,24544,.3333905,1.937356,6.253728E-02,0,0,0,0,0,0,0,0,0,.78780964797914,0,0,0,0,0,0,0,0,0,0,0,0,0,0,0,0,0,0,0,0,0,0,0,0,0,0,.3333905,2.066576,.4001272,0,0,0,0,0,0,0,0,0,1.24611716182252,5834,8111,1572,0,0,0,0,0,0,0,0,0,15517,0,0,0,"YES","NO"
"J0002+M0005+B0001+S0021",2084,6894,5029,0,1877,0,0,0,0,0,0,0,15884,5834,8652,10058,0,6352,0,0,0,0,0,0,0,30896,.3572163,.79681,.5,0,.2954975,0,0,0,0,0,0,0,.514111859140342,0,0,0,0,0,0,0,0,0,0,0,0,0,0,0,0,0,0,0,0,0,0,0,0,0,0,9.869761E-02,.1220069,6.164274E-02,0,6.701417E-02,0,0,0,0,0,0,0,8.48449885691088E-02,21115,56505,81583,0,28009,0,0,0,0,0,0,0,187212,0,0,0,"YES","NO"
"J0003+M0006+B0001+S0004",8510,0,974,0,0,0,0,0,0,0,0,0,9484,1480,0,2597,0,0,0,0,0,0,0,0,0,4077,5.75,0,.3750481,0,0,0,0,0,0,0,0,0,2.32622025999509,.4,0,1,0,0,0,0,0,0,0,0,0,.461619569801771,3404,0,974,0,0,0,0,0,0,0,0,0,4378,.3770492,0,.2222222,0,0,0,0,0,0,0,0,0,.351871776796646,22570,0,4383,0,0,0,0,0,0,0,0,0,26953,0,0,0,"YES","YES"
"J0003+M0006+B0001+S0005",0,0,162,0,0,0,0,0,0,0,0,0,162,0,0,2597,0,0,0,0,0,0,0,0,0,2597,0,0,6.237967E-02,0,0,0,0,0,0,0,0,0,6.23796688486715E-02,0,0,.4012346,0,0,0,0,0,0,0,0,0,.401234567901235,0,0,65,0,0,0,0,0,0,0,0,0,65,0,0,.3326489,0,0,0,0,0,0,0,0,0,.33264887063655,0,0,487,0,0,0,0,0,0,0,0,0,487,0,0,0,"YES","YES"
"J0003+M0006+B0001+S0006",1110,0,0,0,0,0,0,0,0,0,0,0,1110,1480,0,0,0,0,0,0,0,0,0,0,0,1480,.75,0,0,0,0,0,0,0,0,0,0,0,.75,.5,0,0,0,0,0,0,0,0,0,0,0,.5,555,0,0,0,0,0,0,0,0,0,0,0,555,3,0,0,0,0,0,0,0,0,0,0,0,3,370,0,0,0,0,0,0,0,0,0,0,0,370,0,0,0,"YES","YES"
"J0003+M0006+B0001+S0009",4810,0,4708,0,0,0,0,0,0,0,0,0,9518,1480,0,2597,0,0,0,0,0,0,0,0,0,4077,3.25,0,1.812861,0,0,0,0,0,0,0,0,0,2.3345597252882,.3,0,.299915,0,0,0,0,0,0,0,0,0,.299957974364362,1443,0,1412,0,0,0,0,0,0,0,0,0,2855,9.848485E-02,0,.0461804,0,0,0,0,0,0,0,0,0,6.31217338249728E-02,48840,0,101948,0,0,0,0,0,0,0,0,0,150788,0,0,0,"YES","YES"
"J0003+M0006+B0005+S0004",0,268,0,0,820,0,0,0,0,0,0,0,1088,0,2858,0,0,3280,0,0,0,0,0,0,0,6138,0,9.377187E-02,0,0,.25,0,0,0,0,0,0,0,.177256435320951,0,.3992537,0,0,.4,0,0,0,0,0,0,0,.399816176470588,0,107,0,0,328,0,0,0,0,0,0,0,435,0,.1667704,0,0,.194451,0,0,0,0,0,0,0,.186813186813187,0,1607,0,0,4217,0,0,0,0,0,0,0,5824,0,0,0,"YES","YES"
"J0003+M0006+B0005+S0009",6918,7859,14145,0,13589,0,0,0,0,0,0,0,42511,2722,2858,2662,0,3280,0,0,0,0,0,0,0,11522,2.541514,2.749825,5.313674,0,4.142988,0,0,0,0,0,0,0,3.68955042527339,.2000578,.2000255,.2,0,.2000147,0,0,0,0,0,0,0,.2000188186587,1384,1572,2829,0,2718,0,0,0,0,0,0,0,8503,2.685027E-02,1.519899E-02,1.966747E-02,0,2.071368E-02,0,0,0,0,0,0,0,1.97728064491973E-02,257651,517074,719208,0,656040,0,0,0,0,0,0,0,2149973,0,0,0,"YES","YES"
"J0003+M0007+B0001+S0004",0,668,0,0,0,0,0,0,0,0,0,0,668,0,3143,0,0,0,0,0,0,0,0,0,0,3143,0,.2125358,0,0,0,0,0,0,0,0,0,0,.212535793827553,0,.5179641,0,0,0,0,0,0,0,0,0,0,.517964071856287,0,346,0,0,0,0,0,0,0,0,0,0,346,0,.1789445,0,0,0,0,0,0,0,0,0,0,.178944548620413,0,3733,0,0,0,0,0,0,0,0,0,0,3733,0,0,0,"YES","YES"
"J0003+M0007+B0001+S0006",0,1194,0,0,0,0,0,0,0,0,0,0,1194,0,3143,0,0,0,0,0,0,0,0,0,0,3143,0,.3798918,0,0,0,0,0,0,0,0,0,0,.37989182309895,0,.5485762,0,0,0,0,0,0,0,0,0,0,.54857621440536,0,655,0,0,0,0,0,0,0,0,0,0,655,0,.1350526,0,0,0,0,0,0,0,0,0,0,.135052595860197,0,8841,0,0,0,0,0,0,0,0,0,0,8841,0,0,0,"YES","YES"
"J0003+M0007+B0001+S0009",0,6747,0,0,0,0,0,0,0,0,0,0,6747,0,3143,0,0,0,0,0,0,0,0,0,0,3143,0,2.146675,0,0,0,0,0,0,0,0,0,0,2.14667515112949,0,.5452794,0,0,0,0,0,0,0,0,0,0,.545279383429672,0,3679,0,0,0,0,0,0,0,0,0,0,3679,0,.1086788,0,0,0,0,0,0,0,0,0,0,.108678844109404,0,62082,0,0,0,0,0,0,0,0,0,0,62082,0,0,0,"YES","YES"
"J0003+M0007+B0001+S0017",0,737,0,0,0,0,0,0,0,0,0,0,737,0,3143,0,0,0,0,0,0,0,0,0,0,3143,0,.2344893,0,0,0,0,0,0,0,0,0,0,.234489341393573,0,.9443691,0,0,0,0,0,0,0,0,0,0,.944369063772049,0,696,0,0,0,0,0,0,0,0,0,0,696,0,.2206587,0,0,0,0,0,0,0,0,0,0,.220658682634731,0,3340,0,0,0,0,0,0,0,0,0,0,3340,0,0,0,"YES","YES"
"J0003+M0007+B0001+S0018",0,2132,0,0,0,0,0,0,0,0,0,0,2132,0,3143,0,0,0,0,0,0,0,0,0,0,3143,0,.6783328,0,0,0,0,0,0,0,0,0,0,.678332803054407,0,.5497186,0,0,0,0,0,0,0,0,0,0,.549718574108818,0,1172,0,0,0,0,0,0,0,0,0,0,1172,0,.4340391,0,0,0,0,0,0,0,0,0,0,.434039087947883,0,4912,0,0,0,0,0,0,0,0,0,0,4912,0,0,0,"YES","YES"
"J0003+M0007+B0001+S0021",0,6,0,0,0,0,0,0,0,0,0,0,6,0,3143,0,0,0,0,0,0,0,0,0,0,3143,0,1.909004E-03,0,0,0,0,0,0,0,0,0,0,1.90900413617563E-03,0,0,0,0,0,0,0,0,0,0,0,0,0,0,0,0,0,0,0,0,0,0,0,0,0,0,0,3.061225E-02,0,0,0,0,0,0,0,0,0,0,3.06122448979592E-02,0,196,0,0,0,0,0,0,0,0,0,0,196,0,0,0,"YES","NO"
"J0003+M0007+B0004+S0004",0,26,0,0,0,0,0,0,0,0,0,0,26,0,1057,0,0,0,0,0,0,0,0,0,0,1057,0,2.459792E-02,0,0,0,0,0,0,0,0,0,0,2.45979186376537E-02,0,0,0,0,0,0,0,0,0,0,0,0,0,0,0,0,0,0,0,0,0,0,0,0,0,0,0,.3939394,0,0,0,0,0,0,0,0,0,0,.393939393939394,0,66,0,0,0,0,0,0,0,0,0,0,66,0,0,0,"YES","NO"
"J0003+M0007+B0004+S0006",0,767,0,0,0,0,0,0,0,0,0,0,767,0,1057,0,0,0,0,0,0,0,0,0,0,1057,0,.7256386,0,0,0,0,0,0,0,0,0,0,.725638599810785,0,.4654498,0,0,0,0,0,0,0,0,0,0,.465449804432855,0,357,0,0,0,0,0,0,0,0,0,0,357,0,9.880201E-02,0,0,0,0,0,0,0,0,0,0,9.88020095323973E-02,0,7763,0,0,0,0,0,0,0,0,0,0,7763,0,0,0,"YES","YES"
"J0003+M0007+B0004+S0009",0,469,0,0,0,0,0,0,0,0,0,0,469,0,1057,0,0,0,0,0,0,0,0,0,0,1057,0,.4437086,0,0,0,0,0,0,0,0,0,0,.443708609271523,0,.4690832,0,0,0,0,0,0,0,0,0,0,.46908315565032,0,220,0,0,0,0,0,0,0,0,0,0,220,0,.1043614,0,0,0,0,0,0,0,0,0,0,.104361370716511,0,4494,0,0,0,0,0,0,0,0,0,0,4494,0,0,0,"YES","YES"
"J0003+M0007+B0004+S0017",0,826,0,0,0,0,0,0,0,0,0,0,826,0,1057,0,0,0,0,0,0,0,0,0,0,1057,0,.7814569,0,0,0,0,0,0,0,0,0,0,.781456953642384,0,42.58959,0,0,0,0,0,0,0,0,0,0,42.589588377724,0,35179,0,0,0,0,0,0,0,0,0,0,35179,0,.6248109,0,0,0,0,0,0,0,0,0,0,.624810892586989,0,1322,0,0,0,0,0,0,0,0,0,0,1322,0,0,0,"YES","YES"
"J0003+M0007+B0004+S0018",0,211,0,0,0,0,0,0,0,0,0,0,211,0,1057,0,0,0,0,0,0,0,0,0,0,1057,0,.1996216,0,0,0,0,0,0,0,0,0,0,.199621570482498,0,.549763,0,0,0,0,0,0,0,0,0,0,.549763033175355,0,116,0,0,0,0,0,0,0,0,0,0,116,0,.1773109,0,0,0,0,0,0,0,0,0,0,.177310924369748,0,1190,0,0,0,0,0,0,0,0,0,0,1190,0,0,0,"YES","YES"
"J0003+M0008+B0001+S0003",0,0,0,0,419,0,0,0,0,0,0,0,419,0,0,0,0,4474,0,0,0,0,0,0,0,4474,0,0,0,0,9.365221E-02,0,0,0,0,0,0,0,9.36522127849799E-02,0,0,0,0,.2505967,0,0,0,0,0,0,0,.250596658711217,0,0,0,0,105,0,0,0,0,0,0,0,105,0,0,0,0,.1498569,0,0,0,0,0,0,0,.149856938483548,0,0,0,0,2796,0,0,0,0,0,0,0,2796,0,0,0,"YES","YES"
"J0003+M0008+B0001+S0004",7636,7380,14033,0,5242,0,0,0,0,0,0,0,34291,5939,4920,6120,0,4474,0,0,0,0,0,0,0,21453,1.285738,1.5,2.292974,0,1.171659,0,0,0,0,0,0,0,1.5984244627791,.3000262,.2915989,.2928098,0,.2853872,0,0,0,0,0,0,0,.293021492519903,2291,2152,4109,0,1496,0,0,0,0,0,0,0,10048,.2278451,.4,.3309357,0,.1284143,0,0,0,0,0,0,0,.253652294195534,33514,18450,42404,0,40821,0,0,0,0,0,0,0,135189,0,0,0,"YES","YES"
"J0003+M0008+B0001+S0005",0,0,0,0,1048,0,0,0,0,0,0,0,1048,0,0,0,0,4474,0,0,0,0,0,0,0,4474,0,0,0,0,.2342423,0,0,0,0,0,0,0,.234242288779616,0,0,0,0,.6001908,0,0,0,0,0,0,0,.600190839694656,0,0,0,0,629,0,0,0,0,0,0,0,629,0,0,0,0,1.874776,0,0,0,0,0,0,0,1.87477638640429,0,0,0,0,559,0,0,0,0,0,0,0,559,0,0,0,"YES","YES"
"J0003+M0008+B0001+S0006",27362,35055,33770,0,25513,0,0,0,0,0,0,0,121700,5939,4920,6120,0,4474,0,0,0,0,0,0,0,21453,4.607173,7.125,5.517974,0,5.702503,0,0,0,0,0,0,0,5.67286626579033,.5999927,.6,.6,0,.6000078,0,0,0,0,0,0,0,.6,16417,21033,20262,0,15308,0,0,0,0,0,0,0,73020,.837655,1.212766,1.343491,0,2.172613,0,0,0,0,0,0,0,1.23617304391106,32665,28905,25136,0,11743,0,0,0,0,0,0,0,98449,0,0,0,"YES","YES"
"J0003+M0008+B0001+S0009",54937,33394,68305,0,34460,0,0,0,0,0,0,0,191096,5939,4920,6120,0,4474,0,0,0,0,0,0,0,21453,9.250211,6.787398,11.16095,0,7.70228,0,0,0,0,0,0,0,8.90765860252645,.1999927,.200006,.1746285,0,.1820952,0,0,0,0,0,0,0,.187701469418512,10987,6679,11928,0,6275,0,0,0,0,0,0,0,35869,.1116379,.1114973,.0246977,0,.0189981,0,0,0,0,0,0,0,3.55784732140247E-02,492100,299505,2765642,0,1813866,0,0,0,0,0,0,0,5371113,0,0,0,"YES","YES"
"J0003+M0008+B0001+S0016",0,0,2623,0,0,0,0,0,0,0,0,0,2623,0,0,6120,0,0,0,0,0,0,0,0,0,6120,0,0,.4285948,0,0,0,0,0,0,0,0,0,.42859477124183,0,0,.650019,0,0,0,0,0,0,0,0,0,.650019062142585,0,0,1705,0,0,0,0,0,0,0,0,0,1705,0,0,1.499714,0,0,0,0,0,0,0,0,0,1.49971412235563,0,0,1749,0,0,0,0,0,0,0,0,0,1749,0,0,0,"YES","YES"
"J0003+M0008+B0001+S0017",9545,4612,13748,0,13141,0,0,0,0,0,0,0,41046,5939,4920,6120,0,4474,0,0,0,0,0,0,0,21453,1.607173,.9373984,2.246405,0,2.937193,0,0,0,0,0,0,0,1.91329883932317,6.350026,.6500434,8.325793,0,.5104634,0,0,0,0,0,0,0,4.50177849242314,60611,2998,114463,0,6708,0,0,0,0,0,0,0,184780,.4787101,.599974,.2577766,0,.2797624,0,0,0,0,0,0,0,.320844830416396,19939,7687,53333,0,46972,0,0,0,0,0,0,0,127931,0,0,0,"YES","YES"
"J0003+M0008+B0001+S0021",0,0,3760,0,140,0,0,0,0,0,0,0,3900,0,0,6120,0,4474,0,0,0,0,0,0,0,10594,0,0,.6143791,0,3.129191E-02,0,0,0,0,0,0,0,.368132905418161,0,0,.2885638,0,.3,0,0,0,0,0,0,0,.288974358974359,0,0,1085,0,42,0,0,0,0,0,0,0,1127,0,0,.3017899,0,1,0,0,0,0,0,0,0,.309548376855306,0,0,12459,0,140,0,0,0,0,0,0,0,12599,0,0,0,"YES","YES"
"J0003+M0008+B0003+S0003",64,0,0,0,0,0,0,0,0,0,0,0,64,2300,0,0,0,0,0,0,0,0,0,0,0,2300,2.782609E-02,0,0,0,0,0,0,0,0,0,0,0,2.78260869565217E-02,.5,0,0,0,0,0,0,0,0,0,0,0,.5,32,0,0,0,0,0,0,0,0,0,0,0,32,.5,0,0,0,0,0,0,0,0,0,0,0,.5,128,0,0,0,0,0,0,0,0,0,0,0,128,0,0,0,"YES","YES"
"J0003+M0008+B0003+S0004",4945,2369,4463,0,12932,0,0,0,0,0,0,0,24709,2300,3240,3968,0,3630,0,0,0,0,0,0,0,13138,2.15,.7311729,1.124748,0,3.562534,0,0,0,0,0,0,0,1.88072766022226,.479272,.5002111,.5001121,0,.5,0,0,0,0,0,0,0,.495892185033793,2370,1185,2232,0,6466,0,0,0,0,0,0,0,12253,.6910285,.7311729,.545399,0,.5377355,0,0,0,0,0,0,0,.579642488505208,7156,3240,8183,0,24049,0,0,0,0,0,0,0,42628,0,0,0,"YES","YES"
"J0003+M0008+B0003+S0006",767,0,0,0,0,0,0,0,0,0,0,0,767,2300,0,0,0,0,0,0,0,0,0,0,0,2300,.3334783,0,0,0,0,0,0,0,0,0,0,0,.333478260869565,.5997393,0,0,0,0,0,0,0,0,0,0,0,.59973924380704,460,0,0,0,0,0,0,0,0,0,0,0,460,.8579418,0,0,0,0,0,0,0,0,0,0,0,.857941834451902,894,0,0,0,0,0,0,0,0,0,0,0,894,0,0,0,"YES","YES"
"J0003+M0008+B0003+S0009",383,0,0,0,0,0,0,0,0,0,0,0,383,2300,0,0,0,0,0,0,0,0,0,0,0,2300,.1665217,0,0,0,0,0,0,0,0,0,0,0,.166521739130435,.2010444,0,0,0,0,0,0,0,0,0,0,0,.201044386422977,77,0,0,0,0,0,0,0,0,0,0,0,77,.230584,0,0,0,0,0,0,0,0,0,0,0,.230583985550873,1661,0,0,0,0,0,0,0,0,0,0,0,1661,0,0,0,"YES","YES"
"J0003+M0008+B0003+S0011",128,0,0,0,0,0,0,0,0,0,0,0,128,2300,0,0,0,0,0,0,0,0,0,0,0,2300,5.565218E-02,0,0,0,0,0,0,0,0,0,0,0,5.56521739130435E-02,.1015625,0,0,0,0,0,0,0,0,0,0,0,.1015625,13,0,0,0,0,0,0,0,0,0,0,0,13,8.349641E-02,0,0,0,0,0,0,0,0,0,0,0,8.34964122635355E-02,1533,0,0,0,0,0,0,0,0,0,0,0,1533,0,0,0,"YES","YES"
"J0003+M0008+B0003+S0016",0,0,4959,0,0,0,0,0,0,0,0,0,4959,0,0,3968,0,0,0,0,0,0,0,0,0,3968,0,0,1.249748,0,0,0,0,0,0,0,0,0,1.24974798387097,0,0,.3500706,0,0,0,0,0,0,0,0,0,.350070578745715,0,0,1736,0,0,0,0,0,0,0,0,0,1736,0,0,.1666555,0,0,0,0,0,0,0,0,0,.166655464444146,0,0,29756,0,0,0,0,0,0,0,0,0,29756,0,0,0,"YES","YES"
"J0003+M0008+B0003+S0017",396,6581,41039,0,8780,0,0,0,0,0,0,0,56796,2300,3240,3968,0,3630,0,0,0,0,0,0,0,13138,.1721739,2.031173,10.34249,0,2.418733,0,0,0,0,0,0,0,4.32303242502664,.3510101,.3499468,.3500085,0,.35,0,0,0,0,0,0,0,.350007042749489,139,2303,14364,0,3073,0,0,0,0,0,0,0,19879,.3443478,.1946005,.1159782,0,.2976877,0,0,0,0,0,0,0,.135773930047596,1150,33818,353851,0,29494,0,0,0,0,0,0,0,418313,0,0,0,"YES","YES"
"J0003+M0008+B0003+S0021",256,0,0,0,0,0,0,0,0,0,0,0,256,2300,0,0,0,0,0,0,0,0,0,0,0,2300,.1113044,0,0,0,0,0,0,0,0,0,0,0,.111304347826087,.3007813,0,0,0,0,0,0,0,0,0,0,0,.30078125,77,0,0,0,0,0,0,0,0,0,0,0,77,.400626,0,0,0,0,0,0,0,0,0,0,0,.400625978090767,639,0,0,0,0,0,0,0,0,0,0,0,639,0,0,0,"YES","YES"
