S0001+B0001 000100000100 22,00
S0001+B0002 000100000200 23,00
S0001+B0003 000100000300 24,00
S0001+B0004 000100000400 25,00
S0001+B0005 000100000500 19,00
S0002+B0001 000200000100 21,00
S0002+B0002 000200000200 21,00
S0002+B0003 000200000300 22,00
S0002+B0004 000200000400 22,00
S0002+B0005 000200000500 23,00
S0003+B0001 000300000100 24,00
S0003+B0002 000300000200 25,00
S0003+B0003 000300000300 22,00
S0003+B0004 000300000400 21,00
S0003+B0005 000300000500 19,00
S0004+B0001 000400000100 20,00
S0004+B0002 000400000200 20,00
S0004+B0003 000400000300 23,00
S0004+B0004 000400000400 24,00
S0004+B0005 000400000500 25,00
S0005+B0001 000500000100 26,00
S0005+B0002 000500000200 21,00
S0005+B0003 000500000300 22,00
S0005+B0004 000500000400 20,00
S0005+B0005 000500000500 20,00
S0006+B0001 000600000100 25,00
S0006+B0002 000600000200 24,00
S0006+B0003 000600000300 23,00
S0006+B0004 000600000400 22,00
S0006+B0005 000600000500 23,00
S0007+B0001 000700000100 24,00
S0007+B0002 000700000200 25,00
S0007+B0003 000700000300 26,00
S0007+B0004 000700000400 21,00
S0007+B0005 000700000500 19,00
S0008+B0001 000800000100 20,00
S0008+B0002 000800000200 23,00
S0008+B0003 000800000300 24,00
S0008+B0004 000800000400 25,00
S0008+B0005 000800000500 26,00
S0009+B0001 000900000100 19,00
S0009+B0002 000900000200 20,00
S0009+B0003 000900000300 22,00
S0009+B0004 000900000400 00,00
S0009+B0005 000900000500 24,00
