S0001+B0001 000100000100 22,00
S0001+B0002 000100000200 22,00
S0001+B0003 000100000300 22,00
S0001+B0004 000100000400 22,00
S0001+B0005 000100000500 22,00
S0002+B0001 000200000100 22,00
S0002+B0002 000200000200 22,00
S0002+B0003 000200000300 22,00
S0002+B0004 000200000400 22,00
S0002+B0005 000200000500 22,00
S0003+B0001 000300000100 25,00
S0003+B0002 000300000200 22,00
S0003+B0003 000300000300 22,00
S0003+B0004 000300000400 22,00
S0003+B0005 000300000500 22,00
S0004+B0001 000400000100 22,00
S0004+B0002 000400000200 22,00
S0004+B0003 000400000300 22,00
S0004+B0004 000400000400 22,00
S0004+B0005 000400000500 22,00
S0005+B0001 000500000100 21,00
S0005+B0002 000500000200 22,00
S0005+B0003 000500000300 22,00
S0005+B0004 000500000400 22,00
S0005+B0005 000500000500 22,00
S0006+B0001 000600000100 22,00
S0006+B0002 000600000200 22,00
S0006+B0003 000600000300 22,00
S0006+B0004 000600000400 22,00
S0006+B0005 000600000500 22,00
S0007+B0001 000700000100 22,00
S0007+B0002 000700000200 22,00
S0007+B0003 000700000300 22,00
S0007+B0004 000700000400 22,00
S0007+B0005 000700000500 21,00
S0008+B0001 000800000100 22,00
S0008+B0002 000800000200 22,00
S0008+B0003 000800000300 22,00
S0008+B0004 000800000400 22,00
S0008+B0005 000800000500 22,00
S0009+B0001 000900000100 22,00
S0009+B0002 000900000200 22,00
S0009+B0003 000900000300 22,00
S0009+B0005 000900000500 22,00
