S0001+B0001 000100000100 151,00
S0001+B0002 000100000200 106,00
S0001+B0003 000100000300 148,00
S0001+B0004 000100000400 5,00
S0001+B0005 000100000500 148,00
S0018+B0001 000150000100 2872,00
S0018+B0002 000150000200 119,00
S0018+B0003 000150000300 112,00
S0018+B0004 000150000400 0,00
S0018+B0005 000150000500 396,00
S0002+B0001 000200000100 27,00
S0002+B0002 000200000200 13,00
S0002+B0003 000200000300 5,00
S0002+B0004 000200000400 1,00
S0002+B0005 000200000500 6,00
S0020+B0001 000225000100 20,00
S0020+B0002 000225000200 2,00
S0020+B0003 000225000300 1,00
S0020+B0004 000225000400 16,00
S0020+B0005 000225000500 12,00
S0019+B0001 000250000100 432,00
S0019+B0002 000250000200 68,00
S0019+B0003 000250000300 0,00
S0019+B0004 000250000400 370,00
S0019+B0005 000250000500 352,00
S0003+B0001 000300000100 86,00
S0003+B0002 000300000200 90,00
S0003+B0003 000300000300 1,00
S0003+B0004 000300000400 87,00
S0003+B0005 000300000500 54,00
S0021+B0001 000350000100 451,00
S0021+B0002 000350000200 321,00
S0021+B0003 000350000300 188,00
S0021+B0004 000350000400 358,00
S0021+B0005 000350000500 311,00
S0004+B0001 000400000100 18,00
S0004+B0002 000400000200 42,00
S0004+B0003 000400000300 12,00
S0004+B0004 000400000400 1,00
S0004+B0005 000400000500 1,00
S0005+B0001 000500000100 58,00
S0005+B0002 000500000200 30,00
S0005+B0003 000500000300 35,00
S0005+B0004 000500000400 1,00
S0005+B0005 000500000500 29,00
S0017+B0001 000505000100 0,00
S0017+B0002 000505000200 0,00
S0017+B0003 000505000300 0,00
S0017+B0004 000505000400 0,00
S0017+B0005 000505000500 0,00
S0022+B0001 000510000100 372,00
S0022+B0002 000510000200 284,00
S0022+B0003 000510000300 257,00
S0022+B0004 000510000400 306,00
S0022+B0005 000510000500 257,00
S0006+B0001 000600000100 28,00
S0006+B0002 000600000200 45,00
S0006+B0003 000600000300 15,00
S0006+B0004 000600000400 6,00
S0006+B0005 000600000500 3,00
S0007+B0001 000700000100 31,00
S0007+B0002 000700000200 14,00
S0007+B0003 000700000300 15,00
S0007+B0004 000700000400 1,00
S0007+B0005 000700000500 1,00
S0008+B0001 000800000100 13,00
S0008+B0002 000800000200 1,00
S0008+B0003 000800000300 7,00
S0008+B0004 000800000400 1,00
S0008+B0005 000800000500 2,00
S0023+B0001 000810000100 412,00
S0023+B0002 000810000200 389,00
S0023+B0003 000810000300 351,00
S0023+B0004 000810000400 336,00
S0023+B0005 000810000500 0,00
S0009+B0001 000900000100 34,00
S0009+B0002 000900000200 4,00
S0009+B0003 000900000300 32,00
S0009+B0004 000900000400 1,00
S0009+B0005 000900000500 34,00
S0015+B0001 000910000100 56,00
S0015+B0002 000910000200 1,00
S0015+B0003 000910000300 52,00
S0015+B0004 000910000400 1,00
S0015+B0005 000910000500 57,00
S0016+B0001 000920000100 47,00
S0016+B0002 000920000200 1,00
S0016+B0003 000920000300 46,00
S0016+B0004 000920000400 1,00
S0016+B0005 000920000500 37,00
S0024+B0001 000950000100 159,00
S0024+B0002 000950000200 10,00
S0024+B0003 000950000300 128,00
S0024+B0004 000950000400 1,00
S0024+B0005 000950000500 156,00
S0010+B0001 001000000100 84,00
S0010+B0002 001000000200 57,00
S0010+B0003 001000000300 93,00
S0010+B0004 001000000400 32,00
S0010+B0005 001000000500 25,00
S0025+B0001 001010000100 85,00
S0025+B0002 001010000200 40,00
S0025+B0003 001010000300 29,00
S0025+B0004 001010000400 74,00
S0025+B0005 001010000500 45,00
S0011+B0001 001100000100 23,00
S0011+B0002 001100000200 26,00
S0011+B0003 001100000300 1,00
S0011+B0004 001100000400 21,00
S0011+B0005 001100000500 23,00
S0012+B0001 001200000100 90,00
S0012+B0002 001200000200 1,00
S0012+B0003 001200000300 1,00
S0012+B0004 001200000400 1,00
S0012+B0005 001200000500 21,00
S0013+B0001 001300000100 1,00
S0013+B0002 001300000200 1,00
S0013+B0003 001300000300 35,00
S0013+B0004 001300000400 1,00
S0013+B0005 001300000500 34,00
S0026+B0001 001310000100 132,00
S0026+B0002 001310000200 59,00
S0026+B0003 001310000300 163,00
S0026+B0004 001310000400 42,00
S0026+B0005 001310000500 93,00
S0014+B0001 001400000100 17,00
S0014+B0002 001400000200 26,00
S0014+B0003 001400000300 12,00
S0014+B0004 001400000400 0,00
S0014+B0005 001400000500 22,00
S0027+B0001 001450000100 0,00
S0027+B0002 001450000200 0,00
S0027+B0003 001450000300 0,00
S0027+B0004 001450000400 0,00
S0027+B0005 001450000500 0,00
