000001 01 0001.000 0001.000 000000000009.000000 000000000009.000000 gertjan         0001 S0001+B0001
000002 01 0001.000 0001.000 000000000009.000000 000000000009.000000 gertjan         0001 S0001+B0001
000003 01 0001.000 0001.000 000000000009.000000 000000000009.000000 gertjan         0001 S0001+B0001
000004 01 0001.000 0001.000 000000000009.000000 000000000009.000000 gertjan         0001 S0001+B0002
000005 01 0001.000 0001.000 000000000009.000000 000000000009.000000 gertjan         0001 S0001+B0002
000006 01 0001.000 0001.000 000000000009.000000 000000000009.000000 gertjan         0001 S0001+B0002
000007 01 0001.000 0001.000 000000000009.000000 000000000009.000000 gertjan         0001 S0002+B0001
000008 01 0001.000 0001.000 000000000009.000000 000000000009.000000 gertjan         0001 S0002+B0001
000009 01 0001.000 0001.000 000000000009.000000 000000000009.000000 gertjan         0001 S0002+B0001
000010 01 0001.000 0001.000 000000000009.000000 000000000009.000000 gertjan         0001 S0002+B0002
000011 01 0001.000 0001.000 000000000009.000000 000000000009.000000 gertjan         0001 S0002+B0002
000012 01 0001.000 0001.000 000000000009.000000 000000000009.000000 gertjan         0001 S0002+B0002
000013 01 0001.000 0001.000 000000000009.000000 000000000009.000000 gertjan         0002 S0003+B0001
000014 01 0001.000 0001.000 000000000009.000000 000000000009.000000 gertjan         0002 S0003+B0001
000015 01 0001.000 0001.000 000000000009.000000 000000000009.000000 gertjan         0002 S0003+B0001
000016 01 0001.000 0001.000 000000000009.000000 000000000009.000000 gertjan         0002 S0004+B0001
000017 01 0001.000 0001.000 000000000009.000000 000000000009.000000 gertjan         0002 S0004+B0001
000018 01 0001.000 0001.000 000000000009.000000 000000000009.000000 gertjan         0002 S0004+B0001
000019 01 0001.000 0001.000 000000000009.000000 000000000009.000000 gertjan         0002 S0003+B0002
000020 01 0001.000 0001.000 000000000009.000000 000000000009.000000 gertjan         0002 S0003+B0002
000021 01 0001.000 0001.000 000000000009.000000 000000000009.000000 gertjan         0002 S0003+B0002
000022 01 0001.000 0001.000 000000000009.000000 000000000009.000000 gertjan         0002 S0004+B0002
000023 01 0001.000 0001.000 000000000009.000000 000000000009.000000 gertjan         0002 S0004+B0002
000024 01 0001.000 0001.000 000000000009.000000 000000000009.000000 gertjan         0002 S0004+B0002
000025 01 0001.000 0001.000 000000000009.000000 000000000009.000000 gertjan         0003 S0005+B0001
000026 01 0001.000 0001.000 000000000009.000000 000000000009.000000 gertjan         0003 S0005+B0001
000027 01 0001.000 0001.000 000000000009.000000 000000000009.000000 gertjan         0003 S0005+B0001
000028 01 0001.000 0001.000 000000000009.000000 000000000009.000000 gertjan         0003 S0006+B0001
000029 01 0001.000 0001.000 000000000009.000000 000000000009.000000 gertjan         0003 S0006+B0001
000030 01 0001.000 0001.000 000000000009.000000 000000000009.000000 gertjan         0003 S0006+B0001
000031 01 0001.000 0001.000 000000000009.000000 000000000009.000000 gertjan         0003 S0005+B0002
000032 01 0001.000 0001.000 000000000009.000000 000000000009.000000 gertjan         0003 S0005+B0002
000033 01 0001.000 0001.000 000000000009.000000 000000000009.000000 gertjan         0003 S0005+B0002
000034 01 0001.000 0001.000 000000000009.000000 000000000009.000000 gertjan         0003 S0006+B0002
000035 01 0001.000 0001.000 000000000009.000000 000000000009.000000 gertjan         0003 S0006+B0002
000036 01 0001.000 0001.000 000000000009.000000 000000000009.000000 gertjan         0003 S0006+B0002
000037 01 0001.000 0001.000 000000000009.000000 000000000009.000000 gertjan         0004 S0011+B0001
000038 01 0001.000 0001.000 000000000009.000000 000000000009.000000 gertjan         0004 S0011+B0001
000039 01 0001.000 0001.000 000000000009.000000 000000000009.000000 gertjan         0004 S0011+B0001
000040 01 0001.000 0001.000 000000000009.000000 000000000009.000000 gertjan         0004 S0012+B0001
000041 01 0001.000 0001.000 000000000009.000000 000000000009.000000 gertjan         0004 S0012+B0001
000042 01 0001.000 0001.000 000000000009.000000 000000000009.000000 gertjan         0004 S0012+B0001
000043 01 0001.000 0001.000 000000000009.000000 000000000009.000000 gertjan         0004 S0011+B0002
000044 01 0001.000 0001.000 000000000009.000000 000000000009.000000 gertjan         0004 S0011+B0002
000045 01 0001.000 0001.000 000000000009.000000 000000000009.000000 gertjan         0004 S0011+B0002
000046 01 0001.000 0001.000 000000000009.000000 000000000009.000000 gertjan         0004 S0012+B0002
000047 01 0001.000 0001.000 000000000009.000000 000000000009.000000 gertjan         0004 S0012+B0002
000048 01 0001.000 0001.000 000000000009.000000 000000000009.000000 gertjan         0004 S0012+B0002
000049 01 0001.000 0001.000 000000000009.000000 000000000009.000000 gertjan         0005 S0007+B0001
000050 01 0001.000 0001.000 000000000009.000000 000000000009.000000 gertjan         0005 S0007+B0001
000051 01 0001.000 0001.000 000000000009.000000 000000000009.000000 gertjan         0005 S0007+B0001
000052 01 0001.000 0001.000 000000000009.000000 000000000009.000000 gertjan         0005 S0008+B0001
000053 01 0001.000 0001.000 000000000009.000000 000000000009.000000 gertjan         0005 S0008+B0001
000054 01 0001.000 0001.000 000000000009.000000 000000000009.000000 gertjan         0005 S0008+B0001
000055 01 0001.000 0001.000 000000000009.000000 000000000009.000000 gertjan         0005 S0007+B0002
000056 01 0001.000 0001.000 000000000009.000000 000000000009.000000 gertjan         0005 S0007+B0002
000057 01 0001.000 0001.000 000000000009.000000 000000000009.000000 gertjan         0005 S0007+B0002
000058 01 0001.000 0001.000 000000000009.000000 000000000009.000000 gertjan         0005 S0008+B0002
000059 01 0001.000 0001.000 000000000009.000000 000000000009.000000 gertjan         0005 S0008+B0002
000060 01 0001.000 0001.000 000000000009.000000 000000000009.000000 gertjan         0005 S0008+B0002
000061 01 0001.000 0001.000 000000000009.000000 000000000009.000000 gertjan         0006 S0009+B0001
000062 01 0001.000 0001.000 000000000009.000000 000000000009.000000 gertjan         0006 S0009+B0001
000063 01 0001.000 0001.000 000000000009.000000 000000000009.000000 gertjan         0006 S0009+B0001
000064 01 0001.000 0001.000 000000000009.000000 000000000009.000000 gertjan         0006 S0010+B0001
000065 01 0001.000 0001.000 000000000009.000000 000000000009.000000 gertjan         0006 S0010+B0001
000066 01 0001.000 0001.000 000000000009.000000 000000000009.000000 gertjan         0006 S0010+B0001
000067 01 0001.000 0001.000 000000000009.000000 000000000009.000000 gertjan         0006 S0009+B0002
000068 01 0001.000 0001.000 000000000009.000000 000000000009.000000 gertjan         0006 S0009+B0002
000069 01 0001.000 0001.000 000000000009.000000 000000000009.000000 gertjan         0006 S0009+B0002
000071 01 0001.000 0001.000 000000000009.000000 000000000009.000000 gertjan         0006 S0010+B0002
000072 01 0001.000 0001.000 000000000009.000000 000000000009.000000 gertjan         0006 S0010+B0002
000073 01 0001.000 0001.000 000000000009.000000 000000000009.000000 gertjan         0006 S0010+B0002
000074 01 0001.000 0001.000 000000000009.000000 000000000009.000000 gertjan         0001 S0001+B0001
