D000001+S0001 000000000003.000000 000000000000.000000 000000000000.000000 000000000000.000000 0001 S0001+B0001
D000001+S0002 000000000003.000000 000000000000.000000 000000000000.000000 000000000000.000000 0001 S0001+B0001
D000001+S0003 000000000003.000000 000000000000.000000 000000000000.000000 000000000000.000000 0001 S0001+B0001
D000002+S0001 000000000003.000000 000000000000.000000 000000000000.000000 000000000000.000000 0001 S0001+B0001
D000002+S0002 000000000003.000000 000000000000.000000 000000000000.000000 000000000000.000000 0001 S0001+B0001
D000002+S0003 000000000003.000000 000000000000.000000 000000000000.000000 000000000000.000000 0001 S0001+B0001
D000003+S0001 000000000003.000000 000000000000.000000 000000000000.000000 000000000000.000000 0001 S0001+B0001
D000003+S0002 000000000003.000000 000000000000.000000 000000000000.000000 000000000000.000000 0001 S0001+B0001
D000003+S0003 000000000003.000000 000000000000.000000 000000000000.000000 000000000000.000000 0001 S0001+B0001
D000004+S0001 000000000003.000000 000000000000.000000 000000000000.000000 000000000000.000000 0001 S0001+B0002
D000004+S0002 000000000003.000000 000000000000.000000 000000000000.000000 000000000000.000000 0001 S0001+B0002
D000004+S0003 000000000003.000000 000000000000.000000 000000000000.000000 000000000000.000000 0001 S0001+B0002
D000005+S0001 000000000003.000000 000000000000.000000 000000000000.000000 000000000000.000000 0001 S0001+B0002
D000005+S0002 000000000003.000000 000000000000.000000 000000000000.000000 000000000000.000000 0001 S0001+B0002
D000005+S0003 000000000003.000000 000000000000.000000 000000000000.000000 000000000000.000000 0001 S0001+B0002
D000006+S0001 000000000003.000000 000000000000.000000 000000000000.000000 000000000000.000000 0001 S0001+B0002
D000006+S0002 000000000003.000000 000000000000.000000 000000000000.000000 000000000000.000000 0001 S0001+B0002
D000006+S0003 000000000003.000000 000000000000.000000 000000000000.000000 000000000000.000000 0001 S0001+B0002
D000007+S0001 000000000003.000000 000000000000.000000 000000000000.000000 000000000000.000000 0001 S0002+B0001
D000007+S0002 000000000003.000000 000000000000.000000 000000000000.000000 000000000000.000000 0001 S0002+B0001
D000007+S0003 000000000003.000000 000000000000.000000 000000000000.000000 000000000000.000000 0001 S0002+B0001
D000008+S0001 000000000003.000000 000000000000.000000 000000000000.000000 000000000000.000000 0001 S0002+B0001
D000008+S0002 000000000003.000000 000000000000.000000 000000000000.000000 000000000000.000000 0001 S0002+B0001
D000008+S0003 000000000003.000000 000000000000.000000 000000000000.000000 000000000000.000000 0001 S0002+B0001
D000009+S0001 000000000003.000000 000000000000.000000 000000000000.000000 000000000000.000000 0001 S0002+B0001
D000009+S0002 000000000003.000000 000000000000.000000 000000000000.000000 000000000000.000000 0001 S0002+B0001
D000009+S0003 000000000003.000000 000000000000.000000 000000000000.000000 000000000000.000000 0001 S0002+B0001
D000010+S0001 000000000003.000000 000000000000.000000 000000000000.000000 000000000000.000000 0001 S0002+B0002
D000010+S0002 000000000003.000000 000000000000.000000 000000000000.000000 000000000000.000000 0001 S0002+B0002
D000010+S0003 000000000003.000000 000000000000.000000 000000000000.000000 000000000000.000000 0001 S0002+B0002
D000011+S0001 000000000003.000000 000000000000.000000 000000000000.000000 000000000000.000000 0001 S0002+B0002
D000011+S0002 000000000003.000000 000000000000.000000 000000000000.000000 000000000000.000000 0001 S0002+B0002
D000011+S0003 000000000003.000000 000000000000.000000 000000000000.000000 000000000000.000000 0001 S0002+B0002
D000012+S0001 000000000003.000000 000000000000.000000 000000000000.000000 000000000000.000000 0001 S0002+B0002
D000012+S0002 000000000003.000000 000000000000.000000 000000000000.000000 000000000000.000000 0001 S0002+B0002
D000012+S0003 000000000003.000000 000000000000.000000 000000000000.000000 000000000000.000000 0001 S0002+B0002
D000013+S0001 000000000003.000000 000000000000.000000 000000000000.000000 000000000000.000000 0002 S0003+B0001
D000013+S0002 000000000003.000000 000000000000.000000 000000000000.000000 000000000000.000000 0002 S0003+B0001
D000013+S0003 000000000003.000000 000000000000.000000 000000000000.000000 000000000000.000000 0002 S0003+B0001
D000014+S0001 000000000003.000000 000000000000.000000 000000000000.000000 000000000000.000000 0002 S0003+B0001
D000014+S0002 000000000003.000000 000000000000.000000 000000000000.000000 000000000000.000000 0002 S0003+B0001
D000014+S0003 000000000003.000000 000000000000.000000 000000000000.000000 000000000000.000000 0002 S0003+B0001
D000015+S0001 000000000003.000000 000000000000.000000 000000000000.000000 000000000000.000000 0002 S0003+B0001
D000015+S0002 000000000003.000000 000000000000.000000 000000000000.000000 000000000000.000000 0002 S0003+B0001
D000015+S0003 000000000003.000000 000000000000.000000 000000000000.000000 000000000000.000000 0002 S0003+B0001
D000016+S0001 000000000003.000000 000000000000.000000 000000000000.000000 000000000000.000000 0002 S0004+B0001
D000016+S0002 000000000003.000000 000000000000.000000 000000000000.000000 000000000000.000000 0002 S0004+B0001
D000016+S0003 000000000003.000000 000000000000.000000 000000000000.000000 000000000000.000000 0002 S0004+B0001
D000017+S0001 000000000003.000000 000000000000.000000 000000000000.000000 000000000000.000000 0002 S0004+B0001
D000017+S0002 000000000003.000000 000000000000.000000 000000000000.000000 000000000000.000000 0002 S0004+B0001
D000017+S0003 000000000003.000000 000000000000.000000 000000000000.000000 000000000000.000000 0002 S0004+B0001
D000018+S0001 000000000003.000000 000000000000.000000 000000000000.000000 000000000000.000000 0002 S0004+B0001
D000018+S0002 000000000003.000000 000000000000.000000 000000000000.000000 000000000000.000000 0002 S0004+B0001
D000018+S0003 000000000003.000000 000000000000.000000 000000000000.000000 000000000000.000000 0002 S0004+B0001
D000019+S0001 000000000003.000000 000000000000.000000 000000000000.000000 000000000000.000000 0002 S0003+B0002
D000019+S0002 000000000003.000000 000000000000.000000 000000000000.000000 000000000000.000000 0002 S0003+B0002
D000019+S0003 000000000003.000000 000000000000.000000 000000000000.000000 000000000000.000000 0002 S0003+B0002
D000020+S0001 000000000003.000000 000000000000.000000 000000000000.000000 000000000000.000000 0002 S0003+B0002
D000020+S0002 000000000003.000000 000000000000.000000 000000000000.000000 000000000000.000000 0002 S0003+B0002
D000020+S0003 000000000003.000000 000000000000.000000 000000000000.000000 000000000000.000000 0002 S0003+B0002
D000021+S0001 000000000003.000000 000000000000.000000 000000000000.000000 000000000000.000000 0002 S0003+B0002
D000021+S0002 000000000003.000000 000000000000.000000 000000000000.000000 000000000000.000000 0002 S0003+B0002
D000021+S0003 000000000003.000000 000000000000.000000 000000000000.000000 000000000000.000000 0002 S0003+B0002
D000022+S0001 000000000003.000000 000000000000.000000 000000000000.000000 000000000000.000000 0002 S0004+B0002
D000022+S0002 000000000003.000000 000000000000.000000 000000000000.000000 000000000000.000000 0002 S0004+B0002
D000022+S0003 000000000003.000000 000000000000.000000 000000000000.000000 000000000000.000000 0002 S0004+B0002
D000023+S0001 000000000003.000000 000000000000.000000 000000000000.000000 000000000000.000000 0002 S0004+B0002
D000023+S0002 000000000003.000000 000000000000.000000 000000000000.000000 000000000000.000000 0002 S0004+B0002
D000023+S0003 000000000003.000000 000000000000.000000 000000000000.000000 000000000000.000000 0002 S0004+B0002
D000024+S0001 000000000003.000000 000000000000.000000 000000000000.000000 000000000000.000000 0002 S0004+B0002
D000024+S0002 000000000003.000000 000000000000.000000 000000000000.000000 000000000000.000000 0002 S0004+B0002
D000024+S0003 000000000003.000000 000000000000.000000 000000000000.000000 000000000000.000000 0002 S0004+B0002
D000025+S0001 000000000003.000000 000000000000.000000 000000000000.000000 000000000000.000000 0003 S0005+B0001
D000025+S0002 000000000003.000000 000000000000.000000 000000000000.000000 000000000000.000000 0003 S0005+B0001
D000025+S0003 000000000003.000000 000000000000.000000 000000000000.000000 000000000000.000000 0003 S0005+B0001
D000026+S0001 000000000003.000000 000000000000.000000 000000000000.000000 000000000000.000000 0003 S0005+B0001
D000026+S0002 000000000003.000000 000000000000.000000 000000000000.000000 000000000000.000000 0003 S0005+B0001
D000026+S0003 000000000003.000000 000000000000.000000 000000000000.000000 000000000000.000000 0003 S0005+B0001
D000027+S0001 000000000003.000000 000000000000.000000 000000000000.000000 000000000000.000000 0003 S0005+B0001
D000027+S0002 000000000003.000000 000000000000.000000 000000000000.000000 000000000000.000000 0003 S0005+B0001
D000027+S0003 000000000003.000000 000000000000.000000 000000000000.000000 000000000000.000000 0003 S0005+B0001
D000028+S0001 000000000003.000000 000000000000.000000 000000000000.000000 000000000000.000000 0003 S0006+B0001
D000028+S0002 000000000003.000000 000000000000.000000 000000000000.000000 000000000000.000000 0003 S0006+B0001
D000028+S0003 000000000003.000000 000000000000.000000 000000000000.000000 000000000000.000000 0003 S0006+B0001
D000029+S0001 000000000003.000000 000000000000.000000 000000000000.000000 000000000000.000000 0003 S0006+B0001
D000029+S0002 000000000003.000000 000000000000.000000 000000000000.000000 000000000000.000000 0003 S0006+B0001
D000029+S0003 000000000003.000000 000000000000.000000 000000000000.000000 000000000000.000000 0003 S0006+B0001
D000030+S0001 000000000003.000000 000000000000.000000 000000000000.000000 000000000000.000000 0003 S0006+B0001
D000030+S0002 000000000003.000000 000000000000.000000 000000000000.000000 000000000000.000000 0003 S0006+B0001
D000030+S0003 000000000003.000000 000000000000.000000 000000000000.000000 000000000000.000000 0003 S0006+B0001
D000031+S0001 000000000003.000000 000000000000.000000 000000000000.000000 000000000000.000000 0003 S0005+B0002
D000031+S0002 000000000003.000000 000000000000.000000 000000000000.000000 000000000000.000000 0003 S0005+B0002
D000031+S0003 000000000003.000000 000000000000.000000 000000000000.000000 000000000000.000000 0003 S0005+B0002
D000032+S0001 000000000003.000000 000000000000.000000 000000000000.000000 000000000000.000000 0003 S0005+B0002
D000032+S0002 000000000003.000000 000000000000.000000 000000000000.000000 000000000000.000000 0003 S0005+B0002
D000032+S0003 000000000003.000000 000000000000.000000 000000000000.000000 000000000000.000000 0003 S0005+B0002
D000033+S0001 000000000003.000000 000000000000.000000 000000000000.000000 000000000000.000000 0003 S0005+B0002
D000033+S0002 000000000003.000000 000000000000.000000 000000000000.000000 000000000000.000000 0003 S0005+B0002
D000033+S0003 000000000003.000000 000000000000.000000 000000000000.000000 000000000000.000000 0003 S0005+B0002
D000034+S0001 000000000003.000000 000000000000.000000 000000000000.000000 000000000000.000000 0003 S0006+B0002
D000034+S0002 000000000003.000000 000000000000.000000 000000000000.000000 000000000000.000000 0003 S0006+B0002
D000034+S0003 000000000003.000000 000000000000.000000 000000000000.000000 000000000000.000000 0003 S0006+B0002
D000035+S0001 000000000003.000000 000000000000.000000 000000000000.000000 000000000000.000000 0003 S0006+B0002
D000035+S0002 000000000003.000000 000000000000.000000 000000000000.000000 000000000000.000000 0003 S0006+B0002
D000035+S0003 000000000003.000000 000000000000.000000 000000000000.000000 000000000000.000000 0003 S0006+B0002
D000036+S0001 000000000003.000000 000000000000.000000 000000000000.000000 000000000000.000000 0003 S0006+B0002
D000036+S0002 000000000003.000000 000000000000.000000 000000000000.000000 000000000000.000000 0003 S0006+B0002
D000036+S0003 000000000003.000000 000000000000.000000 000000000000.000000 000000000000.000000 0003 S0006+B0002
D000037+S0001 000000000003.000000 000000000000.000000 000000000000.000000 000000000000.000000 0004 S0011+B0001
D000037+S0002 000000000003.000000 000000000000.000000 000000000000.000000 000000000000.000000 0004 S0011+B0001
D000037+S0003 000000000003.000000 000000000000.000000 000000000000.000000 000000000000.000000 0004 S0011+B0001
D000038+S0001 000000000003.000000 000000000000.000000 000000000000.000000 000000000000.000000 0004 S0011+B0001
D000038+S0002 000000000003.000000 000000000000.000000 000000000000.000000 000000000000.000000 0004 S0011+B0001
D000038+S0003 000000000003.000000 000000000000.000000 000000000000.000000 000000000000.000000 0004 S0011+B0001
D000039+S0001 000000000003.000000 000000000000.000000 000000000000.000000 000000000000.000000 0004 S0011+B0001
D000039+S0002 000000000003.000000 000000000000.000000 000000000000.000000 000000000000.000000 0004 S0011+B0001
D000039+S0003 000000000003.000000 000000000000.000000 000000000000.000000 000000000000.000000 0004 S0011+B0001
D000040+S0001 000000000003.000000 000000000000.000000 000000000000.000000 000000000000.000000 0004 S0012+B0001
D000040+S0002 000000000003.000000 000000000000.000000 000000000000.000000 000000000000.000000 0004 S0012+B0001
D000040+S0003 000000000003.000000 000000000000.000000 000000000000.000000 000000000000.000000 0004 S0012+B0001
D000041+S0001 000000000003.000000 000000000000.000000 000000000000.000000 000000000000.000000 0004 S0012+B0001
D000041+S0002 000000000003.000000 000000000000.000000 000000000000.000000 000000000000.000000 0004 S0012+B0001
D000041+S0003 000000000003.000000 000000000000.000000 000000000000.000000 000000000000.000000 0004 S0012+B0001
D000042+S0001 000000000003.000000 000000000000.000000 000000000000.000000 000000000000.000000 0004 S0012+B0001
D000042+S0002 000000000003.000000 000000000000.000000 000000000000.000000 000000000000.000000 0004 S0012+B0001
D000042+S0003 000000000003.000000 000000000000.000000 000000000000.000000 000000000000.000000 0004 S0012+B0001
D000043+S0001 000000000003.000000 000000000000.000000 000000000000.000000 000000000000.000000 0004 S0011+B0002
D000043+S0002 000000000003.000000 000000000000.000000 000000000000.000000 000000000000.000000 0004 S0011+B0002
D000043+S0003 000000000003.000000 000000000000.000000 000000000000.000000 000000000000.000000 0004 S0011+B0002
D000044+S0001 000000000003.000000 000000000000.000000 000000000000.000000 000000000000.000000 0004 S0011+B0002
D000044+S0002 000000000003.000000 000000000000.000000 000000000000.000000 000000000000.000000 0004 S0011+B0002
D000044+S0003 000000000003.000000 000000000000.000000 000000000000.000000 000000000000.000000 0004 S0011+B0002
D000045+S0001 000000000003.000000 000000000000.000000 000000000000.000000 000000000000.000000 0004 S0011+B0002
D000045+S0002 000000000003.000000 000000000000.000000 000000000000.000000 000000000000.000000 0004 S0011+B0002
D000045+S0003 000000000003.000000 000000000000.000000 000000000000.000000 000000000000.000000 0004 S0011+B0002
D000046+S0001 000000000003.000000 000000000000.000000 000000000000.000000 000000000000.000000 0004 S0012+B0002
D000046+S0002 000000000003.000000 000000000000.000000 000000000000.000000 000000000000.000000 0004 S0012+B0002
D000046+S0003 000000000003.000000 000000000000.000000 000000000000.000000 000000000000.000000 0004 S0012+B0002
D000047+S0001 000000000003.000000 000000000000.000000 000000000000.000000 000000000000.000000 0004 S0012+B0002
D000047+S0002 000000000003.000000 000000000000.000000 000000000000.000000 000000000000.000000 0004 S0012+B0002
D000047+S0003 000000000003.000000 000000000000.000000 000000000000.000000 000000000000.000000 0004 S0012+B0002
D000048+S0001 000000000003.000000 000000000000.000000 000000000000.000000 000000000000.000000 0004 S0012+B0002
D000048+S0002 000000000003.000000 000000000000.000000 000000000000.000000 000000000000.000000 0004 S0012+B0002
D000048+S0003 000000000003.000000 000000000000.000000 000000000000.000000 000000000000.000000 0004 S0012+B0002
D000049+S0001 000000000003.000000 000000000000.000000 000000000000.000000 000000000000.000000 0005 S0007+B0001
D000049+S0002 000000000003.000000 000000000000.000000 000000000000.000000 000000000000.000000 0005 S0007+B0001
D000049+S0003 000000000003.000000 000000000000.000000 000000000000.000000 000000000000.000000 0005 S0007+B0001
D000050+S0001 000000000003.000000 000000000000.000000 000000000000.000000 000000000000.000000 0005 S0007+B0001
D000050+S0002 000000000003.000000 000000000000.000000 000000000000.000000 000000000000.000000 0005 S0007+B0001
D000050+S0003 000000000003.000000 000000000000.000000 000000000000.000000 000000000000.000000 0005 S0007+B0001
D000051+S0001 000000000003.000000 000000000000.000000 000000000000.000000 000000000000.000000 0005 S0007+B0001
D000051+S0002 000000000003.000000 000000000000.000000 000000000000.000000 000000000000.000000 0005 S0007+B0001
D000051+S0003 000000000003.000000 000000000000.000000 000000000000.000000 000000000000.000000 0005 S0007+B0001
D000052+S0001 000000000003.000000 000000000000.000000 000000000000.000000 000000000000.000000 0005 S0008+B0001
D000052+S0002 000000000003.000000 000000000000.000000 000000000000.000000 000000000000.000000 0005 S0008+B0001
D000052+S0003 000000000003.000000 000000000000.000000 000000000000.000000 000000000000.000000 0005 S0008+B0001
D000053+S0001 000000000003.000000 000000000000.000000 000000000000.000000 000000000000.000000 0005 S0008+B0001
D000053+S0002 000000000003.000000 000000000000.000000 000000000000.000000 000000000000.000000 0005 S0008+B0001
D000053+S0003 000000000003.000000 000000000000.000000 000000000000.000000 000000000000.000000 0005 S0008+B0001
D000054+S0001 000000000003.000000 000000000000.000000 000000000000.000000 000000000000.000000 0005 S0008+B0001
D000054+S0002 000000000003.000000 000000000000.000000 000000000000.000000 000000000000.000000 0005 S0008+B0001
D000054+S0003 000000000003.000000 000000000000.000000 000000000000.000000 000000000000.000000 0005 S0008+B0001
D000055+S0001 000000000003.000000 000000000000.000000 000000000000.000000 000000000000.000000 0005 S0007+B0002
D000055+S0002 000000000003.000000 000000000000.000000 000000000000.000000 000000000000.000000 0005 S0007+B0002
D000055+S0003 000000000003.000000 000000000000.000000 000000000000.000000 000000000000.000000 0005 S0007+B0002
D000056+S0001 000000000003.000000 000000000000.000000 000000000000.000000 000000000000.000000 0005 S0007+B0002
D000056+S0002 000000000003.000000 000000000000.000000 000000000000.000000 000000000000.000000 0005 S0007+B0002
D000056+S0003 000000000003.000000 000000000000.000000 000000000000.000000 000000000000.000000 0005 S0007+B0002
D000057+S0001 000000000003.000000 000000000000.000000 000000000000.000000 000000000000.000000 0005 S0007+B0002
D000057+S0002 000000000003.000000 000000000000.000000 000000000000.000000 000000000000.000000 0005 S0007+B0002
D000057+S0003 000000000003.000000 000000000000.000000 000000000000.000000 000000000000.000000 0005 S0007+B0002
D000058+S0001 000000000003.000000 000000000000.000000 000000000000.000000 000000000000.000000 0005 S0008+B0002
D000058+S0002 000000000003.000000 000000000000.000000 000000000000.000000 000000000000.000000 0005 S0008+B0002
D000058+S0003 000000000003.000000 000000000000.000000 000000000000.000000 000000000000.000000 0005 S0008+B0002
D000059+S0001 000000000003.000000 000000000000.000000 000000000000.000000 000000000000.000000 0005 S0008+B0002
D000059+S0002 000000000003.000000 000000000000.000000 000000000000.000000 000000000000.000000 0005 S0008+B0002
D000059+S0003 000000000003.000000 000000000000.000000 000000000000.000000 000000000000.000000 0005 S0008+B0002
D000060+S0001 000000000003.000000 000000000000.000000 000000000000.000000 000000000000.000000 0005 S0008+B0002
D000060+S0002 000000000003.000000 000000000000.000000 000000000000.000000 000000000000.000000 0005 S0008+B0002
D000060+S0003 000000000003.000000 000000000000.000000 000000000000.000000 000000000000.000000 0005 S0008+B0002
D000061+S0001 000000000003.000000 000000000000.000000 000000000000.000000 000000000000.000000 0006 S0009+B0001
D000061+S0002 000000000003.000000 000000000000.000000 000000000000.000000 000000000000.000000 0006 S0009+B0001
D000061+S0003 000000000003.000000 000000000000.000000 000000000000.000000 000000000000.000000 0006 S0009+B0001
D000062+S0001 000000000003.000000 000000000000.000000 000000000000.000000 000000000000.000000 0006 S0009+B0001
D000062+S0002 000000000003.000000 000000000000.000000 000000000000.000000 000000000000.000000 0006 S0009+B0001
D000062+S0003 000000000003.000000 000000000000.000000 000000000000.000000 000000000000.000000 0006 S0009+B0001
D000063+S0001 000000000003.000000 000000000000.000000 000000000000.000000 000000000000.000000 0006 S0009+B0001
D000063+S0002 000000000003.000000 000000000000.000000 000000000000.000000 000000000000.000000 0006 S0009+B0001
D000063+S0003 000000000003.000000 000000000000.000000 000000000000.000000 000000000000.000000 0006 S0009+B0001
D000064+S0001 000000000003.000000 000000000000.000000 000000000000.000000 000000000000.000000 0006 S0010+B0001
D000064+S0002 000000000003.000000 000000000000.000000 000000000000.000000 000000000000.000000 0006 S0010+B0001
D000064+S0003 000000000003.000000 000000000000.000000 000000000000.000000 000000000000.000000 0006 S0010+B0001
D000065+S0001 000000000003.000000 000000000000.000000 000000000000.000000 000000000000.000000 0006 S0010+B0001
D000065+S0002 000000000003.000000 000000000000.000000 000000000000.000000 000000000000.000000 0006 S0010+B0001
D000065+S0003 000000000003.000000 000000000000.000000 000000000000.000000 000000000000.000000 0006 S0010+B0001
D000066+S0001 000000000003.000000 000000000000.000000 000000000000.000000 000000000000.000000 0006 S0010+B0001
D000066+S0002 000000000003.000000 000000000000.000000 000000000000.000000 000000000000.000000 0006 S0010+B0001
D000066+S0003 000000000003.000000 000000000000.000000 000000000000.000000 000000000000.000000 0006 S0010+B0001
D000067+S0001 000000000003.000000 000000000000.000000 000000000000.000000 000000000000.000000 0006 S0009+B0002
D000067+S0002 000000000003.000000 000000000000.000000 000000000000.000000 000000000000.000000 0006 S0009+B0002
D000067+S0003 000000000003.000000 000000000000.000000 000000000000.000000 000000000000.000000 0006 S0009+B0002
D000068+S0001 000000000003.000000 000000000000.000000 000000000000.000000 000000000000.000000 0006 S0009+B0002
D000068+S0002 000000000003.000000 000000000000.000000 000000000000.000000 000000000000.000000 0006 S0009+B0002
D000068+S0003 000000000003.000000 000000000000.000000 000000000000.000000 000000000000.000000 0006 S0009+B0002
D000069+S0001 000000000003.000000 000000000000.000000 000000000000.000000 000000000000.000000 0006 S0009+B0002
D000069+S0002 000000000003.000000 000000000000.000000 000000000000.000000 000000000000.000000 0006 S0009+B0002
D000069+S0003 000000000003.000000 000000000000.000000 000000000000.000000 000000000000.000000 0006 S0009+B0002
D000071+S0001 000000000003.000000 000000000000.000000 000000000000.000000 000000000000.000000 0006 S0010+B0002
D000071+S0002 000000000003.000000 000000000000.000000 000000000000.000000 000000000000.000000 0006 S0010+B0002
D000071+S0003 000000000003.000000 000000000000.000000 000000000000.000000 000000000000.000000 0006 S0010+B0002
D000072+S0001 000000000003.000000 000000000000.000000 000000000000.000000 000000000000.000000 0006 S0010+B0002
D000072+S0002 000000000003.000000 000000000000.000000 000000000000.000000 000000000000.000000 0006 S0010+B0002
D000072+S0003 000000000003.000000 000000000000.000000 000000000000.000000 000000000000.000000 0006 S0010+B0002
D000073+S0001 000000000003.000000 000000000000.000000 000000000000.000000 000000000000.000000 0006 S0010+B0002
D000073+S0002 000000000003.000000 000000000000.000000 000000000000.000000 000000000000.000000 0006 S0010+B0002
D000073+S0003 000000000003.000000 000000000000.000000 000000000000.000000 000000000000.000000 0006 S0010+B0002
D000074+S0001 000000000003.000000 000000000000.000000 000000000000.000000 000000000000.000000 0001 S0001+B0001
D000074+S0002 000000000003.000000 000000000000.000000 000000000000.000000 000000000000.000000 0001 S0001+B0001
D000074+S0003 000000000003.000000 000000000000.000000 000000000000.000000 000000000000.000000 0001 S0001+B0001
