000001 26 0001,000 0001,000 000000000002,500000 000000000002,500000 Issaka Hamidou  0003 S0003+B0002
000002 23 0001,000 0001,000 000000000006,180000 000000000006,180000 Issaka Hamidou  0003 S0003+B0002
000003 23 0001,000 0001,000 000000000006,210000 000000000006,210000 Issaka Hamidou  0003 S0003+B0002
000004 28 0001,000 0000,500 000000000012,800000 000000000012,800000 Issaka Hamidou  0003 S0003+B0005
000005 28 0001,000 0000,500 000000000010,000000 000000000010,000000 Issaka Hamidou  0003 S0003+B0005
000006 12 0001,000 0000,500 000000000007,400001 000000000007,400001 Issaka Hamidou  0003 S0003+B0005
000007 12 0001,000 0000,500 000000000015,800000 000000000015,800000 Issaka Hamidou  0003 S0003+B0005
000008 04 0001,000 0000,500 000000000007,900000 000000000007,900000 Issaka Hamidou  0003 S0003+B0005
000009 04 0001,000 0000,500 000000000006,550000 000000000006,550000 Issaka Hamidou  0003 S0003+B0005
000010 23 0001,000 0000,500 000000000003,150000 000000000003,150000 Issaka Hamidou  0003 S0003+B0005
000011 23 0001,000 0000,500 000000000010,065000 000000000010,065000 Issaka Hamidou  0003 S0003+B0005
000012 29 0001,000 0001,000 000000000006,425000 000000000006,425000 Issaka Hamidou  0003 S0003+B0001
000013 29 0001,000 0001,000 000000000021,200001 000000000021,200001 Issaka Hamidou  0003 S0003+B0001
000014 13 0001,000 0001,000 000000000006,950000 000000000006,950000 Issaka Hamidou  0003 S0003+B0001
000015 13 0001,000 0001,000 000000000013,600000 000000000013,600000 Issaka Hamidou  0003 S0003+B0001
000016 05 0001,000 0001,000 000000000026,700001 000000000026,700001 Issaka Hamidou  0003 S0003+B0001
000017 05 0001,000 0001,000 000000000019,700001 000000000019,700001 Issaka Hamidou  0003 S0003+B0001
000018 24 0001,000 0001,000 000000000011,600000 000000000011,600000 Issaka Hamidou  0003 S0003+B0001
000019 30 0001,000 0001,000 000000000002,200000 000000000002,200000 S. François     0004 S0004+B0001
000020 30 0001,000 0001,000 000000000003,300000 000000000003,300000 S. François     0004 S0004+B0001
000021 18 0001,000 0001,000 000000000003,900000 000000000003,900000 S. François     0004 S0004+B0001
000022 18 0001,000 0001,000 000000000006,100000 000000000006,100000 S. François     0004 S0004+B0001
000023 22 0001,000 0001,000 000000000004,200000 000000000004,200000 S. François     0004 S0004+B0001
000024 22 0001,000 0001,000 000000000004,300000 000000000004,300000 S. François     0004 S0004+B0001
000025 15 0001,000 0001,000 000000000006,800000 000000000006,800000 S. François     0004 S0004+B0001
000026 15 0001,000 0001,000 000000000007,300000 000000000007,300000 S. François     0004 S0004+B0001
000027 03 0001,000 0001,000 000000000005,700000 000000000005,700000 S. François     0004 S0004+B0001
000028 03 0001,000 0001,000 000000000004,400000 000000000004,400000 S. François     0004 S0004+B0001
000029 07 0001,000 0001,000 000000000003,900000 000000000003,900000 S. François     0004 S0004+B0001
000030 07 0001,000 0001,000 000000000004,300000 000000000004,300000 S. François     0004 S0004+B0001
000031 28 0001,000 0001,000 000000000005,700000 000000000005,700000 S. François     0004 S0004+B0001
000032 28 0001,000 0001,000 000000000005,400001 000000000005,400001 S. François     0004 S0004+B0001
000033 28 0001,000 0000,500 000000000010,000000 000000000010,000000 s.Abdoulaye     0004 S0005+B0001
000034 28 0001,000 0000,500 000000000030,000000 000000000030,000000 s.Abdoulaye     0004 S0005+B0001
000035 09 0001,000 0000,500 000000000015,000000 000000000015,000000 s.Abdoulaye     0004 S0005+B0001
000036 09 0001,000 0000,500 000000000012,000000 000000000012,000000 s.Abdoulaye     0004 S0005+B0001
000037 15 0001,000 0000,500 000000000025,000000 000000000025,000000 s.Abdoulaye     0004 S0005+B0001
000038 15 0001,000 0000,500 000000000005,000000 000000000005,000000 s.Abdoulaye     0004 S0005+B0001
000039 03 0001,000 0000,500 000000000040,000000 000000000040,000000 s.Abdoulaye     0004 S0005+B0001
000040 03 0001,000 0000,500 000000000007,000000 000000000007,000000 s.Abdoulaye     0004 S0005+B0001
000041 03 0001,000 0001,000 000000000044,000000 000000000044,000000 s.Abdoulaye     0004 S0005+B0005
000042 03 0001,000 0001,000 000000000014,000000 000000000014,000000 s.Abdoulaye     0004 S0005+B0005
000043 28 0001,000 0001,000 000000000043,000000 000000000043,000000 s.Abdoulaye     0004 S0005+B0005
000044 28 0001,000 0001,000 000000000020,000000 000000000020,000000 s.Abdoulaye     0004 S0005+B0005
000045 09 0001,000 0001,000 000000000031,500000 000000000031,500000 s.Abdoulaye     0004 S0005+B0005
000046 09 0001,000 0001,000 000000000010,000000 000000000010,000000 s.Abdoulaye     0004 S0005+B0005
000047 15 0001,000 0001,000 000000000010,000000 000000000010,000000 s.Abdoulaye     0004 S0005+B0005
000048 15 0001,000 0001,000 000000000050,000000 000000000050,000000 s.Abdoulaye     0004 S0005+B0005
000049 28 0001,000 0001,000 000000000027,000000 000000000027,000000 s.Abdoulaye     0004 S0005+B0003
000050 28 0001,000 0001,000 000000000004,000000 000000000004,000000 s.Abdoulaye     0004 S0005+B0003
000051 09 0001,000 0001,000 000000000002,000000 000000000002,000000 s.Abdoulaye     0004 S0005+B0003
000052 26 0001,000 0001,000 000000000004,000000 000000000004,000000 amadou Moukaila 0005 S0007+B0001
000053 26 0001,000 0001,000 000000000003,000000 000000000003,000000 amadou Moukaila 0005 S0007+B0001
000054 24 0001,000 0001,000 000000000001,500000 000000000001,500000 amadou Moukaila 0005 S0007+B0001
000055 24 0001,000 0001,000 000000000001,500000 000000000001,500000 amadou Moukaila 0005 S0007+B0001
000056 16 0001,000 0000,500 000000000003,000000 000000000003,000000 amadou Moukaila 0005 S0007+B0001
000057 16 0001,000 0000,500 000000000002,500000 000000000002,500000 amadou Moukaila 0005 S0007+B0001
000058 20 0001,000 0000,500 000000000003,000000 000000000003,000000 amadou Moukaila 0005 S0007+B0001
000059 20 0001,000 0000,500 000000000002,500000 000000000002,500000 amadou Moukaila 0005 S0007+B0001
000060 13 0001,000 0001,000 000000000005,000000 000000000005,000000 amadou Moukaila 0005 S0007+B0001
000061 13 0001,000 0001,000 000000000002,000000 000000000002,000000 amadou Moukaila 0005 S0007+B0001
000062 10 0001,000 0001,000 000000000005,000000 000000000005,000000 amadou Moukaila 0005 S0007+B0001
000063 10 0001,000 0001,000 000000000004,500000 000000000004,500000 amadou Moukaila 0005 S0007+B0001
000064 06 0001,000 0001,000 000000000006,500000 000000000006,500000 amadou Moukaila 0005 S0007+B0001
000065 06 0001,000 0001,000 000000000007,500000 000000000007,500000 amadou Moukaila 0005 S0007+B0001
000066 03 0001,000 0001,000 000000000002,000000 000000000002,000000 amadou Moukaila 0005 S0007+B0001
000067 03 0001,000 0001,000 000000000004,000000 000000000004,000000 amadou Moukaila 0005 S0007+B0001
000068 26 0001,000 0001,000 000000000001,500000 000000000001,500000 amadou Moukaila 0005 S0008+B0001
000069 26 0001,000 0001,000 000000000005,500000 000000000005,500000 amadou Moukaila 0005 S0008+B0001
000070 20 0001,000 0000,500 000000000005,500000 000000000005,500000 amadou Moukaila 0005 S0008+B0001
000071 20 0001,000 0000,500 000000000007,500000 000000000007,500000 amadou Moukaila 0005 S0008+B0001
000072 24 0001,000 0001,000 000000000004,000000 000000000004,000000 amadou Moukaila 0005 S0008+B0001
000073 24 0001,000 0001,000 000000000004,000000 000000000004,000000 amadou Moukaila 0005 S0008+B0001
000074 16 0001,000 0000,500 000000000007,500000 000000000007,500000 amadou Moukaila 0005 S0008+B0001
000075 16 0001,000 0000,500 000000000005,500000 000000000005,500000 amadou Moukaila 0005 S0008+B0001
000076 12 0001,000 0001,000 000000000004,500000 000000000004,500000 amadou Moukaila 0005 S0008+B0001
000077 12 0001,000 0001,000 000000000001,500000 000000000001,500000 amadou Moukaila 0005 S0008+B0001
000078 09 0001,000 0001,000 000000000005,500000 000000000005,500000 amadou Moukaila 0005 S0008+B0001
000079 09 0001,000 0001,000 000000000002,500000 000000000002,500000 amadou Moukaila 0005 S0008+B0001
000080 05 0001,000 0001,000 000000000003,500000 000000000003,500000 amadou Moukaila 0005 S0008+B0001
000081 05 0001,000 0001,000 000000000009,500000 000000000009,500000 amadou Moukaila 0005 S0008+B0001
000082 03 0001,000 0001,000 000000000002,000000 000000000002,000000 amadou Moukaila 0005 S0008+B0001
000083 03 0001,000 0001,000 000000000005,000000 000000000005,000000 amadou Moukaila 0005 S0008+B0001
000084 03 0001,000 0001,000 000000000013,000000 000000000013,000000 Ibrahim Niandou 0008 S0012+B0001
000085 03 0001,000 0001,000 000000000025,000000 000000000025,000000 Ibrahim Niandou 0008 S0012+B0001
000086 30 0001,000 0001,000 000000000020,000000 000000000020,000000 Ibrahim Niandou 0008 S0012+B0001
000087 30 0001,000 0000,500 000000000007,000000 000000000007,000000 Ibrahim Niandou 0008 S0012+B0001
000088 14 0001,000 0001,000 000000000024,000000 000000000024,000000 Ibrahim Niandou 0008 S0012+B0001
000089 14 0001,000 0001,000 000000000013,000000 000000000013,000000 Ibrahim Niandou 0008 S0012+B0001
000090 10 0001,000 0001,000 000000000028,000000 000000000028,000000 Ibrahim Niandou 0008 S0012+B0001
000091 10 0001,000 0001,000 000000000018,000000 000000000018,000000 Ibrahim Niandou 0008 S0012+B0001
000092 07 0001,000 0001,000 000000000026,000000 000000000026,000000 Ibrahim Niandou 0008 S0012+B0001
000093 07 0001,000 0001,000 000000000016,000000 000000000016,000000 Ibrahim Niandou 0008 S0012+B0001
000094 25 0001,000 0001,000 000000000005,000000 000000000005,000000 Ibrahim Niandou 0008 S0012+B0001
000095 25 0001,000 0001,000 000000000009,000000 000000000009,000000 Ibrahim Niandou 0008 S0012+B0001
000096 21 0001,000 0001,000 000000000020,000000 000000000020,000000 Ibrahim Niandou 0008 S0012+B0001
000097 21 0001,000 0001,000 000000000009,000000 000000000009,000000 Ibrahim Niandou 0008 S0012+B0001
000098 17 0001,000 0001,000 000000000009,000000 000000000009,000000 Ibrahim Niandou 0008 S0012+B0001
000099 17 0001,000 0001,000 000000000007,000000 000000000007,000000 Ibrahim Niandou 0008 S0012+B0001
000100 01 0001,000 0001,000 000000000002,000000 000000000002,000000 Soumaila Arzika 0008 S0013+B0003
000101 01 0001,000 0001,000 000000000000,550000 000000000000,550000 Soumaila Arzika 0008 S0013+B0003
000102 05 0001,000 0001,000 000000000002,000000 000000000002,000000 Soumaila Arzika 0008 S0013+B0003
000103 05 0001,000 0001,000 000000000002,000000 000000000002,000000 Soumaila Arzika 0008 S0013+B0003
000104 10 0001,000 0001,000 000000000006,000000 000000000006,000000 Soumaila Arzika 0008 S0013+B0003
000105 10 0001,000 0001,000 000000000006,000000 000000000006,000000 Soumaila Arzika 0008 S0013+B0003
000106 13 0001,000 0001,000 000000000005,000000 000000000005,000000 Soumaila Arzika 0008 S0013+B0003
000107 13 0001,000 0001,000 000000000004,000000 000000000004,000000 Soumaila Arzika 0008 S0013+B0003
000108 15 0001,000 0001,000 000000000002,000000 000000000002,000000 Soumaila Arzika 0008 S0013+B0003
000109 15 0001,000 0001,000 000000000004,000000 000000000004,000000 Soumaila Arzika 0008 S0013+B0003
000110 19 0001,000 0001,000 000000000002,000000 000000000002,000000 Soumaila Arzika 0008 S0013+B0003
000111 19 0001,000 0001,000 000000000008,000000 000000000008,000000 Soumaila Arzika 0008 S0013+B0003
000112 24 0001,000 0001,000 000000000001,000000 000000000001,000000 Soumaila Arzika 0008 S0013+B0003
000113 24 0001,000 0001,000 000000000001,000000 000000000001,000000 Soumaila Arzika 0008 S0013+B0003
000114 28 0001,000 0001,000 000000000002,000000 000000000002,000000 Soumaila Arzika 0008 S0013+B0003
000115 28 0001,000 0001,000 000000000001,600000 000000000001,600000 Soumaila Arzika 0008 S0013+B0003
000116 03 0001,000 0001,000 000000000001,800000 000000000001,800000 Boukari Illa    0007 S0010+B0005
000117 03 0001,000 0001,000 000000000000,500000 000000000000,500000 Boukari Illa    0007 S0010+B0005
000118 03 0001,000 0001,000 000000000002,900000 000000000002,900000 Boukari Illa    0007 S0010+B0002
000119 03 0001,000 0001,000 000000000001,850000 000000000001,850000 Boukari Illa    0007 S0010+B0002
000120 06 0001,000 0001,000 000000000002,600000 000000000002,600000 Boukari Illa    0007 S0010+B0002
000121 06 0001,000 0001,000 000000000002,140000 000000000002,140000 Boukari Illa    0007 S0010+B0002
000122 11 0001,000 0001,000 000000000003,580000 000000000003,580000 Boukari Illa    0007 S0010+B0002
000123 11 0001,000 0001,000 000000000003,900000 000000000003,900000 Boukari Illa    0007 S0010+B0002
000124 13 0001,000 0001,000 000000000003,010000 000000000003,010000 Boukari Illa    0007 S0010+B0002
000125 13 0001,000 0001,000 000000000003,500000 000000000003,500000 Boukari Illa    0007 S0010+B0002
000126 15 0001,000 0001,000 000000000002,000000 000000000002,000000 Boukari Illa    0007 S0010+B0002
000127 15 0001,000 0001,000 000000000001,970000 000000000001,970000 Boukari Illa    0007 S0010+B0002
000128 19 0001,000 0001,000 000000000001,525000 000000000001,525000 Boukari Illa    0007 S0010+B0002
000129 19 0001,000 0001,000 000000000005,750000 000000000005,750000 Boukari Illa    0007 S0010+B0002
000130 25 0001,000 0001,000 000000000001,790000 000000000001,790000 Boukari Illa    0007 S0010+B0002
000131 25 0001,000 0001,000 000000000004,210000 000000000004,210000 Boukari Illa    0007 S0010+B0002
000132 31 0001,000 0001,000 000000000002,000000 000000000002,000000 Boukari Illa    0007 S0010+B0002
000133 31 0001,000 0001,000 000000000003,200000 000000000003,200000 Boukari Illa    0007 S0010+B0002
000134 03 0001,000 0001,000 000000000002,700000 000000000002,700000 Boukari Illa    0007 S0010+B0001
000135 03 0001,000 0001,000 000000000001,600000 000000000001,600000 Boukari Illa    0007 S0010+B0001
000136 06 0001,000 0001,000 000000000001,625000 000000000001,625000 Boukari Illa    0007 S0010+B0001
000137 06 0001,000 0001,000 000000000000,800000 000000000000,800000 Boukari Illa    0007 S0010+B0001
000138 11 0001,000 0001,000 000000000001,800000 000000000001,800000 Boukari Illa    0007 S0010+B0001
000139 11 0001,000 0001,000 000000000001,550000 000000000001,550000 Boukari Illa    0007 S0010+B0001
000140 13 0001,000 0001,000 000000000004,100000 000000000004,100000 Boukari Illa    0007 S0010+B0001
000141 13 0001,000 0001,000 000000000001,220000 000000000001,220000 Boukari Illa    0007 S0010+B0001
000142 15 0001,000 0001,000 000000000001,355000 000000000001,355000 Boukari Illa    0007 S0010+B0001
000143 15 0001,000 0001,000 000000000001,600000 000000000001,600000 Boukari Illa    0007 S0010+B0001
000144 19 0001,000 0001,000 000000000001,800000 000000000001,800000 Boukari Illa    0007 S0010+B0001
000145 19 0001,000 0001,000 000000000002,370000 000000000002,370000 Boukari Illa    0007 S0010+B0001
000146 25 0001,000 0001,000 000000000001,700000 000000000001,700000 Boukari Illa    0007 S0010+B0001
000147 25 0001,000 0001,000 000000000002,000000 000000000002,000000 Boukari Illa    0007 S0010+B0001
000148 31 0001,000 0001,000 000000000001,050000 000000000001,050000 Boukari Illa    0007 S0010+B0001
000149 31 0001,000 0001,000 000000000000,550000 000000000000,550000 Boukari Illa    0007 S0010+B0001
000150 03 0001,000 0001,000 000000000004,000000 000000000004,000000 Kassoum A.      0006 S0009+B0005
000151 03 0001,000 0001,000 000000000003,500000 000000000003,500000 Kassoum A.      0006 S0009+B0005
000152 04 0001,000 0001,000 000000000002,500000 000000000002,500000 Kassoum A.      0006 S0009+B0005
000153 04 0001,000 0001,000 000000000001,500000 000000000001,500000 Kassoum A.      0006 S0009+B0005
000154 12 0001,000 0001,000 000000000002,500000 000000000002,500000 Kassoum A.      0006 S0009+B0005
000155 12 0001,000 0001,000 000000000003,000000 000000000003,000000 Kassoum A.      0006 S0009+B0005
000156 13 0001,000 0001,000 000000000002,500000 000000000002,500000 Kassoum A.      0006 S0009+B0005
000157 13 0001,000 0001,000 000000000003,000000 000000000003,000000 Kassoum A.      0006 S0009+B0005
000158 26 0001,000 0001,000 000000000003,500000 000000000003,500000 Kassoum A.      0006 S0009+B0005
000159 26 0001,000 0001,000 000000000004,500000 000000000004,500000 Kassoum A.      0006 S0009+B0005
000160 27 0001,000 0001,000 000000000002,000000 000000000002,000000 Kassoum A.      0006 S0009+B0005
000161 27 0001,000 0001,000 000000000001,500000 000000000001,500000 Kassoum A.      0006 S0009+B0005
000162 03 0001,000 0000,500 000000000003,500000 000000000003,500000 Kassoum A.      0006 S0009+B0003
000163 03 0001,000 0001,000 000000000002,500000 000000000002,500000 Kassoum A.      0006 S0009+B0003
000164 04 0001,000 0000,500 000000000003,000000 000000000003,000000 Kassoum A.      0006 S0009+B0003
000165 04 0001,000 0000,500 000000000003,000000 000000000003,000000 Kassoum A.      0006 S0009+B0003
000166 12 0001,000 0000,500 000000000002,000000 000000000002,000000 Kassoum A.      0006 S0009+B0003
000167 12 0001,000 0000,500 000000000004,500000 000000000004,500000 Kassoum A.      0006 S0009+B0003
000168 13 0001,000 0000,500 000000000002,500000 000000000002,500000 Kassoum A.      0006 S0009+B0003
000169 13 0001,000 0000,500 000000000001,500000 000000000001,500000 Kassoum A.      0006 S0009+B0003
000170 26 0001,000 0000,500 000000000004,500000 000000000004,500000 Kassoum A.      0006 S0009+B0003
000171 26 0001,000 0000,500 000000000003,000000 000000000003,000000 Kassoum A.      0006 S0009+B0003
000172 27 0001,000 0000,500 000000000001,500000 000000000001,500000 Kassoum A.      0006 S0009+B0003
000173 27 0001,000 0000,500 000000000001,000000 000000000001,000000 Kassoum A.      0006 S0009+B0003
000174 03 0001,000 0001,000 000000000001,500000 000000000001,500000 Kassoum A.      0006 S0009+B0001
000175 03 0001,000 0001,000 000000000002,000000 000000000002,000000 Kassoum A.      0006 S0009+B0001
000176 04 0001,000 0000,500 000000000003,000000 000000000003,000000 Kassoum A.      0006 S0009+B0001
000177 04 0001,000 0000,500 000000000002,500000 000000000002,500000 Kassoum A.      0006 S0009+B0001
000178 12 0001,000 0000,500 000000000001,500000 000000000001,500000 Kassoum A.      0006 S0009+B0001
000179 12 0001,000 0000,500 000000000002,000000 000000000002,000000 Kassoum A.      0006 S0009+B0001
000180 13 0001,000 0001,000 000000000002,500000 000000000002,500000 Kassoum A.      0006 S0009+B0001
000181 13 0001,000 0001,000 000000000001,500000 000000000001,500000 Kassoum A.      0006 S0009+B0001
000182 21 0001,000 0000,500 000000000023,000000 000000000023,000000 Kassoum A.      0006 S0009+B0001
000183 21 0001,000 0000,500 000000000008,000000 000000000008,000000 Kassoum A.      0006 S0009+B0001
000184 22 0001,000 0000,500 000000000020,000000 000000000020,000000 Kassoum A.      0006 S0009+B0001
000185 22 0001,000 0000,500 000000000015,000000 000000000015,000000 Kassoum A.      0006 S0009+B0001
000186 26 0001,000 0000,500 000000000001,500000 000000000001,500000 Kassoum A.      0006 S0009+B0001
000187 26 0001,000 0000,500 000000000003,500000 000000000003,500000 Kassoum A.      0006 S0009+B0001
000188 27 0001,000 0000,500 000000000002,000000 000000000002,000000 Kassoum A.      0006 S0009+B0001
000189 27 0001,000 0000,500 000000000001,500000 000000000001,500000 Kassoum A.      0006 S0009+B0001
000190 28 0001,000 0001,000 000000000022,000000 000000000022,000000 Ibrahim         0006 S0016+B0001
000191 28 0001,000 0001,000 000000000025,000000 000000000025,000000 Ibrahim         0006 S0016+B0001
000192 29 0001,000 0001,000 000000000043,000000 000000000043,000000 Ibrahim         0006 S0016+B0001
000193 29 0001,000 0001,000 000000000034,000000 000000000034,000000 Ibrahim         0006 S0016+B0001
000194 20 0001,000 0001,000 000000000024,000000 000000000024,000000 Ibrahim         0006 S0016+B0001
000195 20 0001,000 0001,000 000000000059,000000 000000000059,000000 Ibrahim         0006 S0016+B0001
000196 19 0001,000 0001,000 000000000021,000000 000000000021,000000 Ibrahim         0006 S0016+B0001
000197 19 0001,000 0001,000 000000000019,000000 000000000019,000000 Ibrahim         0006 S0016+B0001
000198 11 0001,000 0001,000 000000000041,000000 000000000041,000000 Ibrahim         0006 S0016+B0001
000199 11 0001,000 0001,000 000000000012,000000 000000000012,000000 Ibrahim         0006 S0016+B0001
000200 10 0001,000 0001,000 000000000050,000000 000000000050,000000 Ibrahim         0006 S0016+B0001
000201 10 0001,000 0001,000 000000000030,000000 000000000030,000000 Ibrahim         0006 S0016+B0001
000202 02 0001,000 0001,000 000000000023,000000 000000000023,000000 Ibrahim         0006 S0016+B0001
000203 02 0001,000 0001,000 000000000015,000000 000000000015,000000 Ibrahim         0006 S0016+B0001
000204 01 0001,000 0001,000 000000000046,000000 000000000046,000000 Ibrahim         0006 S0016+B0001
000205 01 0001,000 0001,000 000000000012,000000 000000000012,000000 Ibrahim         0006 S0016+B0001
000206 30 0001,000 0001,000 000000000107,500000 000000000107,500000 Lawali Chaibou  0006 S0015+B0001
000207 30 0001,000 0001,000 000000000066,000000 000000000066,000000 Lawali Chaibou  0006 S0015+B0001
000208 20 0001,000 0001,000 000000000206,000000 000000000206,000000 Lawali Chaibou  0006 S0015+B0001
000209 20 0001,000 0001,000 000000000081,500000 000000000081,500000 Lawali Chaibou  0006 S0015+B0001
000210 11 0001,000 0001,000 000000000043,750000 000000000043,750000 Lawali Chaibou  0006 S0015+B0001
000211 11 0001,000 0001,000 000000000040,000000 000000000040,000000 Lawali Chaibou  0006 S0015+B0001
000212 29 0001,000 0001,000 000000000108,250000 000000000108,250000 Lawali Chaibou  0006 S0015+B0003
000213 29 0001,000 0001,000 000000000175,250000 000000000175,250000 Lawali Chaibou  0006 S0015+B0003
000214 12 0001,000 0001,000 000000000106,500000 000000000106,500000 Lawali Chaibou  0006 S0015+B0003
000215 12 0001,000 0001,000 000000000097,349998 000000000097,349998 Lawali Chaibou  0006 S0015+B0003
000216 03 0001,000 0001,000 000000000026,000000 000000000026,000000 Lawali Chaibou  0006 S0015+B0003
000217 03 0001,000 0001,000 000000000022,400000 000000000022,400000 Lawali Chaibou  0006 S0015+B0003
000218 02 0001,000 0001,000 000000000092,000000 000000000092,000000 Lawali Chaibou  0006 S0015+B0003
000219 02 0001,000 0001,000 000000000073,250000 000000000073,250000 Lawali Chaibou  0006 S0015+B0003
000220 02 0001,000 0001,000 000000000000,600000 000000000000,600000 Moctar Aboubaca 0004 S0017+B0001
000221 02 0001,000 0001,000 000000000001,560000 000000000001,560000 Moctar Aboubaca 0004 S0017+B0001
000222 05 0001,000 0001,000 000000000001,925000 000000000001,925000 Moctar Aboubaca 0004 S0017+B0001
000223 05 0001,000 0001,000 000000000001,540000 000000000001,540000 Moctar Aboubaca 0004 S0017+B0001
000224 09 0001,000 0001,000 000000000002,100000 000000000002,100000 Moctar Aboubaca 0004 S0017+B0001
000225 09 0001,000 0001,000 000000000001,900000 000000000001,900000 Moctar Aboubaca 0004 S0017+B0001
000226 12 0001,000 0001,000 000000000006,600000 000000000006,600000 Moctar Aboubaca 0004 S0017+B0001
000227 12 0001,000 0001,000 000000000001,500000 000000000001,500000 Moctar Aboubaca 0004 S0017+B0001
000228 19 0001,000 0001,000 000000000007,500000 000000000007,500000 Moctar Aboubaca 0004 S0017+B0001
000229 19 0001,000 0001,000 000000000002,950000 000000000002,950000 Moctar Aboubaca 0004 S0017+B0001
000230 23 0001,000 0001,000 000000000014,400000 000000000014,400000 Moctar Aboubaca 0004 S0017+B0001
000231 23 0001,000 0001,000 000000000009,500000 000000000009,500000 Moctar Aboubaca 0004 S0017+B0001
000232 26 0001,000 0001,000 000000000018,100000 000000000018,100000 Moctar Aboubaca 0004 S0017+B0001
000233 26 0001,000 0001,000 000000000018,049999 000000000018,049999 Moctar Aboubaca 0004 S0017+B0001
