D000001+S0009 000000000006,700000 000000000097,000000 000000000000,000000 000000000000,000000 0003 S0003+B0002
D000001+S0013 000000000000,600000 000000000019,000000 000000000000,000000 000000000000,000000 0003 S0003+B0002
D000002+S0008 000000000000,100000 000000000001,000000 000000000000,000000 000000000000,000000 0003 S0003+B0002
D000002+S0009 000000000001,200000 000000000012,000000 000000000000,000000 000000000000,000000 0003 S0003+B0002
D000003+S0005 000000000000,700000 000000000002,000000 000000000000,000000 000000000000,000000 0003 S0003+B0002
D000003+S0007 000000000001,200000 000000000006,000000 000000000000,000000 000000000000,000000 0003 S0003+B0002
D000003+S0008 000000000000,300000 000000000001,000000 000000000000,000000 000000000000,000000 0003 S0003+B0002
D000003+S0009 000000000006,500000 000000000037,000000 000000000000,000000 000000000000,000000 0003 S0003+B0002
D000003+S0011 000000000000,900000 000000000007,000000 000000000000,000000 000000000000,000000 0003 S0003+B0002
D000003+S0013 000000000000,800000 000000000015,000000 000000000000,000000 000000000000,000000 0003 S0003+B0002
D000003+S0015 000000000000,200000 000000000003,000000 000000000000,000000 000000000000,000000 0003 S0003+B0002
D000003+S0018 000000000000,400000 000000000001,000000 000000000000,000000 000000000000,000000 0003 S0003+B0002
D000003+S0020 000000000001,000000 000000000001,000000 000000000000,000000 000000000000,000000 0003 S0003+B0002
D000004+S0007 000000000001,500000 000000000002,000000 000000000000,000000 000000000000,000000 0003 S0003+B0002
D000004+S0008 000000000000,900000 000000000002,000000 000000000000,000000 000000000000,000000 0003 S0003+B0002
D000004+S0009 000000000004,200000 000000000025,000000 000000000000,000000 000000000000,000000 0003 S0003+B0002
D000004+S0011 000000000001,700000 000000000004,000000 000000000000,000000 000000000000,000000 0003 S0003+B0002
D000004+S0013 000000000001,900000 000000000035,000000 000000000000,000000 000000000000,000000 0003 S0003+B0002
D000004+S0015 000000000000,900000 000000000013,000000 000000000000,000000 000000000000,000000 0003 S0003+B0002
D000005+S0008 000000000000,900000 000000000005,000000 000000000000,000000 000000000000,000000 0003 S0003+B0002
D000005+S0009 000000000013,500000 000000000277,000000 000000000000,000000 000000000000,000000 0003 S0003+B0002
D000005+S0013 000000000000,400000 000000000005,000000 000000000000,000000 000000000000,000000 0003 S0003+B0002
D000005+S0015 000000000000,500000 000000000006,000000 000000000000,000000 000000000000,000000 0003 S0003+B0002
D000005+S0021 000000000000,400000 000000000001,000000 000000000000,000000 000000000000,000000 0003 S0003+B0002
D000006+S0008 000000000000,900000 000000000005,000000 000000000000,000000 000000000000,000000 0003 S0003+B0002
D000006+S0015 000000000000,500000 000000000006,000000 000000000000,000000 000000000000,000000 0003 S0003+B0002
D000006+S0017 000000000000,400000 000000000005,000000 000000000000,000000 000000000000,000000 0003 S0003+B0002
D000006+S0021 000000000000,400000 000000000001,000000 000000000000,000000 000000000000,000000 0003 S0003+B0002
D000007+S0007 000000000000,700000 000000000001,000000 000000000000,750000 000000000000,525000 0003 S0003+B0002
D000007+S0008 000000000000,600000 000000000002,000000 000000000000,450000 000000000000,270000 0003 S0003+B0002
D000007+S0009 000000000003,200000 000000000065,000000 000000000000,750000 000000000002,400000 0003 S0003+B0002
D000008+S0008 000000000001,500000 000000000004,000000 000000000000,450000 000000000000,675000 0003 S0003+B0002
D000008+S0009 000000000002,200000 000000000012,000000 000000000000,750000 000000000001,650000 0003 S0003+B0002
D000008+S0011 000000000006,700000 000000000094,000000 000000000000,450000 000000000003,015000 0003 S0003+B0002
D000008+S0015 000000000001,100000 000000000020,000000 000000000000,450000 000000000000,495000 0003 S0003+B0002
D000009+S0001 000000000000,700000 000000000001,000000 000000000000,000000 000000000000,000000 0003 S0003+B0002
D000009+S0004 000000000000,500000 000000000001,000000 000000000000,000000 000000000000,000000 0003 S0003+B0002
D000009+S0007 000000000000,400000 000000000002,000000 000000000000,000000 000000000000,000000 0003 S0003+B0002
D000009+S0008 000000000001,200000 000000000004,000000 000000000000,000000 000000000000,000000 0003 S0003+B0002
D000009+S0009 000000000005,700000 000000000045,000000 000000000000,000000 000000000000,000000 0003 S0003+B0002
D000009+S0011 000000000000,500000 000000000004,000000 000000000000,000000 000000000000,000000 0003 S0003+B0002
D000009+S0012 000000000001,500000 000000000002,000000 000000000000,000000 000000000000,000000 0003 S0003+B0002
D000009+S0015 000000000000,900000 000000000006,000000 000000000000,000000 000000000000,000000 0003 S0003+B0002
D000009+S0020 000000000002,500000 000000000005,000000 000000000000,000000 000000000000,000000 0003 S0003+B0002
D000010+S0006 000000000001,100000 000000000003,000000 000000000000,000000 000000000000,000000 0003 S0003+B0002
D000010+S0008 000000000003,900000 000000000003,000000 000000000000,000000 000000000000,000000 0003 S0003+B0002
D000010+S0009 000000000003,200000 000000000022,000000 000000000000,000000 000000000000,000000 0003 S0003+B0002
D000010+S0011 000000000000,300000 000000000002,000000 000000000000,000000 000000000000,000000 0003 S0003+B0002
D000010+S0014 000000000000,500000 000000000001,000000 000000000000,000000 000000000000,000000 0003 S0003+B0002
D000010+S0015 000000000000,900000 000000000006,000000 000000000000,000000 000000000000,000000 0003 S0003+B0002
D000010+S0019 000000000000,400000 000000000003,000000 000000000000,000000 000000000000,000000 0003 S0003+B0002
D000010+S0020 000000000001,000000 000000000001,000000 000000000000,000000 000000000000,000000 0003 S0003+B0002
D000011+S0007 000000000000,900000 000000000002,000000 000000000000,000000 000000000000,000000 0003 S0003+B0002
D000011+S0008 000000000001,200000 000000000008,000000 000000000000,000000 000000000000,000000 0003 S0003+B0002
D000011+S0009 000000000004,700000 000000000035,000000 000000000000,000000 000000000000,000000 0003 S0003+B0002
D000011+S0011 000000000001,200000 000000000006,000000 000000000000,000000 000000000000,000000 0003 S0003+B0002
D000011+S0013 000000000001,100000 000000000032,000000 000000000000,000000 000000000000,000000 0003 S0003+B0002
D000011+S0015 000000000000,300000 000000000004,000000 000000000000,000000 000000000000,000000 0003 S0003+B0002
D000011+S0018 000000000000,600000 000000000002,000000 000000000000,000000 000000000000,000000 0003 S0003+B0002
D000011+S0019 000000000000,900000 000000000003,000000 000000000000,000000 000000000000,000000 0003 S0003+B0002
D000011+S0021 000000000003,900000 000000000009,000000 000000000000,000000 000000000000,000000 0003 S0003+B0002
D000012+S0008 000000000000,200000 000000000004,000000 000000000000,000000 000000000000,000000 0003 S0003+B0002
D000012+S0009 000000000001,700000 000000000065,000000 000000000000,000000 000000000000,000000 0003 S0003+B0002
D000012+S0011 000000000000,070000 000000000001,000000 000000000000,000000 000000000000,000000 0003 S0003+B0002
D000012+S0013 000000000000,400000 000000000009,000000 000000000000,000000 000000000000,000000 0003 S0003+B0002
D000012+S0015 000000000000,600000 000000000007,000000 000000000000,000000 000000000000,000000 0003 S0003+B0002
D000012+S0021 000000000001,900000 000000000012,000000 000000000000,000000 000000000000,000000 0003 S0003+B0002
D000013+S0008 000000000000,500000 000000000002,000000 000000000000,000000 000000000000,000000 0003 S0003+B0002
D000013+S0009 000000000002,500000 000000000032,000000 000000000000,000000 000000000000,000000 0003 S0003+B0002
D000013+S0012 000000000000,100000 000000000001,000000 000000000000,000000 000000000000,000000 0003 S0003+B0002
D000014+S0004 000000000001,500000 000000000002,000000 000000000000,350000 000000000000,525000 0003 S0003+B0002
D000014+S0008 000000000000,400000 000000000003,000000 000000000000,450000 000000000000,180000 0003 S0003+B0002
D000014+S0009 000000000004,400000 000000000026,000000 000000000000,750000 000000000003,300000 0003 S0003+B0002
D000014+S0011 000000000001,500000 000000000015,000000 000000000000,750000 000000000001,125000 0003 S0003+B0002
D000014+S0013 000000000001,700000 000000000070,000000 000000000000,350000 000000000000,595000 0003 S0003+B0002
D000014+S0015 000000000000,500000 000000000004,000000 000000000000,350000 000000000000,175000 0003 S0003+B0002
D000015+S0007 000000000001,500000 000000000002,000000 000000000000,000000 000000000000,000000 0003 S0003+B0002
D000015+S0008 000000000000,500000 000000000002,000000 000000000000,000000 000000000000,000000 0003 S0003+B0002
D000015+S0009 000000000004,900000 000000000030,000000 000000000000,000000 000000000000,000000 0003 S0003+B0002
D000015+S0011 000000000001,600000 000000000007,000000 000000000000,000000 000000000000,000000 0003 S0003+B0002
D000015+S0012 000000000000,500000 000000000001,000000 000000000000,000000 000000000000,000000 0003 S0003+B0002
D000015+S0013 000000000001,200000 000000000025,000000 000000000000,000000 000000000000,000000 0003 S0003+B0002
D000015+S0015 000000000000,900000 000000000002,000000 000000000000,000000 000000000000,000000 0003 S0003+B0002
D000016+S0001 000000000001,000000 000000000001,000000 000000000000,000000 000000000000,000000 0003 S0003+B0002
D000016+S0006 000000000001,500000 000000000002,000000 000000000000,000000 000000000000,000000 0003 S0003+B0002
D000016+S0008 000000000003,600000 000000000007,000000 000000000000,000000 000000000000,000000 0003 S0003+B0002
D000016+S0009 000000000002,900000 000000000015,000000 000000000000,000000 000000000000,000000 0003 S0003+B0002
D000016+S0011 000000000000,500000 000000000003,000000 000000000000,000000 000000000000,000000 0003 S0003+B0002
D000016+S0012 000000000001,500000 000000000002,000000 000000000000,000000 000000000000,000000 0003 S0003+B0002
D000016+S0013 000000000001,800000 000000000035,000000 000000000000,000000 000000000000,000000 0003 S0003+B0002
D000017+S0006 000000000001,000000 000000000003,000000 000000000000,000000 000000000000,000000 0003 S0003+B0001
D000017+S0009 000000000001,700000 000000000005,000000 000000000000,000000 000000000000,000000 0003 S0003+B0001
D000017+S0011 000000000001,700000 000000000011,000000 000000000000,000000 000000000000,000000 0003 S0003+B0001
D000017+S0015 000000000000,020000 000000000001,000000 000000000000,000000 000000000000,000000 0003 S0003+B0001
D000017+S0018 000000000001,200000 000000000015,000000 000000000000,000000 000000000000,000000 0003 S0003+B0001
D000017+S0019 000000000000,800000 000000000002,000000 000000000000,000000 000000000000,000000 0003 S0003+B0001
D000017+S0020 000000000000,500000 000000000002,000000 000000000000,000000 000000000000,000000 0003 S0003+B0001
D000017+S0021 000000000000,700000 000000000004,000000 000000000000,000000 000000000000,000000 0003 S0003+B0001
D000018+S0001 000000000001,200000 000000000003,000000 000000000000,000000 000000000000,000000 0003 S0003+B0001
D000018+S0002 000000000002,100000 000000000002,000000 000000000000,000000 000000000000,000000 0003 S0003+B0001
D000018+S0005 000000000003,500000 000000000006,000000 000000000000,000000 000000000000,000000 0003 S0003+B0001
D000018+S0007 000000000000,900000 000000000003,000000 000000000000,000000 000000000000,000000 0003 S0003+B0001
D000018+S0009 000000000000,900000 000000000002,000000 000000000000,000000 000000000000,000000 0003 S0003+B0001
D000018+S0011 000000000003,400000 000000000007,000000 000000000000,000000 000000000000,000000 0003 S0003+B0001
D000018+S0018 000000000001,200000 000000000004,000000 000000000000,000000 000000000000,000000 0003 S0003+B0001
D000018+S0019 000000000001,700000 000000000005,000000 000000000000,000000 000000000000,000000 0003 S0003+B0001
D000019+S0001 000000000000,600000 000000000001,000000 000000000000,000000 000000000000,000000 0003 S0003+B0001
D000019+S0002 000000000002,500000 000000000004,000000 000000000000,000000 000000000000,000000 0003 S0003+B0001
D000019+S0005 000000000001,700000 000000000002,000000 000000000000,000000 000000000000,000000 0003 S0003+B0001
D000019+S0006 000000000005,800000 000000000007,000000 000000000000,000000 000000000000,000000 0003 S0003+B0001
D000019+S0007 000000000001,900000 000000000003,000000 000000000000,000000 000000000000,000000 0003 S0003+B0001
D000019+S0009 000000000001,900000 000000000003,000000 000000000000,000000 000000000000,000000 0003 S0003+B0001
D000019+S0011 000000000004,700000 000000000010,000000 000000000000,000000 000000000000,000000 0003 S0003+B0001
D000019+S0014 000000000002,500000 000000000004,000000 000000000000,000000 000000000000,000000 0003 S0003+B0001
D000019+S0018 000000000001,900000 000000000006,000000 000000000000,000000 000000000000,000000 0003 S0003+B0001
D000019+S0019 000000000002,600000 000000000004,000000 000000000000,000000 000000000000,000000 0003 S0003+B0001
D000019+S0020 000000000003,500000 000000000004,000000 000000000000,000000 000000000000,000000 0003 S0003+B0001
D000020+S0008 000000000000,500000 000000000003,000000 000000000000,000000 000000000000,000000 0004 S0004+B0001
D000020+S0016 000000000002,000000 000000000018,000000 000000000000,000000 000000000000,000000 0004 S0004+B0001
D000020+S0018 000000000001,500000 000000000007,000000 000000000000,000000 000000000000,000000 0004 S0004+B0001
D000021+S0002 000000000000,900000 000000000008,000000 000000000000,000000 000000000000,000000 0004 S0004+B0001
D000021+S0011 000000000001,900000 000000000011,000000 000000000000,000000 000000000000,000000 0004 S0004+B0001
D000022+S0005 000000000000,400000 000000000001,000000 000000000000,000000 000000000000,000000 0004 S0004+B0001
D000022+S0006 000000000000,500000 000000000001,000000 000000000000,000000 000000000000,000000 0004 S0004+B0001
D000022+S0011 000000000004,000000 000000000017,000000 000000000000,000000 000000000000,000000 0004 S0004+B0001
D000023+S0004 000000000001,900000 000000000007,000000 000000000000,000000 000000000000,000000 0004 S0004+B0001
D000023+S0009 000000000000,800000 000000000005,000000 000000000000,000000 000000000000,000000 0004 S0004+B0001
D000023+S0011 000000000001,000000 000000000008,000000 000000000000,000000 000000000000,000000 0004 S0004+B0001
D000023+S0017 000000000000,800000 000000000006,000000 000000000000,000000 000000000000,000000 0004 S0004+B0001
D000024+S0004 000000000000,900000 000000000004,000000 000000000000,000000 000000000000,000000 0004 S0004+B0001
D000024+S0011 000000000001,900000 000000000011,000000 000000000000,000000 000000000000,000000 0004 S0004+B0001
D000024+S0017 000000000001,300000 000000000002,000000 000000000000,000000 000000000000,000000 0004 S0004+B0001
D000024+S0018 000000000000,900000 000000000005,000000 000000000000,000000 000000000000,000000 0004 S0004+B0001
D000024+S0020 000000000000,700000 000000000002,000000 000000000000,000000 000000000000,000000 0004 S0004+B0001
D000025+S0002 000000000001,300000 000000000004,000000 000000000000,000000 000000000000,000000 0004 S0004+B0001
D000025+S0008 000000000000,700000 000000000005,000000 000000000000,000000 000000000000,000000 0004 S0004+B0001
D000025+S0009 000000000000,600000 000000000009,000000 000000000000,000000 000000000000,000000 0004 S0004+B0001
D000025+S0011 000000000001,900000 000000000015,000000 000000000000,000000 000000000000,000000 0004 S0004+B0001
D000025+S0016 000000000000,900000 000000000013,000000 000000000000,000000 000000000000,000000 0004 S0004+B0001
D000025+S0017 000000000000,300000 000000000002,000000 000000000000,000000 000000000000,000000 0004 S0004+B0001
D000025+S0018 000000000001,800000 000000000005,000000 000000000000,000000 000000000000,000000 0004 S0004+B0001
D000025+S0021 000000000000,400000 000000000001,000000 000000000000,000000 000000000000,000000 0004 S0004+B0001
D000026+S0006 000000000000,700000 000000000002,000000 000000000000,000000 000000000000,000000 0004 S0004+B0001
D000026+S0011 000000000000,900000 000000000007,000000 000000000000,000000 000000000000,000000 0004 S0004+B0001
D000026+S0012 000000000000,300000 000000000001,000000 000000000000,000000 000000000000,000000 0004 S0004+B0001
D000026+S0016 000000000001,500000 000000000012,000000 000000000000,000000 000000000000,000000 0004 S0004+B0001
D000026+S0017 000000000000,800000 000000000004,000000 000000000000,000000 000000000000,000000 0004 S0004+B0001
D000026+S0018 000000000000,200000 000000000001,000000 000000000000,000000 000000000000,000000 0004 S0004+B0001
D000027+S0002 000000000001,300000 000000000004,000000 000000000000,000000 000000000000,000000 0004 S0004+B0001
D000027+S0004 000000000000,700000 000000000002,000000 000000000000,000000 000000000000,000000 0004 S0004+B0001
D000027+S0008 000000000000,500000 000000000002,000000 000000000000,000000 000000000000,000000 0004 S0004+B0001
D000027+S0009 000000000000,900000 000000000007,000000 000000000000,000000 000000000000,000000 0004 S0004+B0001
D000027+S0011 000000000001,300000 000000000014,000000 000000000000,000000 000000000000,000000 0004 S0004+B0001
D000028+S0003 000000000000,900000 000000000003,000000 000000000000,000000 000000000000,000000 0004 S0004+B0001
D000028+S0009 000000000001,300000 000000000017,000000 000000000000,000000 000000000000,000000 0004 S0004+B0001
D000028+S0011 000000000000,900000 000000000012,000000 000000000000,000000 000000000000,000000 0004 S0004+B0001
D000028+S0017 000000000001,100000 000000000005,000000 000000000000,000000 000000000000,000000 0004 S0004+B0001
D000028+S0018 000000000001,300000 000000000011,000000 000000000000,000000 000000000000,000000 0004 S0004+B0001
D000029+S0003 000000000002,300000 000000000005,000000 000000000000,000000 000000000000,000000 0004 S0004+B0001
D000029+S0004 000000000002,800000 000000000007,000000 000000000000,000000 000000000000,000000 0004 S0004+B0001
D000029+S0008 000000000000,800000 000000000002,000000 000000000000,000000 000000000000,000000 0004 S0004+B0001
D000029+S0017 000000000001,200000 000000000003,000000 000000000000,000000 000000000000,000000 0004 S0004+B0001
D000030+S0002 000000000000,700000 000000000002,000000 000000000000,000000 000000000000,000000 0004 S0004+B0001
D000030+S0008 000000000000,500000 000000000001,000000 000000000000,000000 000000000000,000000 0004 S0004+B0001
D000030+S0009 000000000001,300000 000000000007,000000 000000000000,000000 000000000000,000000 0004 S0004+B0001
D000030+S0011 000000000001,900000 000000000009,000000 000000000000,000000 000000000000,000000 0004 S0004+B0001
D000030+S0017 000000000000,800000 000000000002,000000 000000000000,000000 000000000000,000000 0004 S0004+B0001
D000031+S0003 000000000001,100000 000000000003,000000 000000000000,000000 000000000000,000000 0004 S0004+B0001
D000031+S0004 000000000000,500000 000000000002,000000 000000000000,000000 000000000000,000000 0004 S0004+B0001
D000031+S0008 000000000000,900000 000000000003,000000 000000000000,000000 000000000000,000000 0004 S0004+B0001
D000031+S0009 000000000001,300000 000000000005,000000 000000000000,000000 000000000000,000000 0004 S0004+B0001
D000031+S0011 000000000001,800000 000000000009,000000 000000000000,000000 000000000000,000000 0004 S0004+B0001
D000031+S0018 000000000000,800000 000000000006,000000 000000000000,000000 000000000000,000000 0004 S0004+B0001
D000032+S0003 000000000000,900000 000000000003,000000 000000000000,000000 000000000000,000000 0004 S0004+B0001
D000032+S0005 000000000000,700000 000000000001,000000 000000000000,000000 000000000000,000000 0004 S0004+B0001
D000032+S0009 000000000000,600000 000000000004,000000 000000000000,000000 000000000000,000000 0004 S0004+B0001
D000032+S0011 000000000000,700000 000000000002,000000 000000000000,000000 000000000000,000000 0004 S0004+B0001
D000032+S0018 000000000000,900000 000000000003,000000 000000000000,000000 000000000000,000000 0004 S0004+B0001
D000032+S0020 000000000001,500000 000000000020,000000 000000000000,000000 000000000000,000000 0004 S0004+B0001
D000033+S0003 000000000000,700000 000000000004,000000 000000000000,000000 000000000000,000000 0004 S0004+B0001
D000033+S0005 000000000000,400000 000000000001,000000 000000000000,000000 000000000000,000000 0004 S0004+B0001
D000033+S0011 000000000001,900000 000000000012,000000 000000000000,000000 000000000000,000000 0004 S0004+B0001
D000033+S0016 000000000000,700000 000000000003,000000 000000000000,000000 000000000000,000000 0004 S0004+B0001
D000033+S0017 000000000001,700000 000000000005,000000 000000000000,000000 000000000000,000000 0004 S0004+B0001
D000033+S0018 000000000000,500000 000000000003,000000 000000000000,000000 000000000000,000000 0004 S0004+B0001
D000033+S0020 000000000000,900000 000000000007,000000 000000000000,000000 000000000000,000000 0004 S0004+B0001
D000034+S0009 000000000000,300000 000000000002,000000 000000000000,000000 000000000000,000000 0004 S0004+B0002
D000034+S0011 000000000000,700000 000000000007,000000 000000000000,000000 000000000000,000000 0004 S0004+B0002
D000034+S0016 000000000000,500000 000000000002,000000 000000000000,000000 000000000000,000000 0004 S0004+B0002
D000034+S0017 000000000001,300000 000000000002,000000 000000000000,000000 000000000000,000000 0004 S0004+B0002
D000034+S0018 000000000000,200000 000000000003,000000 000000000000,000000 000000000000,000000 0004 S0004+B0002
D000035+S0005 000000000000,800000 000000000002,000000 000000000000,000000 000000000000,000000 0004 S0004+B0002
D000035+S0017 000000000002,500000 000000000002,000000 000000000000,000000 000000000000,000000 0004 S0004+B0002
D000035+S0020 000000000002,000000 000000000001,000000 000000000000,000000 000000000000,000000 0004 S0004+B0002
D000036+S0005 000000000000,800000 000000000003,000000 000000000000,000000 000000000000,000000 0004 S0004+B0002
D000036+S0006 000000000001,600000 000000000002,000000 000000000000,000000 000000000000,000000 0004 S0004+B0002
D000036+S0011 000000000000,700000 000000000001,000000 000000000000,000000 000000000000,000000 0004 S0004+B0002
D000037+S0005 000000000001,700000 000000000003,000000 000000000000,000000 000000000000,000000 0004 S0004+B0002
D000037+S0006 000000000001,900000 000000000004,000000 000000000000,000000 000000000000,000000 0004 S0004+B0002
D000037+S0011 000000000001,800000 000000000003,000000 000000000000,000000 000000000000,000000 0004 S0004+B0002
D000037+S0017 000000000002,100000 000000000002,000000 000000000000,000000 000000000000,000000 0004 S0004+B0002
D000038+S0003 000000000009,000000 000000000001,000000 000000000000,750000 000000000006,750000 0004 S0005+B0003
D000039+S0017 000000000009,000000 000000000002,000000 000000000001,000000 000000000009,000000 0004 S0005+B0003
D000040+S0004 000000000080,000000 000000000507,000000 000000000000,500000 000000000040,000000 0004 S0005+B0005
D000041+S0004 000000000045,000000 000000000254,000000 000000000000,500000 000000000022,500000 0004 S0005+B0005
D000042+S0004 000000000057,000000 000000001307,000000 000000000000,500000 000000000028,500000 0004 S0005+B0005
D000043+S0004 000000000015,000000 000000000835,000000 000000000000,500000 000000000007,500000 0004 S0005+B0005
D000044+S0004 000000000060,000000 000000001500,000000 000000000000,500000 000000000030,000000 0004 S0005+B0005
D000045+S0004 000000000015,000000 000000000302,000000 000000000000,500000 000000000007,500000 0004 S0005+B0005
D000046+S0004 000000000020,000000 000000000311,000000 000000000000,250000 000000000005,000000 0004 S0005+B0005
D000047+S0004 000000000040,000000 000000000705,000000 000000000000,250000 000000000010,000000 0004 S0005+B0005
D000056+S0017 000000000050,000000 000000000004,000000 000000000001,000000 000000000050,000000 0004 S0005+B0001
D000057+S0014 000000000027,000000 000000000045,000000 000000000000,200000 000000000005,400000 0004 S0005+B0001
D000058+S0017 000000000050,000000 000000000004,000000 000000000001,000000 000000000050,000000 0004 S0005+B0001
D000059+S0004 000000000020,000000 000000000100,000000 000000000000,200000 000000000004,000000 0004 S0005+B0001
D000060+S0011 000000000047,000000 000000000200,000000 000000000000,200000 000000000009,400000 0004 S0005+B0001
D000061+S0014 000000000030,000000 000000000047,000000 000000000000,200000 000000000006,000000 0004 S0005+B0001
D000062+S0004 000000000010,000000 000000000053,000000 000000000000,250000 000000000002,500000 0004 S0005+B0001
D000063+S0016 000000000036,000000 000000000215,000000 000000000000,200000 000000000007,200000 0004 S0005+B0001
D000064+S0008 000000000002,000000 000000000002,000000 000000000000,000000 000000000000,000000 0005 S0007+B0001
D000065+S0007 000000000001,500000 000000000003,000000 000000000000,000000 000000000000,000000 0005 S0007+B0001
D000066+S0018 000000000001,000000 000000000002,000000 000000000000,000000 000000000000,000000 0005 S0007+B0001
D000067+S0011 000000000000,500000 000000000002,000000 000000000000,000000 000000000000,000000 0005 S0007+B0001
D000067+S0018 000000000000,500000 000000000002,000000 000000000000,000000 000000000000,000000 0005 S0007+B0001
D000068+S0005 000000000000,500000 000000000000,000000 000000000000,000000 000000000000,000000 0005 S0007+B0001
D000068+S0017 000000000001,000000 000000000001,000000 000000000000,000000 000000000000,000000 0005 S0007+B0001
D000069+S0006 000000000001,500000 000000000001,000000 000000000000,000000 000000000000,000000 0005 S0007+B0001
D000069+S0007 000000000001,000000 000000000001,000000 000000000000,000000 000000000000,000000 0005 S0007+B0001
D000069+S0011 000000000000,500000 000000000001,000000 000000000000,000000 000000000000,000000 0005 S0007+B0001
D000069+S0016 000000000001,000000 000000000001,000000 000000000000,000000 000000000000,000000 0005 S0007+B0001
D000069+S0018 000000000001,000000 000000000001,000000 000000000000,000000 000000000000,000000 0005 S0007+B0001
D000069+S0020 000000000002,500000 000000000001,000000 000000000000,000000 000000000000,000000 0005 S0007+B0001
D000169+S0009 000000000001,000000 000000000010,000000 000000000000,300000 000000000000,300000 0007 S0010+B0001
D000169+S0021 000000000000,050000 000000000001,000000 000000000000,200000 000000000000,010000 0007 S0010+B0001
D000170+S0006 000000000000,300000 000000000004,000000 000000000000,400000 000000000000,120000 0007 S0010+B0001
D000170+S0009 000000000001,200000 000000000013,000000 000000000000,300000 000000000000,360000 0007 S0010+B0001
D000147+S0009 000000000004,500000 000000000278,000000 000000000000,200000 000000000000,900000 0006 S0009+B0005
D000148+S0009 000000000005,000000 000000000306,000000 000000000000,200000 000000000001,000000 0006 S0009+B0005
D000149+S0009 000000000006,000000 000000000247,000000 000000000000,200000 000000000001,200000 0006 S0009+B0005
D000150+S0009 000000000008,500000 000000000324,000000 000000000000,200000 000000000001,700000 0006 S0009+B0005
D000118+S0006 000000000001,000000 000000000002,000000 000000000000,600000 000000000000,600000 0008 S0012+B0001
D000118+S0009 000000000013,000000 000000000151,000000 000000000000,200000 000000000002,600000 0008 S0012+B0001
D000119+S0006 000000000011,000000 000000000013,000000 000000000000,600000 000000000006,600000 0008 S0012+B0001
D000119+S0009 000000000007,000000 000000000047,000000 000000000000,200000 000000000001,400000 0008 S0012+B0001
D000119+S0017 000000000003,000000 000000000005,000000 000000000000,650000 000000000001,950000 0008 S0012+B0001
D000120+S0004 000000000009,000000 000000000034,000000 000000000000,300000 000000000002,700000 0008 S0012+B0001
D000120+S0009 000000000005,000000 000000000024,000000 000000000000,200000 000000000001,000000 0008 S0012+B0001
D000120+S0017 000000000004,000000 000000000006,000000 000000000000,650000 000000000002,600000 0008 S0012+B0001
D000071+S0006 000000000001,000000 000000000001,000000 000000000000,000000 000000000000,000000 0005 S0007+B0001
D000071+S0007 000000000001,000000 000000000001,000000 000000000000,000000 000000000000,000000 0005 S0007+B0001
D000071+S0014 000000000001,000000 000000000002,000000 000000000000,000000 000000000000,000000 0005 S0007+B0001
D000072+S0021 000000000000,500000 000000000001,000000 000000000000,000000 000000000000,000000 0005 S0007+B0001
D000073+S0002 000000000000,500000 000000000001,000000 000000000000,000000 000000000000,000000 0005 S0007+B0001
D000073+S0017 000000000000,500000 000000000001,000000 000000000000,000000 000000000000,000000 0005 S0007+B0001
D000073+S0021 000000000000,500000 000000000001,000000 000000000000,000000 000000000000,000000 0005 S0007+B0001
D000076+S0015 000000000001,000000 000000000002,000000 000000000000,000000 000000000000,000000 0005 S0007+B0001
D000088+S0008 000000000001,000000 000000000008,000000 000000000000,000000 000000000000,000000 0005 S0008+B0001
D000088+S0011 000000000001,500000 000000000021,000000 000000000000,000000 000000000000,000000 0005 S0008+B0001
D000088+S0017 000000000000,500000 000000000006,000000 000000000000,000000 000000000000,000000 0005 S0008+B0001
D000088+S0020 000000000001,500000 000000000009,000000 000000000000,000000 000000000000,000000 0005 S0008+B0001
D000089+S0008 000000000001,000000 000000000012,000000 000000000000,000000 000000000000,000000 0005 S0008+B0001
D000089+S0017 000000000001,500000 000000000013,000000 000000000000,000000 000000000000,000000 0005 S0008+B0001
D000090+S0008 000000000002,000000 000000000040,000000 000000000000,000000 000000000000,000000 0005 S0008+B0001
D000090+S0017 000000000002,000000 000000000030,000000 000000000000,000000 000000000000,000000 0005 S0008+B0001
D000090+S0021 000000000002,500000 000000000050,000000 000000000000,000000 000000000000,000000 0005 S0008+B0001
D000091+S0002 000000000002,500000 000000000028,000000 000000000000,000000 000000000000,000000 0005 S0008+B0001
D000091+S0017 000000000001,000000 000000000008,000000 000000000000,000000 000000000000,000000 0005 S0008+B0001
D000092+S0008 000000000001,500000 000000000002,000000 000000000000,000000 000000000000,000000 0005 S0008+B0001
D000092+S0011 000000000002,500000 000000000019,000000 000000000000,000000 000000000000,000000 0005 S0008+B0001
D000092+S0017 000000000000,500000 000000000001,000000 000000000000,000000 000000000000,000000 0005 S0008+B0001
D000093+S0004 000000000002,000000 000000000009,000000 000000000000,000000 000000000000,000000 0005 S0008+B0001
D000093+S0008 000000000001,500000 000000000017,000000 000000000000,000000 000000000000,000000 0005 S0008+B0001
D000093+S0009 000000000001,000000 000000000010,000000 000000000000,000000 000000000000,000000 0005 S0008+B0001
D000094+S0008 000000000001,500000 000000000013,000000 000000000000,000000 000000000000,000000 0005 S0008+B0001
D000094+S0014 000000000001,000000 000000000008,000000 000000000000,000000 000000000000,000000 0005 S0008+B0001
D000094+S0016 000000000001,500000 000000000017,000000 000000000000,000000 000000000000,000000 0005 S0008+B0001
D000095+S0008 000000000002,500000 000000000070,000000 000000000000,000000 000000000000,000000 0005 S0008+B0001
D000095+S0017 000000000001,500000 000000000010,000000 000000000000,000000 000000000000,000000 0005 S0008+B0001
D000096+S0008 000000000002,000000 000000000012,000000 000000000000,000000 000000000000,000000 0005 S0008+B0001
D000096+S0011 000000000000,500000 000000000003,000000 000000000000,000000 000000000000,000000 0005 S0008+B0001
D000097+S0008 000000000003,500000 000000000050,000000 000000000000,000000 000000000000,000000 0005 S0008+B0001
D000097+S0011 000000000001,000000 000000000010,000000 000000000000,000000 000000000000,000000 0005 S0008+B0001
D000098+S0008 000000000002,500000 000000000030,000000 000000000000,000000 000000000000,000000 0005 S0008+B0001
D000098+S0011 000000000000,500000 000000000008,000000 000000000000,000000 000000000000,000000 0005 S0008+B0001
D000098+S0016 000000000001,000000 000000000013,000000 000000000000,000000 000000000000,000000 0005 S0008+B0001
D000077+S0017 000000000009,000000 000000000001,000000 000000000000,000000 000000000000,000000 0005 S0007+B0001
D000079+S0011 000000000002,000000 000000000009,000000 000000000000,000000 000000000000,000000 0005 S0008+B0001
D000079+S0017 000000000001,000000 000000000004,000000 000000000000,000000 000000000000,000000 0005 S0008+B0001
D000079+S0021 000000000004,500000 000000000053,000000 000000000000,000000 000000000000,000000 0005 S0008+B0001
D000080+S0004 000000000001,000000 000000000005,000000 000000000000,000000 000000000000,000000 0005 S0008+B0001
D000080+S0011 000000000001,000000 000000000010,000000 000000000000,000000 000000000000,000000 0005 S0008+B0001
D000080+S0017 000000000000,500000 000000000001,000000 000000000000,000000 000000000000,000000 0005 S0008+B0001
D000080+S0018 000000000001,000000 000000000005,000000 000000000000,000000 000000000000,000000 0005 S0008+B0001
D000080+S0021 000000000001,500000 000000000013,000000 000000000000,000000 000000000000,000000 0005 S0008+B0001
D000081+S0004 000000000001,000000 000000000012,000000 000000000000,000000 000000000000,000000 0005 S0008+B0001
D000081+S0008 000000000000,500000 000000000005,000000 000000000000,000000 000000000000,000000 0005 S0008+B0001
D000081+S0011 000000000000,500000 000000000007,000000 000000000000,000000 000000000000,000000 0005 S0008+B0001
D000082+S0008 000000000002,000000 000000000029,000000 000000000000,000000 000000000000,000000 0005 S0008+B0001
D000082+S0020 000000000002,500000 000000000021,000000 000000000000,000000 000000000000,000000 0005 S0008+B0001
D000083+S0020 000000000002,000000 000000000009,000000 000000000000,000000 000000000000,000000 0005 S0008+B0001
D000083+S0021 000000000001,500000 000000000006,000000 000000000000,000000 000000000000,000000 0005 S0008+B0001
D000084+S0002 000000000002,000000 000000000015,000000 000000000000,000000 000000000000,000000 0005 S0008+B0001
D000084+S0020 000000000001,500000 000000000009,000000 000000000000,000000 000000000000,000000 0005 S0008+B0001
D000084+S0021 000000000002,000000 000000000020,000000 000000000000,000000 000000000000,000000 0005 S0008+B0001
D000085+S0006 000000000001,000000 000000000007,000000 000000000000,000000 000000000000,000000 0005 S0008+B0001
D000085+S0021 000000000003,000000 000000000039,000000 000000000000,000000 000000000000,000000 0005 S0008+B0001
D000086+S0021 000000000002,500000 000000000042,000000 000000000000,000000 000000000000,000000 0005 S0008+B0001
D000087+S0008 000000000001,000000 000000000013,000000 000000000000,000000 000000000000,000000 0005 S0008+B0001
D000087+S0011 000000000001,500000 000000000017,000000 000000000000,000000 000000000000,000000 0005 S0008+B0001
D000087+S0017 000000000002,500000 000000000020,000000 000000000000,000000 000000000000,000000 0005 S0008+B0001
D000088+S0004 000000000001,000000 000000000012,000000 000000000000,000000 000000000000,000000 0005 S0008+B0001
D000099+S0004 000000000001,300000 000000000001,000000 000000000000,500000 000000000000,650000 0008 S0013+B0003
D000099+S0017 000000000000,720000 000000000001,000000 000000000000,350000 000000000000,252000 0008 S0013+B0003
D000102+S0004 000000000000,800000 000000000001,000000 000000000000,500000 000000000000,400000 0008 S0013+B0003
D000103+S0004 000000000007,000000 000000000009,000000 000000000000,500000 000000000003,500000 0008 S0013+B0003
D000103+S0017 000000000001,000000 000000000003,000000 000000000000,350000 000000000000,350000 0008 S0013+B0003
D000104+S0004 000000000001,000000 000000000001,000000 000000000000,500000 000000000000,500000 0008 S0013+B0003
D000105+S0004 000000000001,700000 000000000002,000000 000000000000,500000 000000000000,850000 0008 S0013+B0003
D000106+S0004 000000000002,100000 000000000002,000000 000000000000,500000 000000000001,050000 0008 S0013+B0003
D000106+S0017 000000000001,400000 000000000003,000000 000000000000,350000 000000000000,490000 0008 S0013+B0003
D000107+S0004 000000000003,200000 000000000003,000000 000000000000,500000 000000000001,600000 0008 S0013+B0003
D000108+S0004 000000000001,700000 000000000002,000000 000000000000,500000 000000000000,850000 0008 S0013+B0003
D000100+S0004 000000000002,000000 000000000002,000000 000000000000,500000 000000000001,000000 0008 S0013+B0003
D000101+S0004 000000000002,000000 000000000002,000000 000000000000,500000 000000000001,000000 0008 S0013+B0003
D000109+S0004 000000000001,000000 000000000001,000000 000000000000,500000 000000000000,500000 0008 S0013+B0003
D000109+S0017 000000000000,800000 000000000001,000000 000000000000,350000 000000000000,280000 0008 S0013+B0003
D000110+S0004 000000000002,000000 000000000002,000000 000000000000,500000 000000000001,000000 0008 S0013+B0003
D000111+S0017 000000000000,780000 000000000002,000000 000000000000,350000 000000000000,273000 0008 S0013+B0003
D000112+S0004 000000000002,600000 000000000004,000000 000000000000,500000 000000000001,300000 0008 S0013+B0003
D000113+S0004 000000000004,100000 000000000003,000000 000000000000,500000 000000000002,050000 0008 S0013+B0003
D000113+S0017 000000000001,200000 000000000002,000000 000000000000,350000 000000000000,420000 0008 S0013+B0003
D000114+S0004 000000000002,300000 000000000002,000000 000000000000,500000 000000000001,150000 0008 S0013+B0003
D000115+S0006 000000000001,000000 000000000001,000000 000000000000,600000 000000000000,600000 0008 S0012+B0001
D000115+S0009 000000000006,000000 000000000070,000000 000000000000,200000 000000000001,200000 0008 S0012+B0001
D000115+S0017 000000000002,000000 000000000004,000000 000000000000,650000 000000000001,300000 0008 S0012+B0001
D000116+S0004 000000000007,000000 000000000024,000000 000000000000,300000 000000000002,100000 0008 S0012+B0001
D000116+S0009 000000000004,500000 000000000050,000000 000000000000,200000 000000000000,900000 0008 S0012+B0001
D000117+S0004 000000000002,000000 000000000010,000000 000000000000,300000 000000000000,600000 0008 S0012+B0001
D000117+S0006 000000000001,500000 000000000004,000000 000000000000,600000 000000000000,900000 0008 S0012+B0001
D000117+S0009 000000000009,000000 000000000121,000000 000000000000,200000 000000000001,800000 0008 S0012+B0001
D000121+S0006 000000000002,000000 000000000003,000000 000000000000,600000 000000000001,200000 0008 S0012+B0001
D000121+S0009 000000000005,000000 000000000054,000000 000000000000,200000 000000000001,000000 0008 S0012+B0001
D000122+S0004 000000000002,000000 000000000012,000000 000000000000,300000 000000000000,600000 0008 S0012+B0001
D000122+S0006 000000000003,500000 000000000003,000000 000000000000,600000 000000000002,100000 0008 S0012+B0001
D000122+S0009 000000000005,000000 000000000070,000000 000000000000,200000 000000000001,000000 0008 S0012+B0001
D000123+S0004 000000000009,000000 000000000052,000000 000000000000,300000 000000000002,700000 0008 S0012+B0001
D000123+S0009 000000000007,000000 000000000073,000000 000000000000,200000 000000000001,400000 0008 S0012+B0001
D000124+S0006 000000000008,000000 000000000005,000000 000000000000,600000 000000000004,800000 0008 S0012+B0001
D000124+S0009 000000000006,500000 000000000058,000000 000000000000,200000 000000000001,300000 0008 S0012+B0001
D000124+S0017 000000000003,500000 000000000005,000000 000000000000,650000 000000000002,275000 0008 S0012+B0001
D000125+S0006 000000000003,500000 000000000006,000000 000000000000,600000 000000000002,100000 0008 S0012+B0001
D000125+S0009 000000000012,000000 000000000082,000000 000000000000,200000 000000000002,400000 0008 S0012+B0001
D000125+S0017 000000000002,000000 000000000004,000000 000000000000,650000 000000000001,300000 0008 S0012+B0001
D000126+S0004 000000000007,000000 000000000034,000000 000000000000,300000 000000000002,100000 0008 S0012+B0001
D000126+S0006 000000000002,000000 000000000005,000000 000000000000,600000 000000000001,200000 0008 S0012+B0001
D000126+S0017 000000000003,000000 000000000007,000000 000000000000,650000 000000000001,950000 0008 S0012+B0001
D000127+S0004 000000000001,000000 000000000006,000000 000000000000,300000 000000000000,300000 0008 S0012+B0001
D000127+S0006 000000000001,000000 000000000002,000000 000000000000,600000 000000000000,600000 0008 S0012+B0001
D000127+S0009 000000000026,000000 000000000157,000000 000000000000,200000 000000000005,200000 0008 S0012+B0001
D000128+S0004 000000000001,000000 000000000002,000000 000000000000,300000 000000000000,300000 0008 S0012+B0001
D000128+S0009 000000000006,000000 000000000058,000000 000000000000,200000 000000000001,200000 0008 S0012+B0001
D000128+S0017 000000000002,000000 000000000006,000000 000000000000,650000 000000000001,300000 0008 S0012+B0001
D000129+S0004 000000000013,000000 000000000062,000000 000000000000,300000 000000000003,900000 0008 S0012+B0001
D000129+S0006 000000000015,000000 000000000009,000000 000000000000,600000 000000000009,000000 0008 S0012+B0001
D000129+S0017 000000000005,000000 000000000007,000000 000000000000,650000 000000000003,250000 0008 S0012+B0001
D000130+S0006 000000000002,000000 000000000004,000000 000000000000,600000 000000000001,200000 0008 S0012+B0001
D000130+S0017 000000000004,500000 000000000008,000000 000000000000,650000 000000000002,925000 0008 S0012+B0001
D000131+S0004 000000000001,500000 000000000007,000000 000000000000,400000 000000000000,600000 0006 S0009+B0001
D000131+S0009 000000000000,500000 000000000005,000000 000000000000,300000 000000000000,150000 0006 S0009+B0001
D000133+S0006 000000000004,000000 000000000002,000000 000000000000,500000 000000000002,000000 0006 S0009+B0001
D000134+S0004 000000000000,500000 000000000002,000000 000000000000,400000 000000000000,200000 0006 S0009+B0001
D000134+S0006 000000000000,250000 000000000001,000000 000000000000,500000 000000000000,125000 0006 S0009+B0001
D000135+S0004 000000000002,500000 000000000011,000000 000000000000,400000 000000000001,000000 0006 S0009+B0001
D000135+S0009 000000000001,000000 000000000009,000000 000000000000,300000 000000000000,300000 0006 S0009+B0001
D000136+S0004 000000000002,000000 000000000012,000000 000000000000,400000 000000000000,800000 0006 S0009+B0001
D000136+S0009 000000000001,000000 000000000010,000000 000000000000,300000 000000000000,300000 0006 S0009+B0001
D000137+S0004 000000000001,500000 000000000007,000000 000000000000,000000 000000000000,000000 0006 S0009+B0001
D000151+S0009 000000000008,000000 000000000524,000000 000000000000,200000 000000000001,600000 0006 S0009+B0005
D000152+S0009 000000000000,500000 000000000029,000000 000000000000,200000 000000000000,100000 0006 S0009+B0005
D000152+S0021 000000000000,250000 000000000002,000000 000000000000,300000 000000000000,075000 0006 S0009+B0005
D000153+S0009 000000000002,000000 000000000143,000000 000000000000,200000 000000000000,400000 0006 S0009+B0005
D000154+S0009 000000000001,250000 000000000076,000000 000000000000,200000 000000000000,250000 0006 S0009+B0005
D000132+S0004 000000000001,000000 000000000003,000000 000000000000,400000 000000000000,400000 0006 S0009+B0001
D000132+S0021 000000000000,500000 000000000002,000000 000000000000,400000 000000000000,200000 0006 S0009+B0001
D000137+S0009 000000000001,000000 000000000008,000000 000000000000,000000 000000000000,000000 0006 S0009+B0001
D000138+S0004 000000000002,000000 000000000007,000000 000000000000,000000 000000000000,000000 0006 S0009+B0001
D000138+S0009 000000000000,500000 000000000003,000000 000000000000,000000 000000000000,000000 0006 S0009+B0001
D000139+S0004 000000000015,000000 000000000087,000000 000000000000,200000 000000000003,000000 0006 S0009+B0001
D000139+S0009 000000000002,000000 000000000023,000000 000000000000,150000 000000000000,300000 0006 S0009+B0001
D000140+S0004 000000000025,000000 000000000231,000000 000000000000,200000 000000000005,000000 0006 S0009+B0001
D000140+S0009 000000000004,000000 000000000043,000000 000000000000,150000 000000000000,600000 0006 S0009+B0001
D000141+S0004 000000000021,000000 000000000351,000000 000000000000,200000 000000000004,200000 0006 S0009+B0001
D000141+S0009 000000000001,000000 000000000013,000000 000000000000,150000 000000000000,150000 0006 S0009+B0001
D000142+S0004 000000000008,000000 000000000034,000000 000000000000,200000 000000000001,600000 0006 S0009+B0001
D000142+S0009 000000000002,000000 000000000019,000000 000000000000,150000 000000000000,300000 0006 S0009+B0001
D000143+S0009 000000000004,000000 000000000117,000000 000000000000,200000 000000000000,800000 0006 S0009+B0005
D000144+S0009 000000000003,000000 000000000098,000000 000000000000,200000 000000000000,600000 0006 S0009+B0005
D000145+S0009 000000000002,000000 000000000067,000000 000000000000,200000 000000000000,400000 0006 S0009+B0005
D000146+S0009 000000000005,000000 000000000144,000000 000000000000,200000 000000000001,000000 0006 S0009+B0005
D000155+S0009 000000000001,000000 000000000023,000000 000000000000,400000 000000000000,400000 0007 S0010+B0001
D000155+S0017 000000000000,150000 000000000002,000000 000000000000,400000 000000000000,060000 0007 S0010+B0001
D000155+S0018 000000000000,450000 000000000001,000000 000000000000,400000 000000000000,180000 0007 S0010+B0001
D000156+S0004 000000000000,150000 000000000003,000000 000000000000,400000 000000000000,060000 0007 S0010+B0001
D000156+S0005 000000000000,100000 000000000001,000000 000000000000,400000 000000000000,040000 0007 S0010+B0001
D000156+S0006 000000000001,800000 000000000015,000000 000000000000,400000 000000000000,720000 0007 S0010+B0001
D000158+S0009 000000000000,100000 000000000010,000000 000000000000,250000 000000000000,025000 0007 S0010+B0001
D000159+S0004 000000000000,500000 000000000005,000000 000000000000,300000 000000000000,150000 0007 S0010+B0001
D000159+S0006 000000000000,200000 000000000004,000000 000000000000,300000 000000000000,060000 0007 S0010+B0001
D000157+S0004 000000000000,200000 000000000004,000000 000000000000,300000 000000000000,060000 0007 S0010+B0001
D000157+S0006 000000000000,040000 000000000006,000000 000000000000,300000 000000000000,012000 0007 S0010+B0001
D000157+S0017 000000000000,080000 000000000002,000000 000000000000,300000 000000000000,024000 0007 S0010+B0001
D000158+S0004 000000000000,150000 000000000005,000000 000000000000,300000 000000000000,045000 0007 S0010+B0001
D000158+S0006 000000000000,080000 000000000003,000000 000000000000,300000 000000000000,024000 0007 S0010+B0001
D000159+S0018 000000000000,020000 000000000010,000000 000000000000,300000 000000000000,006000 0007 S0010+B0001
D000159+S0021 000000000000,550000 000000000160,000000 000000000000,200000 000000000000,110000 0007 S0010+B0001
D000160+S0004 000000000000,100000 000000000004,000000 000000000000,300000 000000000000,030000 0007 S0010+B0001
D000160+S0006 000000000000,300000 000000000005,000000 000000000000,400000 000000000000,120000 0007 S0010+B0001
D000160+S0009 000000000000,100000 000000000003,000000 000000000000,000000 000000000000,000000 0007 S0010+B0001
D000160+S0018 000000000000,500000 000000000014,000000 000000000000,000000 000000000000,000000 0007 S0010+B0001
D000160+S0020 000000000000,080000 000000000003,000000 000000000000,200000 000000000000,016000 0007 S0010+B0001
D000160+S0021 000000000000,380000 000000000030,000000 000000000000,250000 000000000000,095000 0007 S0010+B0001
D000161+S0009 000000000000,080000 000000000005,000000 000000000000,300000 000000000000,024000 0007 S0010+B0001
D000161+S0018 000000000000,030000 000000000011,000000 000000000000,200000 000000000000,006000 0007 S0010+B0001
D000161+S0021 000000000000,400000 000000000100,000000 000000000000,200000 000000000000,080000 0007 S0010+B0001
D000162+S0004 000000000000,080000 000000000003,000000 000000000000,300000 000000000000,024000 0007 S0010+B0001
D000162+S0006 000000000000,200000 000000000004,000000 000000000000,000000 000000000000,000000 0007 S0010+B0001
D000162+S0008 000000000000,010000 000000000001,000000 000000000000,000000 000000000000,000000 0007 S0010+B0001
D000162+S0009 000000000000,400000 000000000010,000000 000000000000,000000 000000000000,000000 0007 S0010+B0001
D000162+S0018 000000000000,600000 000000000014,000000 000000000000,000000 000000000000,000000 0007 S0010+B0001
D000162+S0021 000000000000,400000 000000000030,000000 000000000000,000000 000000000000,000000 0007 S0010+B0001
D000163+S0004 000000000000,800000 000000000019,000000 000000000000,000000 000000000000,000000 0007 S0010+B0001
D000163+S0006 000000000000,100000 000000000003,000000 000000000000,000000 000000000000,000000 0007 S0010+B0001
D000163+S0008 000000000000,015000 000000000001,000000 000000000000,000000 000000000000,000000 0007 S0010+B0001
D000163+S0009 000000000004,100000 000000000000,000000 000000000000,000000 000000000000,000000 0007 S0010+B0001
D000163+S0011 000000000000,040000 000000000002,000000 000000000000,000000 000000000000,000000 0007 S0010+B0001
D000163+S0019 000000000000,500000 000000000008,000000 000000000000,000000 000000000000,000000 0007 S0010+B0001
D000163+S0021 000000000000,050000 000000000006,000000 000000000000,000000 000000000000,000000 0007 S0010+B0001
D000164+S0020 000000000000,050000 000000000023,000000 000000000000,000000 000000000000,000000 0007 S0010+B0001
D000164+S0021 000000000001,300000 000000000198,000000 000000000000,000000 000000000000,000000 0007 S0010+B0001
D000165+S0004 000000000000,900000 000000000010,000000 000000000000,400000 000000000000,360000 0007 S0010+B0001
D000165+S0009 000000000001,150000 000000000007,000000 000000000000,300000 000000000000,345000 0007 S0010+B0001
D000165+S0018 000000000000,150000 000000000003,000000 000000000000,300000 000000000000,045000 0007 S0010+B0001
D000166+S0009 000000000001,200000 000000000005,000000 000000000000,500000 000000000000,600000 0007 S0010+B0001
D000166+S0018 000000000000,200000 000000000001,000000 000000000000,500000 000000000000,100000 0007 S0010+B0001
D000167+S0004 000000000000,700000 000000000005,000000 000000000000,400000 000000000000,280000 0007 S0010+B0001
D000167+S0006 000000000000,300000 000000000006,000000 000000000000,400000 000000000000,120000 0007 S0010+B0001
D000167+S0009 000000000000,700000 000000000025,000000 000000000000,000000 000000000000,000000 0007 S0010+B0001
D000168+S0004 000000000000,500000 000000000003,000000 000000000000,500000 000000000000,250000 0007 S0010+B0001
D000168+S0006 000000000003,000000 000000000010,000000 000000000000,500000 000000000001,500000 0007 S0010+B0001
D000168+S0009 000000000002,500000 000000000018,000000 000000000000,500000 000000000001,250000 0007 S0010+B0001
D000169+S0004 000000000000,100000 000000000002,000000 000000000000,300000 000000000000,030000 0007 S0010+B0001
D000169+S0006 000000000000,200000 000000000003,000000 000000000000,400000 000000000000,080000 0007 S0010+B0001
D000170+S0017 000000000000,050000 000000000001,000000 000000000000,300000 000000000000,015000 0007 S0010+B0001
D000170+S0018 000000000000,150000 000000000005,000000 000000000000,200000 000000000000,030000 0007 S0010+B0001
D000171+S0008 000000000000,100000 000000000046,000000 000000000000,200000 000000000000,020000 0007 S0010+B0002
D000171+S0009 000000000000,500000 000000000086,000000 000000000000,300000 000000000000,150000 0007 S0010+B0002
D000172+S0009 000000000001,200000 000000000142,000000 000000000000,300000 000000000000,360000 0007 S0010+B0002
D000172+S0021 000000000000,900000 000000000088,000000 000000000000,250000 000000000000,225000 0007 S0010+B0002
D000173+S0009 000000000002,000000 000000000660,000000 000000000000,300000 000000000000,600000 0007 S0010+B0002
D000173+S0021 000000000000,050000 000000000004,000000 000000000000,200000 000000000000,010000 0007 S0010+B0002
D000174+S0008 000000000000,100000 000000000036,000000 000000000000,200000 000000000000,020000 0007 S0010+B0002
D000174+S0021 000000000000,050000 000000000018,000000 000000000000,000000 000000000000,000000 0007 S0010+B0002
D000175+S0009 000000000001,500000 000000000298,000000 000000000000,200000 000000000000,300000 0007 S0010+B0002
D000176+S0009 000000000000,800000 000000000000,000000 000000000000,300000 000000000000,240000 0007 S0010+B0002
D000176+S0021 000000000000,200000 000000000040,000000 000000000000,000000 000000000000,000000 0007 S0010+B0002
D000177+S0009 000000000003,750000 000000000825,000000 000000000000,300000 000000000001,125000 0007 S0010+B0002
D000178+S0006 000000000000,200000 000000000001,000000 000000000000,000000 000000000000,000000 0007 S0010+B0002
D000178+S0009 000000000003,150000 000000000452,000000 000000000000,300000 000000000000,945000 0007 S0010+B0002
D000179+S0008 000000000000,300000 000000000160,000000 000000000000,200000 000000000000,060000 0007 S0010+B0002
D000179+S0009 000000000003,800000 000000000285,000000 000000000000,200000 000000000000,760000 0007 S0010+B0002
D000179+S0019 000000000000,030000 000000000006,000000 000000000000,000000 000000000000,000000 0007 S0010+B0002
D000179+S0021 000000000001,050000 000000000037,000000 000000000000,000000 000000000000,000000 0007 S0010+B0002
D000180+S0008 000000000000,300000 000000000160,000000 000000000000,000000 000000000000,000000 0007 S0010+B0002
D000180+S0009 000000000003,800000 000000000285,000000 000000000000,200000 000000000000,760000 0007 S0010+B0002
D000180+S0019 000000000000,030000 000000000006,000000 000000000000,000000 000000000000,000000 0007 S0010+B0002
D000180+S0021 000000000001,500000 000000000037,000000 000000000000,000000 000000000000,000000 0007 S0010+B0002
D000181+S0009 000000000000,700000 000000000110,000000 000000000000,300000 000000000000,210000 0007 S0010+B0002
D000181+S0021 000000000000,200000 000000000060,000000 000000000000,200000 000000000000,040000 0007 S0010+B0002
D000182+S0009 000000000001,800000 000000000364,000000 000000000000,300000 000000000000,540000 0007 S0010+B0002
D000182+S0018 000000000000,050000 000000000012,000000 000000000000,000000 000000000000,000000 0007 S0010+B0002
D000182+S0021 000000000000,020000 000000000003,000000 000000000000,000000 000000000000,000000 0007 S0010+B0002
D000183+S0009 000000000002,000000 000000000700,000000 000000000000,200000 000000000000,400000 0007 S0010+B0002
D000184+S0009 000000000002,700000 000000000780,000000 000000000000,200000 000000000000,540000 0007 S0010+B0002
D000185+S0009 000000000001,500000 000000000298,000000 000000000000,200000 000000000000,300000 0007 S0010+B0002
D000186+S0009 000000000000,800000 000000000110,000000 000000000000,200000 000000000000,160000 0007 S0010+B0002
D000186+S0021 000000000000,200000 000000000040,000000 000000000000,200000 000000000000,040000 0007 S0010+B0002
D000187+S0005 000000000000,090000 000000000001,000000 000000000000,400000 000000000000,036000 0007 S0010+B0003
D000187+S0006 000000000002,000000 000000000002,000000 000000000000,500000 000000000001,000000 0007 S0010+B0003
D000188+S0004 000000000000,900000 000000000012,000000 000000000000,400000 000000000000,360000 0007 S0010+B0003
D000188+S0006 000000000000,100000 000000000001,000000 000000000000,400000 000000000000,040000 0007 S0010+B0003
D000188+S0009 000000000000,300000 000000000004,000000 000000000000,400000 000000000000,120000 0007 S0010+B0003
D000189+S0006 000000000000,600000 000000000010,000000 000000000000,300000 000000000000,180000 0007 S0010+B0003
D000189+S0021 000000000000,200000 000000000008,000000 000000000000,300000 000000000000,060000 0007 S0010+B0003
D000190+S0004 000000000000,150000 000000000003,000000 000000000000,300000 000000000000,045000 0007 S0010+B0003
D000190+S0009 000000000000,100000 000000000002,000000 000000000000,300000 000000000000,030000 0007 S0010+B0003
D000190+S0021 000000000000,150000 000000000005,000000 000000000000,300000 000000000000,045000 0007 S0010+B0003
D000191+S0004 000000000001,400000 000000000024,000000 000000000000,400000 000000000000,560000 0007 S0010+B0005
D000191+S0009 000000000001,300000 000000000043,000000 000000000000,400000 000000000000,520000 0007 S0010+B0005
D000192+S0006 000000000001,200000 000000000013,000000 000000000000,400000 000000000000,480000 0007 S0010+B0005
D000192+S0009 000000000001,000000 000000000032,000000 000000000000,400000 000000000000,400000 0007 S0010+B0005
D000193+S0009 000000000002,000000 000000000039,000000 000000000000,500000 000000000001,000000 0007 S0010+B0005
D000193+S0018 000000000000,250000 000000000001,000000 000000000000,500000 000000000000,125000 0007 S0010+B0005
D000194+S0006 000000000000,080000 000000000001,000000 000000000000,500000 000000000000,040000 0007 S0010+B0005
D000194+S0009 000000000001,300000 000000000001,000000 000000000000,500000 000000000000,650000 0007 S0010+B0005
D000195+S0009 000000000001,000000 000000000020,000000 000000000000,500000 000000000000,500000 0007 S0010+B0005
D000195+S0018 000000000001,000000 000000000005,000000 000000000000,500000 000000000000,500000 0007 S0010+B0005
D000196+S0009 000000000001,000000 000000000020,000000 000000000000,500000 000000000000,500000 0007 S0010+B0005
D000196+S0017 000000000001,000000 000000000005,000000 000000000000,500000 000000000000,500000 0007 S0010+B0005
D000198+S0006 000000000001,000000 000000000020,000000 000000000000,400000 000000000000,400000 0007 S0010+B0005
D000198+S0018 000000000001,500000 000000000010,000000 000000000000,500000 000000000000,750000 0007 S0010+B0005
D000199+S0004 000000000001,400000 000000000024,000000 000000000000,400000 000000000000,560000 0007 S0010+B0005
D000199+S0009 000000000001,000000 000000000035,000000 000000000000,400000 000000000000,400000 0007 S0010+B0005
D000200+S0009 000000000000,500000 000000000007,000000 000000000000,500000 000000000000,250000 0007 S0010+B0005
D000200+S0018 000000000002,500000 000000000000,000000 000000000000,500000 000000000001,250000 0007 S0010+B0005
D000201+S0004 000000000001,700000 000000000008,000000 000000000000,500000 000000000000,850000 0007 S0010+B0005
D000201+S0006 000000000001,500000 000000000026,000000 000000000000,500000 000000000000,750000 0007 S0010+B0005
D000202+S0009 000000000002,500000 000000000018,000000 000000000000,400000 000000000001,000000 0007 S0010+B0005
D000202+S0019 000000000001,700000 000000000010,000000 000000000000,500000 000000000000,850000 0007 S0010+B0005
D000203+S0006 000000000001,000000 000000000012,000000 000000000000,000000 000000000000,000000 0007 S0010+B0005
D000203+S0009 000000000000,800000 000000000000,000000 000000000000,000000 000000000000,000000 0007 S0010+B0005
