D000001+S0008 000000000000,010000 000000000001,000000 000000000000,175000 000000000000,001750 0003 S0003+B0001
D000001+S0009 000000000000,020000 000000000002,000000 000000000000,375000 000000000000,007500 0003 S0003+B0001
D000001+S0011 000000000004,000000 000000000037,000000 000000000000,600000 000000000002,400000 0003 S0003+B0001
D000001+S0018 000000000005,000000 000000000087,000000 000000000000,750000 000000000003,750000 0003 S0003+B0001
D000001+S0020 000000000000,050000 000000000001,000000 000000000000,175000 000000000000,008750 0003 S0003+B0001
D000001+S0021 000000000001,000000 000000000012,000000 000000000000,300000 000000000000,300000 0003 S0003+B0001
D000003+S0008 000000000003,000000 000000000010,000000 000000000000,450000 000000000001,350000 0003 S0003+B0001
D000003+S0009 000000000000,900000 000000000010,000000 000000000000,750000 000000000000,675000 0003 S0003+B0001
D000003+S0011 000000000000,700000 000000000008,000000 000000000000,750000 000000000000,525000 0003 S0003+B0001
D000003+S0013 000000000000,025000 000000000004,000000 000000000000,250000 000000000000,006250 0003 S0003+B0001
D000003+S0018 000000000001,000000 000000000006,000000 000000000000,750000 000000000000,750000 0003 S0003+B0001
D000003+S0020 000000000001,000000 000000000001,000000 000000000000,000000 000000000000,000000 0003 S0003+B0001
D000004+S0005 000000000001,000000 000000000002,000000 000000000000,750000 000000000000,750000 0003 S0003+B0001
D000004+S0008 000000000000,800000 000000000003,000000 000000000000,450000 000000000000,360000 0003 S0003+B0001
D000004+S0011 000000000000,900000 000000000008,000000 000000000000,750000 000000000000,675000 0003 S0003+B0001
D000004+S0018 000000000002,000000 000000000018,000000 000000000000,750000 000000000001,500000 0003 S0003+B0001
D000004+S0020 000000000000,800000 000000000001,000000 000000000000,750000 000000000000,600000 0003 S0003+B0001
D000004+S0021 000000000000,800000 000000000004,000000 000000000000,250000 000000000000,200000 0003 S0003+B0001
D000005+S0008 000000000002,000000 000000000009,000000 000000000000,450000 000000000000,900000 0003 S0003+B0001
D000005+S0011 000000000003,000000 000000000020,000000 000000000000,750000 000000000002,250000 0003 S0003+B0001
D000005+S0018 000000000000,150000 000000000003,000000 000000000000,350000 000000000000,052500 0003 S0003+B0001
D000005+S0021 000000000000,050000 000000000001,000000 000000000000,100000 000000000000,005000 0003 S0003+B0001
D000006+S0008 000000000000,010000 000000000001,000000 000000000000,175000 000000000000,001750 0003 S0003+B0001
D000006+S0009 000000000000,020000 000000000002,000000 000000000000,375000 000000000000,007500 0003 S0003+B0001
D000006+S0011 000000000004,000000 000000000037,000000 000000000000,600000 000000000002,400000 0003 S0003+B0001
D000006+S0018 000000000005,000000 000000000087,000000 000000000000,750000 000000000003,750000 0003 S0003+B0001
D000006+S0020 000000000000,050000 000000000001,000000 000000000000,175000 000000000000,008750 0003 S0003+B0001
D000006+S0021 000000000001,000000 000000000012,000000 000000000000,300000 000000000000,300000 0003 S0003+B0001
D000007+S0008 000000000000,100000 000000000001,000000 000000000000,250000 000000000000,025000 0003 S0003+B0001
D000007+S0011 000000000000,060000 000000000002,000000 000000000000,300000 000000000000,018000 0003 S0003+B0001
D000007+S0012 000000000000,150000 000000000002,000000 000000000000,300000 000000000000,045000 0003 S0003+B0001
D000007+S0018 000000000000,300000 000000000003,000000 000000000000,200000 000000000000,060000 0003 S0003+B0001
D000008+S0001 000000000000,025000 000000000001,000000 000000000000,200000 000000000000,005000 0003 S0003+B0001
D000008+S0005 000000000000,400000 000000000002,000000 000000000000,350000 000000000000,140000 0003 S0003+B0001
D000008+S0006 000000000000,600000 000000000002,000000 000000000000,450000 000000000000,270000 0003 S0003+B0001
D000008+S0011 000000000001,600000 000000000010,000000 000000000000,750000 000000000001,200000 0003 S0003+B0001
D000008+S0018 000000000000,050000 000000000001,000000 000000000000,250000 000000000000,012500 0003 S0003+B0001
D000008+S0020 000000000000,020000 000000000001,000000 000000000000,175000 000000000000,003500 0003 S0003+B0001
D000009+S0009 000000000004,000000 000000000021,000000 000000000000,750000 000000000003,000000 0003 S0003+B0001
D000009+S0011 000000000000,020000 000000000001,000000 000000000000,250000 000000000000,005000 0003 S0003+B0001
D000009+S0018 000000000002,000000 000000000019,000000 000000000000,450000 000000000000,900000 0003 S0003+B0001
D000009+S0021 000000000000,020000 000000000002,000000 000000000000,200000 000000000000,004000 0003 S0003+B0001
D000010+S0006 000000000000,020000 000000000001,000000 000000000000,275000 000000000000,005500 0003 S0003+B0001
D000010+S0008 000000000001,600000 000000000010,000000 000000000000,350000 000000000000,560000 0003 S0003+B0001
D000010+S0009 000000000002,000000 000000000009,000000 000000000000,750000 000000000001,500000 0003 S0003+B0001
D000010+S0013 000000000000,900000 000000000012,000000 000000000000,175000 000000000000,157500 0003 S0003+B0001
D000010+S0018 000000000000,025000 000000000005,000000 000000000000,175000 000000000000,004375 0003 S0003+B0001
D000011+S0008 000000000001,000000 000000000002,000000 000000000000,650000 000000000000,650000 0003 S0003+B0001
D000011+S0011 000000000002,500000 000000000013,000000 000000000000,400000 000000000001,000000 0003 S0003+B0001
D000011+S0013 000000000001,000000 000000000001,000000 000000000000,500000 000000000000,500000 0003 S0003+B0001
D000011+S0018 000000000000,100000 000000000002,000000 000000000000,300000 000000000000,030000 0003 S0003+B0001
D000011+S0020 000000000001,500000 000000000002,000000 000000000000,750000 000000000001,125000 0003 S0003+B0001
D000011+S0021 000000000000,050000 000000000001,000000 000000000000,100000 000000000000,005000 0003 S0003+B0001
D000013+S0004 000000000002,000000 000000000007,000000 000000000000,250000 000000000000,500000 0003 S0003+B0002
D000013+S0007 000000000001,300000 000000000001,000000 000000000000,750000 000000000000,975000 0003 S0003+B0002
D000013+S0009 000000000005,000000 000000000042,000000 000000000000,750000 000000000003,750000 0003 S0003+B0002
D000013+S0011 000000000000,400000 000000000003,000000 000000000000,750000 000000000000,300000 0003 S0003+B0002
D000013+S0018 000000000000,100000 000000000002,000000 000000000000,750000 000000000000,075000 0003 S0003+B0002
D000013+S0021 000000000000,500000 000000000001,000000 000000000000,750000 000000000000,375000 0003 S0003+B0002
D000014+S0008 000000000003,000000 000000000017,000000 000000000000,450000 000000000001,350000 0003 S0003+B0002
D000014+S0009 000000000002,000000 000000000015,000000 000000000000,750000 000000000001,500000 0003 S0003+B0002
D000014+S0011 000000000000,800000 000000000005,000000 000000000000,750000 000000000000,600000 0003 S0003+B0002
D000014+S0013 000000000000,020000 000000000002,000000 000000000000,350000 000000000000,007000 0003 S0003+B0002
D000014+S0018 000000000000,020000 000000000002,000000 000000000000,750000 000000000000,015000 0003 S0003+B0002
D000014+S0020 000000000000,700000 000000000001,000000 000000000000,750000 000000000000,525000 0003 S0003+B0002
D000015+S0008 000000000005,000000 000000000015,000000 000000000000,450000 000000000002,250000 0003 S0003+B0002
D000015+S0009 000000000004,000000 000000000017,000000 000000000000,750000 000000000003,000000 0003 S0003+B0002
D000016+S0008 000000000002,000000 000000000022,000000 000000000000,450000 000000000000,900000 0003 S0003+B0002
D000016+S0009 000000000001,000000 000000000004,000000 000000000000,750000 000000000000,750000 0003 S0003+B0002
D000017+S0002 000000000002,000000 000000000003,000000 000000000000,750000 000000000001,500000 0003 S0003+B0002
D000017+S0008 000000000002,000000 000000000004,000000 000000000000,700000 000000000001,400000 0003 S0003+B0002
D000017+S0009 000000000004,000000 000000000010,000000 000000000000,750000 000000000003,000000 0003 S0003+B0002
D000017+S0011 000000000001,000000 000000000003,000000 000000000000,750000 000000000000,750000 0003 S0003+B0002
D000017+S0013 000000000015,000000 000000000080,000000 000000000000,350000 000000000005,250000 0003 S0003+B0002
D000017+S0017 000000000001,500000 000000000001,000000 000000000001,000000 000000000001,500000 0003 S0003+B0002
D000018+S0008 000000000005,000000 000000000025,000000 000000000000,450000 000000000002,250000 0003 S0003+B0002
D000018+S0009 000000000004,000000 000000000013,000000 000000000000,750000 000000000003,000000 0003 S0003+B0002
D000018+S0011 000000000001,000000 000000000007,000000 000000000000,750000 000000000000,750000 0003 S0003+B0002
D000018+S0013 000000000001,500000 000000000012,000000 000000000000,500000 000000000000,750000 0003 S0003+B0002
D000019+S0008 000000000000,400000 000000000005,000000 000000000000,250000 000000000000,100000 0003 S0003+B0002
D000019+S0009 000000000001,000000 000000000003,000000 000000000000,750000 000000000000,750000 0003 S0003+B0002
D000019+S0011 000000000000,100000 000000000001,000000 000000000000,250000 000000000000,025000 0003 S0003+B0002
D000019+S0020 000000000000,500000 000000000001,000000 000000000000,250000 000000000000,125000 0003 S0003+B0002
D000020+S0008 000000000001,500000 000000000005,000000 000000000000,450000 000000000000,675000 0003 S0003+B0002
D000020+S0009 000000000001,000000 000000000004,000000 000000000000,750000 000000000000,750000 0003 S0003+B0002
D000020+S0020 000000000000,100000 000000000001,000000 000000000000,250000 000000000000,025000 0003 S0003+B0002
D000021+S0008 000000000003,000000 000000000010,000000 000000000000,450000 000000000001,350000 0003 S0003+B0002
D000021+S0009 000000000000,900000 000000000010,000000 000000000000,750000 000000000000,675000 0003 S0003+B0002
D000021+S0011 000000000000,700000 000000000008,000000 000000000000,750000 000000000000,525000 0003 S0003+B0002
D000021+S0013 000000000000,025000 000000000004,000000 000000000000,350000 000000000000,008750 0003 S0003+B0002
D000021+S0020 000000000001,000000 000000000001,000000 000000000000,750000 000000000000,750000 0003 S0003+B0002
D000023+S0004 000000000001,800000 000000000002,000000 000000000000,250000 000000000000,450000 0003 S0003+B0002
D000023+S0006 000000000000,070000 000000000001,000000 000000000000,750000 000000000000,052500 0003 S0003+B0002
D000023+S0008 000000000002,500000 000000000021,000000 000000000000,450000 000000000001,125000 0003 S0003+B0002
D000023+S0009 000000000002,000000 000000000017,000000 000000000000,750000 000000000001,500000 0003 S0003+B0002
D000023+S0011 000000000000,900000 000000000010,000000 000000000000,750000 000000000000,675000 0003 S0003+B0002
D000023+S0013 000000000000,010000 000000000003,000000 000000000000,250000 000000000000,002500 0003 S0003+B0002
D000023+S0018 000000000000,500000 000000000004,000000 000000000000,750000 000000000000,375000 0003 S0003+B0002
D000023+S0021 000000000000,030000 000000000005,000000 000000000000,200000 000000000000,006000 0003 S0003+B0002
D000024+S0008 000000000002,000000 000000000004,000000 000000000000,450000 000000000000,900000 0003 S0003+B0002
D000024+S0018 000000000000,025000 000000000001,000000 000000000000,200000 000000000000,005000 0003 S0003+B0002
D000025+S0005 000000000002,000000 000000000001,000000 000000000000,750000 000000000001,500000 0003 S0003+B0003
D000027+S0008 000000000001,000000 000000000004,000000 000000000000,000000 000000000000,000000 0004 S0005+B0001
D000027+S0011 000000000002,000000 000000000007,000000 000000000000,600000 000000000001,200000 0004 S0005+B0001
D000027+S0018 000000000001,500000 000000000004,000000 000000000000,450000 000000000000,675000 0004 S0005+B0001
D000027+S0019 000000000000,500000 000000000001,000000 000000000000,150000 000000000000,075000 0004 S0005+B0001
D000028+S0002 000000000003,000000 000000000001,000000 000000000000,400000 000000000001,200000 0004 S0005+B0001
D000029+S0009 000000000004,000000 000000000053,000000 000000000000,000000 000000000000,000000 0004 S0005+B0001
D000029+S0011 000000000001,000000 000000000026,000000 000000000000,000000 000000000000,000000 0004 S0005+B0001
D000030+S0007 000000000005,000000 000000000015,000000 000000000000,250000 000000000001,250000 0004 S0005+B0001
D000030+S0011 000000000003,000000 000000000003,000000 000000000000,200000 000000000000,600000 0004 S0005+B0001
D000030+S0017 000000000004,000000 000000000001,000000 000000000000,750000 000000000003,000000 0004 S0005+B0001
D000030+S0018 000000000002,000000 000000000001,000000 000000000000,200000 000000000000,400000 0004 S0005+B0001
D000031+S0004 000000000002,500000 000000000039,000000 000000000000,300000 000000000000,750000 0004 S0005+B0001
D000031+S0009 000000000001,000000 000000000020,000000 000000000000,250000 000000000000,250000 0004 S0005+B0001
D000032+S0011 000000000001,000000 000000000002,000000 000000000000,250000 000000000000,250000 0004 S0005+B0001
D000033+S0004 000000000004,000000 000000000030,000000 000000000000,000000 000000000000,000000 0004 S0005+B0001
D000033+S0009 000000000002,500000 000000000015,000000 000000000000,300000 000000000000,750000 0004 S0005+B0001
D000034+S0017 000000000015,000000 000000000001,000000 000000000001,000000 000000000015,000000 0004 S0005+B0001
D000037+S0003 000000000001,000000 000000000004,000000 000000000000,800000 000000000000,800000 0004 S0005+B0003
D000038+S0003 000000000006,000000 000000000001,000000 000000000000,500000 000000000003,000000 0004 S0005+B0003
D000035+S0011 000000000000,500000 000000000003,000000 000000000000,150000 000000000000,075000 0004 S0005+B0003
D000036+S0004 000000000015,000000 000000000020,000000 000000000000,400000 000000000006,000000 0004 S0005+B0003
D000037+S0018 000000000006,000000 000000000005,000000 000000000000,400000 000000000002,400000 0004 S0005+B0003
D000038+S0004 000000000002,000000 000000000001,000000 000000000000,200000 000000000000,400000 0004 S0005+B0003
D000042+S0004 000000000004,600000 000000000060,000000 000000000000,250000 000000000001,150000 0004 S0005+B0005
D000042+S0009 000000000003,500000 000000000070,000000 000000000000,250000 000000000000,875000 0004 S0005+B0005
D000044+S0009 000000000009,000000 000000000100,000000 000000000000,250000 000000000002,250000 0004 S0005+B0005
D000045+S0018 000000000001,000000 000000000002,000000 000000000000,600000 000000000000,600000 0004 S0005+B0005
D000048+S0009 000000000001,000000 000000000021,000000 000000000000,250000 000000000000,250000 0004 S0005+B0002
D000048+S0011 000000000001,000000 000000000028,000000 000000000000,200000 000000000000,200000 0004 S0005+B0002
D000048+S0013 000000000000,500000 000000000037,000000 000000000000,150000 000000000000,075000 0004 S0005+B0002
D000048+S0017 000000000002,000000 000000000001,000000 000000000001,000000 000000000002,000000 0004 S0005+B0002
D000048+S0018 000000000001,000000 000000000020,000000 000000000000,250000 000000000000,250000 0004 S0005+B0002
D000049+S0011 000000000002,500000 000000000036,000000 000000000000,200000 000000000000,500000 0004 S0005+B0002
D000050+S0009 000000000001,000000 000000000020,000000 000000000000,250000 000000000000,250000 0004 S0005+B0002
D000050+S0011 000000000001,000000 000000000011,000000 000000000000,300000 000000000000,300000 0004 S0005+B0002
D000050+S0018 000000000001,000000 000000000005,000000 000000000000,350000 000000000000,350000 0004 S0005+B0002
D000051+S0009 000000000004,000000 000000000010,000000 000000000000,250000 000000000001,000000 0004 S0005+B0002
D000051+S0011 000000000001,000000 000000000005,000000 000000000000,300000 000000000000,300000 0004 S0005+B0002
D000052+S0009 000000000001,500000 000000000050,000000 000000000001,000000 000000000001,500000 0004 S0005+B0002
D000052+S0011 000000000001,000000 000000000027,000000 000000000000,200000 000000000000,200000 0004 S0005+B0002
D000053+S0011 000000000001,500000 000000000030,000000 000000000000,200000 000000000000,300000 0004 S0005+B0002
D000053+S0014 000000000004,000000 000000000002,000000 000000000000,500000 000000000002,000000 0004 S0005+B0002
D000054+S0008 000000000002,000000 000000000001,000000 000000000000,500000 000000000001,000000 0004 S0005+B0002
D000054+S0011 000000000002,000000 000000000068,000000 000000000000,200000 000000000000,400000 0004 S0005+B0002
D000054+S0018 000000000001,500000 000000000025,000000 000000000000,350000 000000000000,525000 0004 S0005+B0002
D000055+S0010 000000000000,500000 000000000017,000000 000000000000,150000 000000000000,075000 0004 S0005+B0002
D000055+S0016 000000000001,500000 000000000027,000000 000000000000,300000 000000000000,450000 0004 S0005+B0002
D000055+S0018 000000000002,500000 000000000036,000000 000000000000,350000 000000000000,875000 0004 S0005+B0002
D000056+S0011 000000000001,500000 000000000017,000000 000000000000,000000 000000000000,000000 0005 S0007+B0001
D000056+S0018 000000000001,000000 000000000004,000000 000000000000,000000 000000000000,000000 0005 S0007+B0001
D000057+S0011 000000000004,500000 000000000019,000000 000000000000,000000 000000000000,000000 0005 S0007+B0001
D000057+S0017 000000000001,500000 000000000001,000000 000000000000,000000 000000000000,000000 0005 S0007+B0001
D000057+S0018 000000000001,500000 000000000014,000000 000000000000,000000 000000000000,000000 0005 S0007+B0001
D000058+S0006 000000000003,000000 000000000008,000000 000000000000,440000 000000000001,320000 0005 S0007+B0001
D000058+S0008 000000000001,500000 000000000004,000000 000000000000,440000 000000000000,660000 0005 S0007+B0001
D000059+S0007 000000000002,000000 000000000006,000000 000000000000,000000 000000000000,000000 0005 S0007+B0001
D000060+S0011 000000000001,500000 000000000014,000000 000000000000,000000 000000000000,000000 0005 S0007+B0001
D000062+S0005 000000000013,000000 000000000001,000000 000000000000,000000 000000000000,000000 0005 S0007+B0001
D000063+S0011 000000000001,500000 000000000014,000000 000000000000,000000 000000000000,000000 0005 S0007+B0001
D000063+S0018 000000000001,500000 000000000009,000000 000000000000,000000 000000000000,000000 0005 S0007+B0001
D000064+S0008 000000000000,500000 000000000002,000000 000000000000,000000 000000000000,000000 0005 S0007+B0001
D000064+S0011 000000000001,500000 000000000010,000000 000000000000,000000 000000000000,000000 0005 S0007+B0001
D000064+S0018 000000000001,000000 000000000008,000000 000000000000,000000 000000000000,000000 0005 S0007+B0001
D000065+S0007 000000000002,500000 000000000007,000000 000000000000,000000 000000000000,000000 0005 S0007+B0001
D000065+S0011 000000000000,500000 000000000010,000000 000000000000,000000 000000000000,000000 0005 S0007+B0001
D000065+S0018 000000000001,500000 000000000012,000000 000000000000,000000 000000000000,000000 0005 S0007+B0001
D000066+S0002 000000000000,500000 000000000004,000000 000000000000,000000 000000000000,000000 0005 S0007+B0001
D000066+S0011 000000000001,000000 000000000005,000000 000000000000,000000 000000000000,000000 0005 S0007+B0001
D000068+S0008 000000000001,000000 000000000005,000000 000000000000,750000 000000000000,750000 0005 S0007+B0001
D000068+S0011 000000000001,000000 000000000006,000000 000000000000,750000 000000000000,750000 0005 S0007+B0001
D000069+S0008 000000000002,000000 000000000014,000000 000000000000,000000 000000000000,000000 0005 S0007+B0001
D000069+S0011 000000000002,000000 000000000019,000000 000000000000,000000 000000000000,000000 0005 S0007+B0001
D000070+S0008 000000000001,000000 000000000007,000000 000000000000,000000 000000000000,000000 0005 S0007+B0001
D000070+S0011 000000000001,000000 000000000008,000000 000000000000,000000 000000000000,000000 0005 S0007+B0001
D000071+S0011 000000000001,000000 000000000009,000000 000000000000,000000 000000000000,000000 0005 S0007+B0001
D000071+S0018 000000000001,000000 000000000007,000000 000000000000,000000 000000000000,000000 0005 S0007+B0001
D000078+S0011 000000000001,000000 000000000017,000000 000000000000,000000 000000000000,000000 0005 S0007+B0003
D000078+S0018 000000000001,500000 000000000002,000000 000000000000,000000 000000000000,000000 0005 S0007+B0003
D000079+S0006 000000000003,000000 000000000001,000000 000000000000,000000 000000000000,000000 0005 S0007+B0003
D000084+S0008 000000000001,000000 000000000016,000000 000000000000,500000 000000000000,500000 0005 S0008+B0001
D000084+S0009 000000000000,500000 000000000011,000000 000000000000,500000 000000000000,250000 0005 S0008+B0001
D000084+S0011 000000000001,500000 000000000002,000000 000000000000,500000 000000000000,750000 0005 S0008+B0001
D000085+S0008 000000000003,000000 000000000013,000000 000000000000,000000 000000000000,000000 0005 S0008+B0001
D000085+S0009 000000000001,000000 000000000017,000000 000000000000,000000 000000000000,000000 0005 S0008+B0001
D000085+S0011 000000000001,500000 000000000004,000000 000000000000,000000 000000000000,000000 0005 S0008+B0001
D000087+S0008 000000000001,000000 000000000013,000000 000000000000,250000 000000000000,250000 0005 S0008+B0001
D000087+S0009 000000000002,000000 000000000059,000000 000000000000,250000 000000000000,500000 0005 S0008+B0001
D000087+S0011 000000000001,000000 000000000007,000000 000000000000,250000 000000000000,250000 0005 S0008+B0001
D000087+S0019 000000000001,000000 000000000007,000000 000000000000,250000 000000000000,250000 0005 S0008+B0001
D000088+S0008 000000000005,000000 000000000025,000000 000000000000,385000 000000000001,925000 0005 S0008+B0001
D000088+S0011 000000000001,500000 000000000015,000000 000000000000,385000 000000000000,577500 0005 S0008+B0001
D000089+S0007 000000000001,500000 000000000021,000000 000000000000,000000 000000000000,000000 0005 S0008+B0001
D000089+S0009 000000000002,500000 000000000073,000000 000000000000,000000 000000000000,000000 0005 S0008+B0001
D000090+S0007 000000000003,500000 000000000012,000000 000000000000,607000 000000000002,124500 0005 S0008+B0001
D000090+S0011 000000000001,000000 000000000016,000000 000000000000,607000 000000000000,607000 0005 S0008+B0001
D000090+S0021 000000000002,500000 000000000053,000000 000000000000,607000 000000000001,517500 0005 S0008+B0001
D000091+S0005 000000000001,500000 000000000002,000000 000000000000,440000 000000000000,660000 0005 S0008+B0001
D000091+S0008 000000000000,500000 000000000003,000000 000000000000,440000 000000000000,220000 0005 S0008+B0001
D000091+S0011 000000000002,000000 000000000020,000000 000000000000,440000 000000000000,880000 0005 S0008+B0001
D000091+S0015 000000000001,000000 000000000013,000000 000000000000,440000 000000000000,440000 0005 S0008+B0001
D000092+S0008 000000000001,500000 000000000007,000000 000000000000,000000 000000000000,000000 0005 S0008+B0001
D000092+S0011 000000000002,500000 000000000026,000000 000000000000,000000 000000000000,000000 0005 S0008+B0001
D000094+S0009 000000000001,500000 000000000021,000000 000000000000,000000 000000000000,000000 0005 S0008+B0001
D000095+S0008 000000000001,500000 000000000007,000000 000000000000,000000 000000000000,000000 0005 S0008+B0001
D000095+S0011 000000000001,000000 000000000014,000000 000000000000,000000 000000000000,000000 0005 S0008+B0001
D000096+S0011 000000000001,000000 000000000010,000000 000000000000,160000 000000000000,160000 0005 S0008+B0001
D000096+S0021 000000000001,500000 000000000035,000000 000000000000,160000 000000000000,240000 0005 S0008+B0001
D000098+S0008 000000000001,000000 000000000011,000000 000000000000,507000 000000000000,507000 0005 S0008+B0001
D000098+S0015 000000000002,500000 000000000018,000000 000000000000,507000 000000000001,267500 0005 S0008+B0001
D000086+S0008 000000000001,000000 000000000006,000000 000000000000,000000 000000000000,000000 0005 S0008+B0001
D000086+S0011 000000000001,500000 000000000021,000000 000000000000,000000 000000000000,000000 0005 S0008+B0001
D000093+S0011 000000000002,000000 000000000016,000000 000000000000,000000 000000000000,000000 0005 S0008+B0001
D000093+S0017 000000000001,500000 000000000001,000000 000000000000,000000 000000000000,000000 0005 S0008+B0001
D000093+S0018 000000000001,000000 000000000004,000000 000000000000,000000 000000000000,000000 0005 S0008+B0001
D000093+S0021 000000000001,000000 000000000006,000000 000000000000,000000 000000000000,000000 0005 S0008+B0001
D000099+S0011 000000000002,000000 000000000021,000000 000000000000,000000 000000000000,000000 0005 S0008+B0001
D000099+S0013 000000000000,500000 000000000013,000000 000000000000,000000 000000000000,000000 0005 S0008+B0001
D000099+S0020 000000000000,500000 000000000001,000000 000000000000,000000 000000000000,000000 0005 S0008+B0001
D000100+S0004 000000000001,500000 000000000008,000000 000000000000,550000 000000000000,825000 0007 S0010+B0005
D000100+S0013 000000000000,500000 000000000003,000000 000000000000,300000 000000000000,150000 0007 S0010+B0005
D000100+S0017 000000000000,800000 000000000003,000000 000000000000,550000 000000000000,440000 0007 S0010+B0005
D000101+S0004 000000000003,000000 000000000010,000000 000000000000,000000 000000000000,000000 0007 S0010+B0005
D000102+S0006 000000000001,020000 000000000019,000000 000000000000,550000 000000000000,561000 0007 S0010+B0005
D000102+S0017 000000000001,800000 000000000007,000000 000000000000,550000 000000000000,990000 0007 S0010+B0005
D000103+S0006 000000000000,350000 000000000007,000000 000000000000,300000 000000000000,105000 0007 S0010+B0005
D000103+S0011 000000000000,100000 000000000005,000000 000000000000,300000 000000000000,030000 0007 S0010+B0005
D000103+S0018 000000000000,750000 000000000010,000000 000000000000,550000 000000000000,412500 0007 S0010+B0005
D000103+S0021 000000000000,250000 000000000009,000000 000000000000,300000 000000000000,075000 0007 S0010+B0005
D000104+S0018 000000000002,080000 000000000025,000000 000000000000,550000 000000000001,144000 0007 S0010+B0005
D000105+S0006 000000000001,060000 000000000010,000000 000000000000,400000 000000000000,424000 0007 S0010+B0005
D000166+S0017 000000000004,500000 000000000023,000000 000000000000,350000 000000000001,575000 0008 S0013+B0003
D000167+S0004 000000000012,300000 000000000028,000000 000000000000,500000 000000000006,150000 0008 S0013+B0003
D000167+S0017 000000000006,800000 000000000024,000000 000000000000,350000 000000000002,380000 0008 S0013+B0003
D000168+S0004 000000000011,400000 000000000026,000000 000000000000,500000 000000000005,700000 0008 S0013+B0003
D000168+S0017 000000000004,600000 000000000016,000000 000000000000,350000 000000000001,610000 0008 S0013+B0003
D000169+S0004 000000000008,900000 000000000018,000000 000000000000,500000 000000000004,450000 0008 S0013+B0003
D000169+S0017 000000000003,400000 000000000014,000000 000000000000,350000 000000000001,190000 0008 S0013+B0003
D000170+S0004 000000000005,700000 000000000013,000000 000000000000,500000 000000000002,850000 0008 S0013+B0003
D000170+S0017 000000000004,100000 000000000016,000000 000000000000,350000 000000000001,435000 0008 S0013+B0003
D000171+S0004 000000000006,100000 000000000022,000000 000000000000,500000 000000000003,050000 0008 S0013+B0003
D000171+S0017 000000000007,000000 000000000031,000000 000000000000,350000 000000000002,450000 0008 S0013+B0003
D000172+S0004 000000000003,600000 000000000011,000000 000000000000,500000 000000000001,800000 0008 S0013+B0003
D000172+S0017 000000000005,600000 000000000026,000000 000000000000,350000 000000000001,960000 0008 S0013+B0003
D000173+S0004 000000000004,800000 000000000014,000000 000000000000,500000 000000000002,400000 0008 S0013+B0003
D000173+S0017 000000000002,700000 000000000012,000000 000000000000,350000 000000000000,945000 0008 S0013+B0003
D000174+S0004 000000000002,600000 000000000006,000000 000000000000,500000 000000000001,300000 0008 S0013+B0003
D000174+S0017 000000000001,800000 000000000010,000000 000000000000,350000 000000000000,630000 0008 S0013+B0003
D000175+S0004 000000000007,700000 000000000022,000000 000000000000,500000 000000000003,850000 0008 S0013+B0003
D000175+S0017 000000000005,800000 000000000026,000000 000000000000,350000 000000000002,030000 0008 S0013+B0003
D000176+S0004 000000000006,900000 000000000019,000000 000000000000,500000 000000000003,450000 0008 S0013+B0003
D000176+S0017 000000000003,750000 000000000016,000000 000000000000,350000 000000000001,312500 0008 S0013+B0003
D000177+S0004 000000000003,000000 000000000005,000000 000000000000,125000 000000000000,375000 0008 S0011+B0002
D000119+S0009 000000000000,650000 000000000010,000000 000000000000,300000 000000000000,195000 0007 S0010+B0001
D000119+S0011 000000000000,150000 000000000004,000000 000000000000,300000 000000000000,045000 0007 S0010+B0001
D000119+S0018 000000000000,700000 000000000010,000000 000000000000,400000 000000000000,280000 0007 S0010+B0001
D000120+S0004 000000000000,200000 000000000003,000000 000000000000,000000 000000000000,000000 0007 S0010+B0001
D000120+S0005 000000000000,050000 000000000001,000000 000000000000,450000 000000000000,022500 0007 S0010+B0001
D000120+S0009 000000000001,450000 000000000010,000000 000000000000,550000 000000000000,797500 0007 S0010+B0001
D000120+S0013 000000000000,650000 000000000015,000000 000000000000,300000 000000000000,195000 0007 S0010+B0001
D000121+S0009 000000000001,000000 000000000008,000000 000000000000,550000 000000000000,550000 0007 S0010+B0001
D000121+S0011 000000000000,030000 000000000001,000000 000000000000,400000 000000000000,012000 0007 S0010+B0001
D000121+S0021 000000000000,215000 000000000007,000000 000000000000,300000 000000000000,064500 0007 S0010+B0001
D000122+S0006 000000000001,900000 000000000015,000000 000000000000,550000 000000000001,045000 0007 S0010+B0001
D000124+S0011 000000000000,500000 000000000002,000000 000000000000,300000 000000000000,150000 0007 S0010+B0004
D000125+S0006 000000000001,500000 000000000011,000000 000000000000,550000 000000000000,825000 0007 S0010+B0004
D000126+S0006 000000000000,700000 000000000005,000000 000000000000,550000 000000000000,385000 0007 S0010+B0004
D000126+S0009 000000000000,050000 000000000001,000000 000000000000,550000 000000000000,027500 0007 S0010+B0004
D000126+S0018 000000000000,500000 000000000008,000000 000000000000,550000 000000000000,275000 0007 S0010+B0004
D000127+S0006 000000000001,050000 000000000015,000000 000000000000,300000 000000000000,315000 0007 S0010+B0004
D000127+S0013 000000000000,050000 000000000001,000000 000000000000,300000 000000000000,015000 0007 S0010+B0004
D000127+S0018 000000000000,250000 000000000003,000000 000000000000,550000 000000000000,137500 0007 S0010+B0004
D000128+S0009 000000000000,450000 000000000012,000000 000000000000,400000 000000000000,180000 0007 S0010+B0004
D000128+S0017 000000000000,850000 000000000010,000000 000000000000,550000 000000000000,467500 0007 S0010+B0004
D000128+S0018 000000000000,700000 000000000008,000000 000000000000,550000 000000000000,385000 0007 S0010+B0004
D000129+S0006 000000000000,850000 000000000016,000000 000000000000,400000 000000000000,340000 0007 S0010+B0004
D000129+S0011 000000000000,150000 000000000004,000000 000000000000,300000 000000000000,045000 0007 S0010+B0004
D000131+S0006 000000000000,900000 000000000010,000000 000000000000,550000 000000000000,495000 0007 S0010+B0004
D000131+S0011 000000000000,100000 000000000003,000000 000000000000,300000 000000000000,030000 0007 S0010+B0004
D000105+S0009 000000000000,075000 000000000001,000000 000000000000,400000 000000000000,030000 0007 S0010+B0005
D000105+S0018 000000000001,700000 000000000009,000000 000000000000,550000 000000000000,935000 0007 S0010+B0005
D000106+S0018 000000000002,000000 000000000025,000000 000000000000,550000 000000000001,100000 0007 S0010+B0005
D000107+S0004 000000000000,850000 000000000010,000000 000000000000,550000 000000000000,467500 0007 S0010+B0005
D000107+S0018 000000000000,750000 000000000007,000000 000000000000,550000 000000000000,412500 0007 S0010+B0005
D000108+S0009 000000000000,550000 000000000004,000000 000000000000,550000 000000000000,302500 0007 S0010+B0001
D000108+S0017 000000000000,100000 000000000001,000000 000000000000,550000 000000000000,055000 0007 S0010+B0001
D000108+S0018 000000000000,300000 000000000002,000000 000000000000,550000 000000000000,165000 0007 S0010+B0001
D000108+S0021 000000000000,050000 000000000001,000000 000000000000,550000 000000000000,027500 0007 S0010+B0001
D000109+S0006 000000000000,350000 000000000002,000000 000000000000,000000 000000000000,000000 0007 S0010+B0001
D000109+S0009 000000000001,050000 000000000012,000000 000000000000,000000 000000000000,000000 0007 S0010+B0001
D000109+S0011 000000000000,200000 000000000004,000000 000000000003,000000 000000000000,600000 0007 S0010+B0001
D000109+S0017 000000000000,850000 000000000004,000000 000000000000,000000 000000000000,000000 0007 S0010+B0001
D000110+S0006 000000000001,050000 000000000009,000000 000000000000,550000 000000000000,577500 0007 S0010+B0001
D000110+S0021 000000000000,100000 000000000002,000000 000000000000,550000 000000000000,055000 0007 S0010+B0001
D000111+S0009 000000000001,055000 000000000015,000000 000000000000,550000 000000000000,580250 0007 S0010+B0001
D000111+S0017 000000000000,700000 000000000003,000000 000000000000,550000 000000000000,385000 0007 S0010+B0001
D000112+S0009 000000000001,550000 000000000013,000000 000000000000,550000 000000000000,852500 0007 S0010+B0001
D000113+S0009 000000000001,025000 000000000010,000000 000000000000,550000 000000000000,563750 0007 S0010+B0001
D000113+S0017 000000000000,800000 000000000005,000000 000000000000,300000 000000000000,240000 0007 S0010+B0001
D000114+S0017 000000000052,000000 000000000001,000000 000000000001,250000 000000000065,000000 0007 S0010+B0001
D000115+S0006 000000000001,550000 000000000018,000000 000000000000,550000 000000000000,852500 0007 S0010+B0001
D000115+S0018 000000000000,050000 000000000001,000000 000000000000,300000 000000000000,015000 0007 S0010+B0001
D000116+S0004 000000000000,350000 000000000004,000000 000000000000,300000 000000000000,105000 0007 S0010+B0001
D000116+S0006 000000000000,350000 000000000003,000000 000000000000,300000 000000000000,105000 0007 S0010+B0001
D000116+S0009 000000000000,400000 000000000006,000000 000000000000,300000 000000000000,120000 0007 S0010+B0001
D000116+S0011 000000000000,500000 000000000003,000000 000000000000,300000 000000000000,150000 0007 S0010+B0001
D000116+S0017 000000000000,250000 000000000004,000000 000000000000,300000 000000000000,075000 0007 S0010+B0001
D000116+S0021 000000000000,015000 000000000001,000000 000000000000,300000 000000000000,004500 0007 S0010+B0001
D000117+S0009 000000000001,475000 000000000013,000000 000000000000,550000 000000000000,811250 0007 S0010+B0001
D000117+S0017 000000000000,400000 000000000004,000000 000000000000,550000 000000000000,220000 0007 S0010+B0001
D000117+S0018 000000000000,025000 000000000001,000000 000000000000,550000 000000000000,013750 0007 S0010+B0001
D000118+S0004 000000000001,200000 000000000006,000000 000000000000,550000 000000000000,660000 0007 S0010+B0001
D000118+S0009 000000000000,800000 000000000010,000000 000000000000,550000 000000000000,440000 0007 S0010+B0001
D000118+S0017 000000000000,600000 000000000008,000000 000000000000,550000 000000000000,330000 0007 S0010+B0001
D000123+S0006 000000000000,050000 000000000001,000000 000000000000,300000 000000000000,015000 0007 S0010+B0001
D000123+S0012 000000000000,080000 000000000001,000000 000000000000,300000 000000000000,024000 0007 S0010+B0001
D000123+S0018 000000000000,750000 000000000002,000000 000000000000,400000 000000000000,300000 0007 S0010+B0001
D000124+S0004 000000000000,600000 000000000004,000000 000000000000,300000 000000000000,180000 0007 S0010+B0004
D000124+S0006 000000000000,900000 000000000010,000000 000000000000,300000 000000000000,270000 0007 S0010+B0004
D000130+S0003 000000000000,650000 000000000010,000000 000000000000,550000 000000000000,357500 0007 S0010+B0004
D000130+S0006 000000000000,850000 000000000013,000000 000000000000,550000 000000000000,467500 0007 S0010+B0004
D000132+S0018 000000000001,050000 000000000003,000000 000000000000,550000 000000000000,577500 0007 S0010+B0004
D000133+S0003 000000000002,050000 000000000015,000000 000000000000,550000 000000000001,127500 0007 S0010+B0004
D000133+S0011 000000000000,300000 000000000007,000000 000000000000,300000 000000000000,090000 0007 S0010+B0004
D000134+S0006 000000000000,250000 000000000003,000000 000000000000,400000 000000000000,100000 0007 S0010+B0004
D000134+S0009 000000000001,000000 000000000009,000000 000000000000,550000 000000000000,550000 0007 S0010+B0004
D000135+S0006 000000000001,600000 000000000016,000000 000000000000,400000 000000000000,640000 0007 S0010+B0004
D000136+S0006 000000000001,700000 000000000010,000000 000000000000,550000 000000000000,935000 0007 S0010+B0004
D000136+S0018 000000000000,060000 000000000001,000000 000000000000,550000 000000000000,033000 0007 S0010+B0004
D000137+S0006 000000000001,000000 000000000014,000000 000000000000,300000 000000000000,300000 0007 S0010+B0004
D000137+S0017 000000000000,800000 000000000010,000000 000000000000,300000 000000000000,240000 0007 S0010+B0004
D000138+S0006 000000000001,000000 000000000014,000000 000000000000,550000 000000000000,550000 0007 S0010+B0004
D000139+S0006 000000000000,950000 000000000009,000000 000000000000,550000 000000000000,522500 0007 S0010+B0004
D000139+S0011 000000000000,050000 000000000001,000000 000000000000,300000 000000000000,015000 0007 S0010+B0004
D000140+S0009 000000000001,050000 000000000028,000000 000000000000,300000 000000000000,315000 0007 S0010+B0002
D000141+S0004 000000000000,750000 000000000016,000000 000000000000,300000 000000000000,225000 0007 S0010+B0002
D000141+S0009 000000000000,900000 000000000023,000000 000000000000,300000 000000000000,270000 0007 S0010+B0002
D000142+S0009 000000000001,500000 000000000020,000000 000000000000,300000 000000000000,450000 0007 S0010+B0002
D000142+S0013 000000000000,900000 000000000011,000000 000000000000,300000 000000000000,270000 0007 S0010+B0002
D000142+S0017 000000000000,050000 000000000002,000000 000000000000,300000 000000000000,015000 0007 S0010+B0002
D000143+S0009 000000000000,900000 000000000016,000000 000000000000,300000 000000000000,270000 0007 S0010+B0002
D000144+S0004 000000000000,850000 000000000005,000000 000000000000,300000 000000000000,255000 0007 S0010+B0002
D000144+S0009 000000000000,500000 000000000008,000000 000000000000,300000 000000000000,150000 0007 S0010+B0002
D000144+S0018 000000000000,090000 000000000001,000000 000000000000,300000 000000000000,027000 0007 S0010+B0002
D000145+S0011 000000000000,100000 000000000003,000000 000000000000,300000 000000000000,030000 0007 S0010+B0003
D000145+S0018 000000000001,500000 000000000016,000000 000000000000,550000 000000000000,825000 0007 S0010+B0003
D000146+S0009 000000000001,200000 000000000019,000000 000000000000,300000 000000000000,360000 0007 S0010+B0003
D000146+S0021 000000000000,150000 000000000006,000000 000000000000,300000 000000000000,045000 0007 S0010+B0003
D000147+S0006 000000000000,500000 000000000006,000000 000000000000,550000 000000000000,275000 0007 S0010+B0003
D000148+S0004 000000000002,550000 000000000013,000000 000000000000,550000 000000000001,402500 0007 S0010+B0003
D000148+S0018 000000000001,250000 000000000005,000000 000000000000,550000 000000000000,687500 0007 S0010+B0003
D000149+S0006 000000000000,900000 000000000011,000000 000000000000,300000 000000000000,270000 0007 S0010+B0003
D000149+S0011 000000000000,500000 000000000008,000000 000000000000,300000 000000000000,150000 0007 S0010+B0003
D000150+S0004 000000000001,600000 000000000012,000000 000000000000,550000 000000000000,880000 0007 S0010+B0003
D000150+S0006 000000000000,050000 000000000001,000000 000000000000,300000 000000000000,015000 0007 S0010+B0003
D000150+S0018 000000000000,800000 000000000003,000000 000000000000,550000 000000000000,440000 0007 S0010+B0003
D000151+S0018 000000000002,500000 000000000001,000000 000000000000,550000 000000000001,375000 0007 S0010+B0003
D000152+S0004 000000000001,600000 000000000014,000000 000000000000,550000 000000000000,880000 0007 S0010+B0003
D000152+S0006 000000000000,600000 000000000008,000000 000000000000,550000 000000000000,330000 0007 S0010+B0003
D000153+S0006 000000000000,800000 000000000020,000000 000000000000,400000 000000000000,320000 0007 S0010+B0003
D000153+S0018 000000000001,100000 000000000013,000000 000000000000,550000 000000000000,605000 0007 S0010+B0003
D000154+S0004 000000000001,800000 000000000025,000000 000000000000,550000 000000000000,990000 0007 S0010+B0003
D000154+S0011 000000000000,150000 000000000006,000000 000000000000,300000 000000000000,045000 0007 S0010+B0003
D000154+S0017 000000000000,100000 000000000003,000000 000000000000,300000 000000000000,030000 0007 S0010+B0003
D000155+S0006 000000000001,800000 000000000017,000000 000000000000,500000 000000000000,900000 0007 S0010+B0003
D000156+S0004 000000000000,500000 000000000004,000000 000000000000,550000 000000000000,275000 0007 S0010+B0003
D000156+S0009 000000000000,500000 000000000002,000000 000000000000,550000 000000000000,275000 0007 S0010+B0003
D000157+S0006 000000000001,050000 000000000012,000000 000000000000,400000 000000000000,420000 0007 S0010+B0003
D000157+S0017 000000000000,900000 000000000013,000000 000000000000,400000 000000000000,360000 0007 S0010+B0003
D000158+S0006 000000000000,080000 000000000001,000000 000000000000,550000 000000000000,044000 0007 S0010+B0003
D000158+S0011 000000000000,100000 000000000004,000000 000000000000,300000 000000000000,030000 0007 S0010+B0003
D000159+S0009 000000000001,050000 000000000015,000000 000000000000,350000 000000000000,367500 0007 S0010+B0003
D000159+S0018 000000000000,900000 000000000007,000000 000000000000,350000 000000000000,315000 0007 S0010+B0003
D000160+S0006 000000000000,080000 000000000001,000000 000000000000,350000 000000000000,028000 0007 S0010+B0003
D000160+S0009 000000000000,850000 000000000009,000000 000000000000,350000 000000000000,297500 0007 S0010+B0003
D000160+S0018 000000000000,150000 000000000003,000000 000000000000,300000 000000000000,045000 0007 S0010+B0003
D000161+S0004 000000000008,000000 000000000024,000000 000000000000,500000 000000000004,000000 0008 S0013+B0003
D000161+S0017 000000000003,800000 000000000017,000000 000000000000,350000 000000000001,330000 0008 S0013+B0003
D000162+S0004 000000000004,700000 000000000016,000000 000000000000,500000 000000000002,350000 0008 S0013+B0003
D000162+S0017 000000000002,000000 000000000007,000000 000000000000,350000 000000000000,700000 0008 S0013+B0003
D000163+S0004 000000000006,000000 000000000022,000000 000000000000,500000 000000000003,000000 0008 S0013+B0003
D000163+S0017 000000000004,200000 000000000023,000000 000000000000,350000 000000000001,470000 0008 S0013+B0003
D000164+S0004 000000000004,800000 000000000013,000000 000000000000,500000 000000000002,400000 0008 S0013+B0003
D000164+S0017 000000000003,100000 000000000019,000000 000000000000,350000 000000000001,085000 0008 S0013+B0003
D000165+S0004 000000000005,600000 000000000015,000000 000000000000,500000 000000000002,800000 0008 S0013+B0003
D000165+S0017 000000000003,800000 000000000017,000000 000000000000,350000 000000000001,330000 0008 S0013+B0003
D000166+S0004 000000000003,700000 000000000009,000000 000000000000,500000 000000000001,850000 0008 S0013+B0003
D000177+S0009 000000000008,000000 000000000087,000000 000000000000,375000 000000000003,000000 0008 S0011+B0002
D000177+S0017 000000000001,000000 000000000002,000000 000000000000,750000 000000000000,750000 0008 S0011+B0002
D000178+S0015 000000000005,000000 000000000050,000000 000000000000,125000 000000000000,625000 0008 S0011+B0002
D000179+S0004 000000000005,000000 000000000006,000000 000000000000,125000 000000000000,625000 0008 S0011+B0002
D000179+S0009 000000000004,000000 000000000060,000000 000000000000,125000 000000000000,500000 0008 S0011+B0002
D000180+S0015 000000000010,000000 000000000135,000000 000000000000,125000 000000000001,250000 0008 S0011+B0002
D000181+S0004 000000000003,000000 000000000010,000000 000000000000,125000 000000000000,375000 0008 S0011+B0002
D000181+S0009 000000000004,000000 000000000023,000000 000000000000,325000 000000000001,300000 0008 S0011+B0002
D000181+S0017 000000000005,000000 000000000004,000000 000000000000,750000 000000000003,750000 0008 S0011+B0002
D000182+S0004 000000000002,000000 000000000007,000000 000000000000,125000 000000000000,250000 0008 S0011+B0002
D000182+S0009 000000000008,000000 000000000010,000000 000000000000,325000 000000000002,600000 0008 S0011+B0002
D000182+S0017 000000000001,000000 000000000003,000000 000000000000,750000 000000000000,750000 0008 S0011+B0002
D000183+S0004 000000000001,500000 000000000008,000000 000000000000,125000 000000000000,187500 0008 S0011+B0002
D000183+S0009 000000000004,000000 000000000040,000000 000000000000,375000 000000000001,500000 0008 S0011+B0002
D000183+S0015 000000000000,500000 000000000006,000000 000000000000,125000 000000000000,062500 0008 S0011+B0002
D000184+S0017 000000000005,000000 000000000003,000000 000000000000,750000 000000000003,750000 0008 S0011+B0002
D000185+S0004 000000000003,500000 000000000015,000000 000000000000,125000 000000000000,437500 0008 S0011+B0002
D000185+S0009 000000000001,500000 000000000007,000000 000000000000,375000 000000000000,562500 0008 S0011+B0002
D000186+S0017 000000000005,000000 000000000003,000000 000000000000,750000 000000000003,750000 0008 S0011+B0002
D000187+S0004 000000000015,000000 000000000010,000000 000000000000,125000 000000000001,875000 0008 S0011+B0002
D000187+S0009 000000000001,500000 000000000015,000000 000000000000,375000 000000000000,562500 0008 S0011+B0002
D000187+S0015 000000000003,000000 000000000008,000000 000000000000,125000 000000000000,375000 0008 S0011+B0002
D000188+S0009 000000000013,000000 000000000508,000000 000000000000,375000 000000000004,875000 0008 S0011+B0002
D000189+S0009 000000000001,000000 000000000005,000000 000000000000,375000 000000000000,375000 0008 S0011+B0002
D000189+S0015 000000000003,500000 000000000014,000000 000000000000,125000 000000000000,437500 0008 S0011+B0002
D000190+S0004 000000000004,500000 000000000008,000000 000000000000,125000 000000000000,562500 0008 S0011+B0002
D000190+S0015 000000000003,000000 000000000020,000000 000000000000,125000 000000000000,375000 0008 S0011+B0002
D000191+S0009 000000000003,000000 000000000080,000000 000000000000,125000 000000000000,375000 0008 S0011+B0001
D000191+S0015 000000000008,000000 000000000105,000000 000000000000,125000 000000000001,000000 0008 S0011+B0001
D000192+S0009 000000000008,000000 000000000260,000000 000000000000,125000 000000000001,000000 0008 S0011+B0001
D000193+S0017 000000000007,000000 000000000004,000000 000000000000,750000 000000000005,250000 0008 S0011+B0001
D000194+S0004 000000000005,000000 000000000008,000000 000000000000,125000 000000000000,625000 0008 S0011+B0001
D000194+S0009 000000000001,500000 000000000012,000000 000000000000,375000 000000000000,562500 0008 S0011+B0001
D000195+S0017 000000000005,500000 000000000003,000000 000000000000,750000 000000000004,125000 0008 S0011+B0001
D000196+S0015 000000000010,000000 000000000250,000000 000000000000,125000 000000000001,250000 0008 S0011+B0001
D000197+S0004 000000000000,500000 000000000003,000000 000000000000,125000 000000000000,062500 0008 S0011+B0001
D000197+S0009 000000000001,000000 000000000005,000000 000000000000,375000 000000000000,375000 0008 S0011+B0001
D000197+S0015 000000000003,000000 000000000045,000000 000000000000,125000 000000000000,375000 0008 S0011+B0001
D000198+S0017 000000000004,000000 000000000001,000000 000000000000,750000 000000000003,000000 0008 S0011+B0001
D000199+S0004 000000000002,000000 000000000007,000000 000000000000,125000 000000000000,250000 0008 S0011+B0001
D000199+S0009 000000000003,000000 000000000031,000000 000000000000,375000 000000000001,125000 0008 S0011+B0001
D000200+S0017 000000000009,500000 000000000002,000000 000000000000,750000 000000000007,125000 0008 S0011+B0001
D000201+S0017 000000000012,000000 000000000512,000000 000000000000,375000 000000000004,500000 0008 S0011+B0001
D000202+S0004 000000000008,000000 000000000010,000000 000000000000,125000 000000000001,000000 0008 S0011+B0001
D000202+S0015 000000000001,500000 000000000015,000000 000000000000,125000 000000000000,187500 0008 S0011+B0001
D000203+S0015 000000000013,000000 000000000159,000000 000000000000,125000 000000000001,625000 0008 S0011+B0001
D000204+S0017 000000000003,000000 000000000002,000000 000000000000,750000 000000000002,250000 0008 S0011+B0001
D000205+S0017 000000000006,000000 000000000005,000000 000000000000,750000 000000000004,500000 0008 S0011+B0001
D000206+S0009 000000000004,000000 000000000000,000000 000000000000,400000 000000000001,600000 0008 S0011+B0005
D000207+S0009 000000000004,000000 000000001012,000000 000000000000,400000 000000000001,600000 0008 S0011+B0005
D000208+S0009 000000000005,000000 000000000312,000000 000000000000,375000 000000000001,875000 0008 S0011+B0005
D000209+S0009 000000000010,000000 000000000125,000000 000000000000,375000 000000000003,750000 0008 S0011+B0005
D000210+S0009 000000000005,000000 000000000198,000000 000000000000,375000 000000000001,875000 0008 S0011+B0005
D000211+S0009 000000000008,000000 000000000440,000000 000000000000,375000 000000000003,000000 0008 S0011+B0005
D000212+S0004 000000000001,500000 000000000007,000000 000000000000,125000 000000000000,187500 0008 S0011+B0005
D000212+S0009 000000000005,000000 000000000090,000000 000000000000,375000 000000000001,875000 0008 S0011+B0005
