000001 04 0001,000 0001,000 000000000004,100000 000000000004,100000 Issaka Hamidou  0003 S0003+B0002
000002 04 0001,000 0001,000 000000000007,200000 000000000007,200000 Issaka Hamidou  0003 S0003+B0002
000003 03 0001,000 0001,000 000000000003,100000 000000000003,100000 Issaka Hamidou  0003 S0003+B0002
000004 03 0001,000 0001,000 000000000005,700000 000000000005,700000 Issaka Hamidou  0003 S0003+B0002
000005 09 0001,000 0001,000 000000000004,900000 000000000004,900000 Issaka Hamidou  0003 S0003+B0002
000006 09 0001,000 0001,000 000000000004,900000 000000000004,900000 Issaka Hamidou  0003 S0003+B0002
000007 08 0001,000 0001,000 000000000002,900000 000000000002,900000 Issaka Hamidou  0003 S0003+B0002
000008 08 0001,000 0001,000 000000000002,300000 000000000002,300000 Issaka Hamidou  0003 S0003+B0002
000009 16 0001,000 0001,000 000000000006,400000 000000000006,400000 Issaka Hamidou  0003 S0003+B0002
000010 16 0001,000 0001,000 000000000002,900000 000000000002,900000 Issaka Hamidou  0003 S0003+B0002
000011 15 0001,000 0001,000 000000000007,400000 000000000007,400000 Issaka Hamidou  0003 S0003+B0002
000012 15 0001,000 0001,000 000000000006,700000 000000000006,700000 Issaka Hamidou  0003 S0003+B0002
000013 26 0001,000 0001,000 000000000003,100000 000000000003,100000 Issaka Hamidou  0003 S0003+B0002
000014 26 0001,000 0001,000 000000000005,400000 000000000005,400000 Issaka Hamidou  0003 S0003+B0002
000015 27 0001,000 0001,000 000000000009,400000 000000000009,400000 Issaka Hamidou  0003 S0003+B0002
000016 27 0001,000 0001,000 000000000004,700000 000000000004,700000 Issaka Hamidou  0003 S0003+B0002
000017 04 0001,000 0001,000 000000000006,600000 000000000006,600000 Issaka Hamidou  0003 S0003+B0001
000018 04 0001,000 0001,000 000000000011,700000 000000000011,700000 Issaka Hamidou  0003 S0003+B0001
000019 28 0001,000 0001,000 000000000005,000000 000000000005,000000 Issaka Hamidou  0003 S0003+B0001
000020 28 0001,000 0001,000 000000000002,800000 000000000002,800000 Issaka Hamidou  0003 S0003+B0001
000021 03 0001,000 0000,500 000000000007,100000 000000000007,100000 Issaka Hamidou  0003 S0003+B0005
000022 03 0001,000 0000,500 000000000018,799999 000000000018,799999 Issaka Hamidou  0003 S0003+B0005
000023 09 0001,000 0000,500 000000000009,700000 000000000009,700000 Issaka Hamidou  0003 S0003+B0005
000024 09 0001,000 0000,500 000000000011,900000 000000000011,900000 Issaka Hamidou  0003 S0003+B0005
000025 08 0001,000 0000,500 000000000015,100000 000000000015,100000 Issaka Hamidou  0003 S0003+B0005
000026 08 0001,000 0000,500 000000000017,500000 000000000017,500000 Issaka Hamidou  0003 S0003+B0005
000027 16 0001,000 0000,500 000000000004,500000 000000000004,500000 Issaka Hamidou  0003 S0003+B0005
000028 16 0001,000 0000,500 000000000003,200000 000000000003,200000 Issaka Hamidou  0003 S0003+B0005
000029 28 0001,000 0000,500 000000000012,060000 000000000012,060000 Issaka Hamidou  0003 S0003+B0005
000030 28 0001,000 0000,500 000000000008,600000 000000000008,600000 Issaka Hamidou  0003 S0003+B0005
000031 27 0001,000 0000,500 000000000017,799999 000000000017,799999 Issaka Hamidou  0003 S0003+B0005
000032 27 0001,000 0000,500 000000000014,900000 000000000014,900000 Issaka Hamidou  0003 S0003+B0005
000033 27 0001,000 0001,000 000000000005,200000 000000000005,200000 S. François     0004 S0004+B0001
000034 27 0001,000 0001,000 000000000005,600000 000000000005,600000 S. François     0004 S0004+B0001
000035 30 0001,000 0001,000 000000000003,900000 000000000003,900000 S. François     0004 S0004+B0001
000036 30 0001,000 0001,000 000000000003,300000 000000000003,300000 S. François     0004 S0004+B0001
000037 23 0001,000 0001,000 000000000005,100000 000000000005,100000 S. François     0004 S0004+B0001
000038 23 0001,000 0001,000 000000000011,900000 000000000011,900000 S. François     0004 S0004+B0001
000039 20 0001,000 0001,000 000000000004,400000 000000000004,400000 S. François     0004 S0004+B0001
000040 20 0001,000 0001,000 000000000006,700000 000000000006,700000 S. François     0004 S0004+B0001
000041 16 0001,000 0001,000 000000000004,900000 000000000004,900000 S. François     0004 S0004+B0001
000042 16 0001,000 0001,000 000000000005,400000 000000000005,400000 S. François     0004 S0004+B0001
000043 12 0001,000 0001,000 000000000004,800000 000000000004,800000 S. François     0004 S0004+B0001
000044 12 0001,000 0001,000 000000000006,100000 000000000006,100000 S. François     0004 S0004+B0001
000045 08 0001,000 0001,000 000000000007,299999 000000000007,299999 S. François     0004 S0004+B0001
000046 08 0001,000 0001,000 000000000006,600000 000000000006,600000 S. François     0004 S0004+B0001
000047 06 0001,000 0001,000 000000000004,000000 000000000004,000000 S. François     0004 S0004+B0001
000048 06 0001,000 0001,000 000000000004,900000 000000000004,900000 S. François     0004 S0004+B0001
000049 03 0001,000 0001,000 000000000009,400001 000000000009,400001 S. François     0004 S0004+B0001
000050 03 0001,000 0001,000 000000000009,800000 000000000009,800000 S. François     0004 S0004+B0001
000051 24 0001,000 0001,000 000000000001,500000 000000000001,500000 Mamadou A.      0005 S0007+B0001
000052 24 0001,000 0001,000 000000000000,001000 000000000000,001000 Mamadou A.      0005 S0007+B0001
000053 30 0001,000 0001,000 000000000004,000000 000000000004,000000 Mamadou A.      0005 S0007+B0001
000054 30 0001,000 0001,000 000000000001,500000 000000000001,500000 Mamadou A.      0005 S0007+B0001
000055 31 0001,000 0001,000 000000000005,500000 000000000005,500000 Mamadou A.      0005 S0007+B0001
000056 31 0001,000 0001,000 000000000007,500000 000000000007,500000 Mamadou A.      0005 S0007+B0001
000057 22 0001,000 0001,000 000000000001,500000 000000000001,500000 Mamadou A.      0005 S0007+B0001
000058 22 0001,000 0001,000 000000000003,000000 000000000003,000000 Mamadou A.      0005 S0007+B0001
000059 15 0001,000 0001,000 000000000002,000000 000000000002,000000 Mamadou A.      0005 S0007+B0001
000060 22 0001,000 0001,000 000000000002,000000 000000000002,000000 Mamadou A.      0005 S0008+B0001
000061 22 0001,000 0001,000 000000000003,000000 000000000003,000000 Mamadou A.      0005 S0008+B0001
000062 24 0001,000 0001,000 000000000013,500000 000000000013,500000 Mamadou A.      0005 S0008+B0001
000063 24 0001,000 0001,000 000000000002,500000 000000000002,500000 Mamadou A.      0005 S0008+B0001
000064 30 0001,000 0001,000 000000000004,000000 000000000004,000000 Mamadou A.      0005 S0008+B0001
000065 30 0001,000 0001,000 000000000006,000000 000000000006,000000 Mamadou A.      0005 S0008+B0001
000066 31 0001,000 0001,000 000000000006,000000 000000000006,000000 Mamadou A.      0005 S0008+B0001
000067 31 0001,000 0001,000 000000000004,500000 000000000004,500000 Mamadou A.      0005 S0008+B0001
000068 08 0001,000 0001,000 000000000004,500000 000000000004,500000 Mamadou A.      0005 S0008+B0001
000069 08 0001,000 0001,000 000000000003,000000 000000000003,000000 Mamadou A.      0005 S0008+B0001
000070 17 0001,000 0001,000 000000000004,500000 000000000004,500000 Mamadou A.      0005 S0008+B0001
000071 17 0001,000 0001,000 000000000002,500000 000000000002,500000 Mamadou A.      0005 S0008+B0001
000072 28 0001,000 0001,000 000000000017,000000 000000000017,000000 Ibrahim Niandou 0008 S0012+B0001
000073 28 0001,000 0001,000 000000000012,000000 000000000012,000000 Ibrahim Niandou 0008 S0012+B0001
000074 04 0001,000 0001,000 000000000012,500000 000000000012,500000 Ibrahim Niandou 0008 S0012+B0001
000075 04 0001,000 0001,000 000000000009,500000 000000000009,500000 Ibrahim Niandou 0008 S0012+B0001
000076 07 0001,000 0001,000 000000000008,500000 000000000008,500000 Ibrahim Niandou 0008 S0012+B0001
000077 07 0001,000 0001,000 000000000010,000000 000000000010,000000 Ibrahim Niandou 0008 S0012+B0001
000078 11 0001,000 0001,000 000000000030,000000 000000000030,000000 Ibrahim Niandou 0008 S0012+B0001
000079 11 0001,000 0001,000 000000000007,500000 000000000007,500000 Ibrahim Niandou 0008 S0012+B0001
000080 15 0001,000 0001,000 000000000018,500000 000000000018,500000 Ibrahim Niandou 0008 S0012+B0001
000081 15 0001,000 0001,000 000000000029,500000 000000000029,500000 Ibrahim Niandou 0008 S0012+B0001
000082 25 0001,000 0001,000 000000000028,000000 000000000028,000000 Ibrahim Niandou 0008 S0012+B0001
000083 25 0001,000 0001,000 000000000010,000000 000000000010,000000 Ibrahim Niandou 0008 S0012+B0001
000084 22 0001,000 0001,000 000000000024,000000 000000000024,000000 Ibrahim Niandou 0008 S0012+B0001
000085 22 0001,000 0001,000 000000000017,500000 000000000017,500000 Ibrahim Niandou 0008 S0012+B0001
000086 28 0001,000 0001,000 000000000009,500000 000000000009,500000 Ibrahim Niandou 0008 S0012+B0003
000087 28 0001,000 0001,000 000000000006,500000 000000000006,500000 Ibrahim Niandou 0008 S0012+B0003
000088 29 0001,000 0001,000 000000000000,800000 000000000000,800000 Arzikasazmaila  0008 S0013+B0003
000089 29 0001,000 0001,000 000000000000,600000 000000000000,600000 Arzikasazmaila  0008 S0013+B0003
000090 24 0001,000 0001,000 000000000002,500000 000000000002,500000 Arzikasazmaila  0008 S0013+B0003
000091 24 0001,000 0001,000 000000000003,400000 000000000003,400000 Arzikasazmaila  0008 S0013+B0003
000092 19 0001,000 0001,000 000000000001,300000 000000000001,300000 Arzikasazmaila  0008 S0013+B0003
000093 19 0001,000 0001,000 000000000004,000000 000000000004,000000 Arzikasazmaila  0008 S0013+B0003
000094 15 0001,000 0001,000 000000000001,000000 000000000001,000000 Arzikasazmaila  0008 S0013+B0003
000095 15 0001,000 0001,000 000000000001,000000 000000000001,000000 Arzikasazmaila  0008 S0013+B0003
000096 14 0001,000 0001,000 000000000004,000000 000000000004,000000 Arzikasazmaila  0008 S0013+B0003
000097 14 0001,000 0001,000 000000000000,500000 000000000000,500000 Arzikasazmaila  0008 S0013+B0003
000098 11 0001,000 0001,000 000000000002,500000 000000000002,500000 Arzikasazmaila  0008 S0013+B0003
000099 11 0001,000 0001,000 000000000001,000000 000000000001,000000 Arzikasazmaila  0008 S0013+B0003
000100 06 0001,000 0001,000 000000000003,700000 000000000003,700000 Arzikasazmaila  0008 S0013+B0003
000101 06 0001,000 0001,000 000000000004,400000 000000000004,400000 Arzikasazmaila  0008 S0013+B0003
000102 02 0001,000 0001,000 000000000005,300000 000000000005,300000 Arzikasazmaila  0008 S0013+B0003
000103 02 0001,000 0001,000 000000000002,300000 000000000002,300000 Arzikasazmaila  0008 S0013+B0003
000104 06 0001,000 0001,000 000000000004,000000 000000000004,000000 SAdoulaye       0004 S0005+B0001
000105 06 0001,000 0001,000 000000000010,000000 000000000010,000000 SAdoulaye       0004 S0005+B0001
000106 16 0001,000 0001,000 000000000012,000000 000000000012,000000 SAdoulaye       0004 S0005+B0001
000107 16 0001,000 0001,000 000000000003,000000 000000000003,000000 SAdoulaye       0004 S0005+B0001
000108 22 0001,000 0001,000 000000000010,000000 000000000010,000000 SAdoulaye       0004 S0005+B0001
000109 22 0001,000 0001,000 000000000040,000000 000000000040,000000 SAdoulaye       0004 S0005+B0001
000110 29 0001,000 0001,000 000000000008,000000 000000000008,000000 SAdoulaye       0004 S0005+B0001
000111 29 0001,000 0001,000 000000000010,000000 000000000010,000000 SAdoulaye       0004 S0005+B0001
000112 22 0001,000 0001,000 000000000007,000000 000000000007,000000 SAdoulaye       0004 S0005+B0001
000113 22 0001,000 0001,000 000000000010,000000 000000000010,000000 SAdoulaye       0004 S0005+B0001
000114 29 0001,000 0001,000 000000000008,000000 000000000008,000000 SAdoulaye       0004 S0005+B0001
000115 29 0001,000 0001,000 000000000008,000000 000000000008,000000 SAdoulaye       0004 S0005+B0001
000116 04 0001,000 0001,000 000000000013,000000 000000000013,000000 A Arzika        0006 S0009+B0001
000117 04 0001,000 0001,000 000000000005,000000 000000000005,000000 A Arzika        0006 S0009+B0001
000118 05 0001,000 0001,000 000000000012,000000 000000000012,000000 A Arzika        0006 S0009+B0001
000119 05 0001,000 0001,000 000000000009,000000 000000000009,000000 A Arzika        0006 S0009+B0001
000120 13 0001,000 0001,000 000000000001,500000 000000000001,500000 A Arzika        0006 S0009+B0005
000121 13 0001,000 0001,000 000000000002,000000 000000000002,000000 A Arzika        0006 S0009+B0005
000122 14 0001,000 0001,000 000000000001,000000 000000000001,000000 A Arzika        0006 S0009+B0005
000123 14 0001,000 0001,000 000000000001,500000 000000000001,500000 A Arzika        0006 S0009+B0005
000124 15 0001,000 0001,000 000000000002,500000 000000000002,500000 A Arzika        0006 S0009+B0005
000125 15 0001,000 0001,000 000000000003,000000 000000000003,000000 A Arzika        0006 S0009+B0005
000126 16 0001,000 0001,000 000000000002,500000 000000000002,500000 A Arzika        0006 S0009+B0005
000127 16 0001,000 0001,000 000000000002,000000 000000000002,000000 A Arzika        0006 S0009+B0005
000128 24 0001,000 0001,000 000000000003,500000 000000000003,500000 A Arzika        0006 S0009+B0005
000129 24 0001,000 0001,000 000000000004,000000 000000000004,000000 A Arzika        0006 S0009+B0005
000130 25 0001,000 0001,000 000000000004,000000 000000000004,000000 A Arzika        0006 S0009+B0005
000131 25 0001,000 0001,000 000000000003,000000 000000000003,000000 A Arzika        0006 S0009+B0005
