D000001+S0003 000000000000,600000 000000000002,000000 000000000000,000000 000000000000,000000 0004 S0004+B0001
D000001+S0007 000000000000,300000 000000000001,000000 000000000000,000000 000000000000,000000 0004 S0004+B0001
D000001+S0009 000000000001,100000 000000000006,000000 000000000000,000000 000000000000,000000 0004 S0004+B0001
D000001+S0016 000000000000,500000 000000000002,000000 000000000000,000000 000000000000,000000 0004 S0004+B0001
D000001+S0017 000000000000,700000 000000000002,000000 000000000000,000000 000000000000,000000 0004 S0004+B0001
D000001+S0021 000000000000,500000 000000000001,000000 000000000000,000000 000000000000,000000 0004 S0004+B0001
D000002+S0005 000000000001,400000 000000000002,000000 000000000000,000000 000000000000,000000 0004 S0004+B0001
D000002+S0011 000000000001,900000 000000000009,000000 000000000000,000000 000000000000,000000 0004 S0004+B0001
D000002+S0018 000000000001,100000 000000000004,000000 000000000000,000000 000000000000,000000 0004 S0004+B0001
D000003+S0003 000000000000,600000 000000000002,000000 000000000000,000000 000000000000,000000 0004 S0004+B0001
D000003+S0005 000000000000,700000 000000000001,000000 000000000000,000000 000000000000,000000 0004 S0004+B0001
D000003+S0008 000000000001,100000 000000000003,000000 000000000000,000000 000000000000,000000 0004 S0004+B0001
D000003+S0009 000000000002,900000 000000000007,000000 000000000000,000000 000000000000,000000 0004 S0004+B0001
D000003+S0017 000000000002,700000 000000000003,000000 000000000000,000000 000000000000,000000 0004 S0004+B0001
D000004+S0005 000000000001,400000 000000000002,000000 000000000000,000000 000000000000,000000 0004 S0004+B0001
D000004+S0010 000000000001,700000 000000000003,000000 000000000000,000000 000000000000,000000 0004 S0004+B0001
D000004+S0011 000000000000,900000 000000000006,000000 000000000000,000000 000000000000,000000 0004 S0004+B0001
D000004+S0018 000000000001,300000 000000000004,000000 000000000000,000000 000000000000,000000 0004 S0004+B0001
D000005+S0007 000000000002,100000 000000000017,000000 000000000000,000000 000000000000,000000 0004 S0004+B0001
D000005+S0011 000000000001,500000 000000000012,000000 000000000000,000000 000000000000,000000 0004 S0004+B0001
D000006+S0007 000000000000,900000 000000000006,000000 000000000000,000000 000000000000,000000 0004 S0004+B0001
D000006+S0009 000000000000,400000 000000000002,000000 000000000000,000000 000000000000,000000 0004 S0004+B0001
D000006+S0011 000000000001,100000 000000000000,000000 000000000000,000000 000000000000,000000 0004 S0004+B0001
D000006+S0017 000000000000,900000 000000000004,000000 000000000000,000000 000000000000,000000 0004 S0004+B0001
D000007+S0009 000000000000,900000 000000000003,000000 000000000000,000000 000000000000,000000 0004 S0004+B0001
D000007+S0011 000000000001,900000 000000000009,000000 000000000000,000000 000000000000,000000 0004 S0004+B0001
D000007+S0018 000000000001,700000 000000000012,000000 000000000000,000000 000000000000,000000 0004 S0004+B0001
D000008+S0006 000000000001,600000 000000000002,000000 000000000000,000000 000000000000,000000 0004 S0004+B0001
D000008+S0009 000000000001,100000 000000000007,000000 000000000000,000000 000000000000,000000 0004 S0004+B0001
D000008+S0011 000000000001,400000 000000000012,000000 000000000000,000000 000000000000,000000 0004 S0004+B0001
D000008+S0018 000000000000,800000 000000000003,000000 000000000000,000000 000000000000,000000 0004 S0004+B0001
D000009+S0002 000000000000,700000 000000000001,000000 000000000000,000000 000000000000,000000 0004 S0004+B0001
D000009+S0011 000000000003,100000 000000000027,000000 000000000000,000000 000000000000,000000 0004 S0004+B0001
D000009+S0017 000000000001,100000 000000000002,000000 000000000000,000000 000000000000,000000 0004 S0004+B0001
D000009+S0020 000000000001,700000 000000000002,000000 000000000000,000000 000000000000,000000 0004 S0004+B0001
D000010+S0006 000000000001,800000 000000000001,000000 000000000000,000000 000000000000,000000 0004 S0004+B0001
D000010+S0008 000000000003,100000 000000000002,000000 000000000000,000000 000000000000,000000 0004 S0004+B0001
D000010+S0017 000000000000,700000 000000000001,000000 000000000000,000000 000000000000,000000 0004 S0004+B0001
D000011+S0004 000000000000,700000 000000000002,000000 000000000000,000000 000000000000,000000 0004 S0004+B0002
D000011+S0008 000000000000,300000 000000000001,000000 000000000000,000000 000000000000,000000 0004 S0004+B0002
D000011+S0009 000000000001,300000 000000000005,000000 000000000000,000000 000000000000,000000 0004 S0004+B0002
D000011+S0011 000000000000,900000 000000000017,000000 000000000000,000000 000000000000,000000 0004 S0004+B0002
D000011+S0017 000000000000,700000 000000000001,000000 000000000000,000000 000000000000,000000 0004 S0004+B0002
D000012+S0003 000000000000,300000 000000000001,000000 000000000000,000000 000000000000,000000 0004 S0004+B0002
D000012+S0007 000000000000,600000 000000000001,000000 000000000000,000000 000000000000,000000 0004 S0004+B0002
D000012+S0011 000000000001,800000 000000000013,000000 000000000000,000000 000000000000,000000 0004 S0004+B0002
D000012+S0017 000000000000,500000 000000000001,000000 000000000000,000000 000000000000,000000 0004 S0004+B0002
D000012+S0018 000000000001,100000 000000000007,000000 000000000000,000000 000000000000,000000 0004 S0004+B0002
D000013+S0003 000000000000,300000 000000000001,000000 000000000000,000000 000000000000,000000 0004 S0004+B0002
D000013+S0006 000000000000,900000 000000000002,000000 000000000000,000000 000000000000,000000 0004 S0004+B0002
D000013+S0009 000000000001,100000 000000000012,000000 000000000000,000000 000000000000,000000 0004 S0004+B0002
D000013+S0015 000000000000,500000 000000000002,000000 000000000000,000000 000000000000,000000 0004 S0004+B0002
D000013+S0017 000000000000,800000 000000000001,000000 000000000000,000000 000000000000,000000 0004 S0004+B0002
D000013+S0018 000000000001,300000 000000000007,000000 000000000000,000000 000000000000,000000 0004 S0004+B0002
D000014+S0002 000000000000,700000 000000000004,000000 000000000000,000000 000000000000,000000 0004 S0004+B0002
D000014+S0004 000000000000,300000 000000000001,000000 000000000000,000000 000000000000,000000 0004 S0004+B0002
D000014+S0006 000000000000,900000 000000000003,000000 000000000000,000000 000000000000,000000 0004 S0004+B0002
D000014+S0007 000000000000,600000 000000000002,000000 000000000000,000000 000000000000,000000 0004 S0004+B0002
D000014+S0009 000000000001,100000 000000000017,000000 000000000000,000000 000000000000,000000 0004 S0004+B0002
D000014+S0011 000000000001,700000 000000000016,000000 000000000000,000000 000000000000,000000 0004 S0004+B0002
D000015+S0004 000000000001,300000 000000000008,000000 000000000000,000000 000000000000,000000 0004 S0004+B0002
D000015+S0009 000000000000,900000 000000000003,000000 000000000000,000000 000000000000,000000 0004 S0004+B0002
D000015+S0011 000000000001,100000 000000000018,000000 000000000000,000000 000000000000,000000 0004 S0004+B0002
D000015+S0017 000000000000,700000 000000000002,000000 000000000000,000000 000000000000,000000 0004 S0004+B0002
D000015+S0021 000000000001,700000 000000000000,000000 000000000000,000000 000000000000,000000 0004 S0004+B0002
D000016+S0008 000000000002,600000 000000000007,000000 000000000000,000000 000000000000,000000 0004 S0004+B0002
D000016+S0009 000000000001,200000 000000000013,000000 000000000000,000000 000000000000,000000 0004 S0004+B0002
D000016+S0011 000000000001,300000 000000000009,000000 000000000000,000000 000000000000,000000 0004 S0004+B0002
D000016+S0020 000000000000,800000 000000000001,000000 000000000000,000000 000000000000,000000 0004 S0004+B0002
D000017+S0004 000000000000,700000 000000000001,000000 000000000000,000000 000000000000,000000 0004 S0004+B0002
D000017+S0007 000000000001,100000 000000000004,000000 000000000000,000000 000000000000,000000 0004 S0004+B0002
D000017+S0009 000000000000,900000 000000000007,000000 000000000000,000000 000000000000,000000 0004 S0004+B0002
D000017+S0011 000000000001,700000 000000000018,000000 000000000000,000000 000000000000,000000 0004 S0004+B0002
D000017+S0017 000000000000,900000 000000000001,000000 000000000000,000000 000000000000,000000 0004 S0004+B0002
D000017+S0020 000000000001,800000 000000000003,000000 000000000000,000000 000000000000,000000 0004 S0004+B0002
D000018+S0003 000000000001,300000 000000000003,000000 000000000000,000000 000000000000,000000 0004 S0004+B0002
D000018+S0007 000000000000,900000 000000000004,000000 000000000000,000000 000000000000,000000 0004 S0004+B0002
D000018+S0009 000000000001,100000 000000000007,000000 000000000000,000000 000000000000,000000 0004 S0004+B0002
D000018+S0012 000000000001,700000 000000000012,000000 000000000000,000000 000000000000,000000 0004 S0004+B0002
D000019+S0002 000000000001,900000 000000000001,000000 000000000000,000000 000000000000,000000 0004 S0004+B0002
D000019+S0008 000000000000,500000 000000000001,000000 000000000000,000000 000000000000,000000 0004 S0004+B0002
D000019+S0009 000000000000,900000 000000000002,000000 000000000000,000000 000000000000,000000 0004 S0004+B0002
D000019+S0011 000000000001,300000 000000000012,000000 000000000000,000000 000000000000,000000 0004 S0004+B0002
D000019+S0017 000000000001,100000 000000000005,000000 000000000000,000000 000000000000,000000 0004 S0004+B0002
D000020+S0005 000000000000,900000 000000000002,000000 000000000000,000000 000000000000,000000 0004 S0004+B0002
D000021+S0018 000000000001,100000 000000000005,000000 000000000000,000000 000000000000,000000 0004 S0004+B0002
D000021+S0021 000000000001,700000 000000000005,000000 000000000000,000000 000000000000,000000 0004 S0004+B0002
D000022+S0006 000000000001,700000 000000000002,000000 000000000000,000000 000000000000,000000 0004 S0004+B0002
D000022+S0009 000000000000,900000 000000000004,000000 000000000000,000000 000000000000,000000 0004 S0004+B0002
D000022+S0018 000000000001,900000 000000000008,000000 000000000000,000000 000000000000,000000 0004 S0004+B0002
D000022+S0021 000000000002,300000 000000000000,000000 000000000000,000000 000000000000,000000 0004 S0004+B0002
D000023+S0011 000000000001,100000 000000000008,000000 000000000000,000000 000000000000,000000 0004 S0004+B0002
D000023+S0018 000000000002,800000 000000000017,000000 000000000000,000000 000000000000,000000 0004 S0004+B0002
D000023+S0021 000000000002,400000 000000000017,000000 000000000000,000000 000000000000,000000 0004 S0004+B0002
D000024+S0009 000000000001,400000 000000000008,000000 000000000000,000000 000000000000,000000 0004 S0004+B0002
D000024+S0011 000000000001,700000 000000000009,000000 000000000000,000000 000000000000,000000 0004 S0004+B0002
D000024+S0018 000000000001,100000 000000000006,000000 000000000000,000000 000000000000,000000 0004 S0004+B0002
D000024+S0021 000000000000,900000 000000000001,000000 000000000000,000000 000000000000,000000 0004 S0004+B0002
D000025+S0009 000000000001,100000 000000000008,000000 000000000000,000000 000000000000,000000 0004 S0004+B0002
D000025+S0011 000000000001,900000 000000000011,000000 000000000000,000000 000000000000,000000 0004 S0004+B0002
D000025+S0018 000000000000,700000 000000000004,000000 000000000000,000000 000000000000,000000 0004 S0004+B0002
D000026+S0006 000000000000,400000 000000000001,000000 000000000000,000000 000000000000,000000 0004 S0004+B0002
D000026+S0009 000000000001,700000 000000000008,000000 000000000000,000000 000000000000,000000 0004 S0004+B0002
D000026+S0011 000000000000,900000 000000000012,000000 000000000000,000000 000000000000,000000 0004 S0004+B0002
D000026+S0017 000000000000,700000 000000000003,000000 000000000000,000000 000000000000,000000 0004 S0004+B0002
D000026+S0021 000000000001,900000 000000000000,000000 000000000000,000000 000000000000,000000 0004 S0004+B0002
D000020+S0011 000000000001,300000 000000000011,000000 000000000000,000000 000000000000,000000 0004 S0004+B0002
D000020+S0018 000000000001,700000 000000000009,000000 000000000000,000000 000000000000,000000 0004 S0004+B0002
D000020+S0020 000000000000,600000 000000000001,000000 000000000000,000000 000000000000,000000 0004 S0004+B0002
D000021+S0004 000000000000,600000 000000000001,000000 000000000000,000000 000000000000,000000 0004 S0004+B0002
D000021+S0011 000000000001,300000 000000000011,000000 000000000000,000000 000000000000,000000 0004 S0004+B0002
D000027+S0004 000000000002,000000 000000000017,000000 000000000000,250000 000000000000,500000 0008 S0011+B0001
D000027+S0009 000000000013,000000 000000001025,000000 000000000000,250000 000000000003,250000 0008 S0011+B0001
D000027+S0017 000000000002,000000 000000000012,000000 000000000000,250000 000000000000,500000 0008 S0011+B0001
D000028+S0009 000000000012,000000 000000001037,000000 000000000000,250000 000000000003,000000 0008 S0011+B0001
D000028+S0017 000000000002,500000 000000000018,000000 000000000000,250000 000000000000,625000 0008 S0011+B0001
D000029+S0003 000000000003,000000 000000000020,000000 000000000000,250000 000000000000,750000 0008 S0011+B0001
D000029+S0009 000000000006,000000 000000000922,000000 000000000000,125000 000000000000,750000 0008 S0011+B0001
D000029+S0017 000000000001,000000 000000000007,000000 000000000000,250000 000000000000,250000 0008 S0011+B0001
D000030+S0009 000000000012,500000 000000001087,000000 000000000000,125000 000000000001,562500 0008 S0011+B0001
D000030+S0017 000000000000,500000 000000000002,000000 000000000000,250000 000000000000,125000 0008 S0011+B0001
D000031+S0009 000000000003,500000 000000000450,000000 000000000000,175000 000000000000,612500 0008 S0011+B0001
D000031+S0017 000000000002,000000 000000000018,000000 000000000000,350000 000000000000,700000 0008 S0011+B0001
D000032+S0009 000000000007,000000 000000000230,000000 000000000000,175000 000000000001,225000 0008 S0011+B0001
D000032+S0017 000000000002,000000 000000000020,000000 000000000000,350000 000000000000,700000 0008 S0011+B0001
D000033+S0004 000000000002,000000 000000000007,000000 000000000000,125000 000000000000,250000 0008 S0011+B0001
D000033+S0009 000000000004,500000 000000000510,000000 000000000000,175000 000000000000,787500 0008 S0011+B0001
D000033+S0017 000000000003,000000 000000000020,000000 000000000000,350000 000000000001,050000 0008 S0011+B0001
D000034+S0009 000000000009,000000 000000000320,000000 000000000000,175000 000000000001,575000 0008 S0011+B0001
D000034+S0017 000000000002,500000 000000000022,000000 000000000000,350000 000000000000,875000 0008 S0011+B0001
D000035+S0009 000000000011,000000 000000000978,000000 000000000000,175000 000000000001,925000 0008 S0011+B0001
D000035+S0017 000000000004,500000 000000000037,000000 000000000000,350000 000000000001,575000 0008 S0011+B0001
D000036+S0009 000000000012,000000 000000001020,000000 000000000000,175000 000000000002,100000 0008 S0011+B0001
D000036+S0017 000000000002,500000 000000000018,000000 000000000000,350000 000000000000,875000 0008 S0011+B0001
D000037+S0004 000000000002,000000 000000000011,000000 000000000000,250000 000000000000,500000 0008 S0011+B0001
D000037+S0009 000000000014,000000 000000000924,000000 000000000000,175000 000000000002,450000 0008 S0011+B0001
D000037+S0017 000000000003,500000 000000000025,000000 000000000000,250000 000000000000,875000 0008 S0011+B0001
D000038+S0009 000000000008,000000 000000000620,000000 000000000000,175000 000000000001,400000 0008 S0011+B0001
D000038+S0017 000000000004,000000 000000000032,000000 000000000000,250000 000000000001,000000 0008 S0011+B0001
D000039+S0009 000000000009,000000 000000000980,000000 000000000000,125000 000000000001,125000 0008 S0011+B0001
D000039+S0017 000000000002,500000 000000000022,000000 000000000000,350000 000000000000,875000 0008 S0011+B0001
D000040+S0009 000000000002,000000 000000000040,000000 000000000000,125000 000000000000,250000 0008 S0011+B0001
D000040+S0017 000000000002,000000 000000000022,000000 000000000000,350000 000000000000,700000 0008 S0011+B0001
D000041+S0009 000000000013,500000 000000000950,000000 000000000000,125000 000000000001,687500 0008 S0011+B0001
D000041+S0017 000000000002,000000 000000000012,000000 000000000000,350000 000000000000,700000 0008 S0011+B0001
D000042+S0009 000000000009,500000 000000000978,000000 000000000000,125000 000000000001,187500 0008 S0011+B0001
D000042+S0017 000000000003,000000 000000000002,000000 000000000000,750000 000000000002,250000 0008 S0011+B0001
D000043+S0006 000000000031,000000 000000000015,000000 000000000000,600000 000000000018,600000 0008 S0012+B0001
D000043+S0009 000000000005,000000 000000000015,000000 000000000000,200000 000000000001,000000 0008 S0012+B0001
D000043+S0017 000000000002,500000 000000000004,000000 000000000000,650000 000000000001,625000 0008 S0012+B0001
D000044+S0004 000000000004,000000 000000000016,000000 000000000000,300000 000000000001,200000 0008 S0012+B0001
D000044+S0006 000000000004,500000 000000000003,000000 000000000000,600000 000000000002,700000 0008 S0012+B0001
D000044+S0009 000000000008,000000 000000000112,000000 000000000000,200000 000000000001,600000 0008 S0012+B0001
D000045+S0004 000000000016,000000 000000000124,000000 000000000000,300000 000000000004,800000 0008 S0012+B0001
D000045+S0005 000000000007,500000 000000000004,000000 000000000000,600000 000000000004,500000 0008 S0012+B0001
D000045+S0009 000000000007,000000 000000000082,000000 000000000000,200000 000000000001,400000 0008 S0012+B0001
D000045+S0017 000000000002,000000 000000000001,000000 000000000000,650000 000000000001,300000 0008 S0012+B0001
D000046+S0006 000000000012,000000 000000000007,000000 000000000000,600000 000000000007,200000 0008 S0012+B0001
D000046+S0009 000000000003,000000 000000000013,000000 000000000000,200000 000000000000,600000 0008 S0012+B0001
D000046+S0017 000000000005,000000 000000000014,000000 000000000000,650000 000000000003,250000 0008 S0012+B0001
D000047+S0006 000000000004,500000 000000000003,000000 000000000000,600000 000000000002,700000 0008 S0012+B0001
D000047+S0009 000000000002,500000 000000000024,000000 000000000000,200000 000000000000,500000 0008 S0012+B0001
D000047+S0017 000000000001,500000 000000000002,000000 000000000000,650000 000000000000,975000 0008 S0012+B0001
D000048+S0009 000000000004,000000 000000000053,000000 000000000000,200000 000000000000,800000 0008 S0012+B0001
D000048+S0021 000000000001,000000 000000000001,000000 000000000000,300000 000000000000,300000 0008 S0012+B0001
D000049+S0004 000000000001,500000 000000000013,000000 000000000000,300000 000000000000,450000 0008 S0012+B0001
D000049+S0006 000000000016,000000 000000000009,000000 000000000000,600000 000000000009,600000 0008 S0012+B0001
D000049+S0009 000000000009,000000 000000000124,000000 000000000000,200000 000000000001,800000 0008 S0012+B0001
D000049+S0017 000000000009,000000 000000000004,000000 000000000000,650000 000000000005,850000 0008 S0012+B0001
D000050+S0004 000000000003,000000 000000000018,000000 000000000000,300000 000000000000,900000 0008 S0012+B0001
D000050+S0006 000000000011,500000 000000000004,000000 000000000000,600000 000000000006,900000 0008 S0012+B0001
D000050+S0009 000000000007,000000 000000000085,000000 000000000000,200000 000000000001,400000 0008 S0012+B0001
D000051+S0006 000000000015,000000 000000000007,000000 000000000000,600000 000000000009,000000 0008 S0012+B0001
D000051+S0009 000000000006,500000 000000000024,000000 000000000000,200000 000000000001,300000 0008 S0012+B0001
D000051+S0017 000000000004,500000 000000000003,000000 000000000000,650000 000000000002,925000 0008 S0012+B0001
D000052+S0004 000000000007,000000 000000000086,000000 000000000000,300000 000000000002,100000 0008 S0012+B0001
D000052+S0006 000000000006,500000 000000000004,000000 000000000000,600000 000000000003,900000 0008 S0012+B0001
D000052+S0009 000000000003,000000 000000000018,000000 000000000000,200000 000000000000,600000 0008 S0012+B0001
D000052+S0017 000000000004,000000 000000000002,000000 000000000000,650000 000000000002,600000 0008 S0012+B0001
D000053+S0006 000000000017,000000 000000000008,000000 000000000000,600000 000000000010,200000 0008 S0012+B0001
D000053+S0009 000000000022,000000 000000000137,000000 000000000000,200000 000000000004,400000 0008 S0012+B0001
D000053+S0017 000000000008,000000 000000000006,000000 000000000000,650000 000000000005,200000 0008 S0012+B0001
D000054+S0006 000000000012,000000 000000000004,000000 000000000000,600000 000000000007,200000 0008 S0012+B0001
D000054+S0009 000000000009,000000 000000000078,000000 000000000000,200000 000000000001,800000 0008 S0012+B0001
D000054+S0017 000000000002,500000 000000000004,000000 000000000000,650000 000000000001,625000 0008 S0012+B0001
D000055+S0006 000000000007,000000 000000000003,000000 000000000000,600000 000000000004,200000 0008 S0012+B0001
D000055+S0009 000000000003,000000 000000000015,000000 000000000000,200000 000000000000,600000 0008 S0012+B0001
D000055+S0017 000000000003,000000 000000000002,000000 000000000000,000000 000000000000,000000 0008 S0012+B0001
D000056+S0006 000000000012,000000 000000000005,000000 000000000000,600000 000000000007,200000 0008 S0012+B0001
D000056+S0009 000000000004,000000 000000000015,000000 000000000000,200000 000000000000,800000 0008 S0012+B0001
D000056+S0017 000000000005,000000 000000000002,000000 000000000000,000000 000000000000,000000 0008 S0012+B0001
D000057+S0006 000000000026,000000 000000000009,000000 000000000000,600000 000000000015,600000 0008 S0012+B0001
D000057+S0009 000000000004,000000 000000000081,000000 000000000000,200000 000000000000,800000 0008 S0012+B0001
D000057+S0017 000000000005,000000 000000000002,000000 000000000000,650000 000000000003,250000 0008 S0012+B0001
D000058+S0006 000000000007,500000 000000000003,000000 000000000000,600000 000000000004,500000 0008 S0012+B0001
D000058+S0009 000000000003,000000 000000000028,000000 000000000000,200000 000000000000,600000 0008 S0012+B0001
D000058+S0017 000000000002,500000 000000000001,000000 000000000000,650000 000000000001,625000 0008 S0012+B0001
D000059+S0004 000000000001,000000 000000000004,000000 000000000000,500000 000000000000,500000 0008 S0013+B0003
D000059+S0017 000000000001,000000 000000000008,000000 000000000000,350000 000000000000,350000 0008 S0013+B0003
D000060+S0004 000000000001,500000 000000000005,000000 000000000000,500000 000000000000,750000 0008 S0013+B0003
D000060+S0017 000000000001,000000 000000000008,000000 000000000000,350000 000000000000,350000 0008 S0013+B0003
D000061+S0017 000000000000,500000 000000000004,000000 000000000000,350000 000000000000,175000 0008 S0013+B0003
D000062+S0004 000000000001,000000 000000000002,000000 000000000000,500000 000000000000,500000 0008 S0013+B0003
D000062+S0017 000000000000,700000 000000000002,000000 000000000000,350000 000000000000,245000 0008 S0013+B0003
D000063+S0004 000000000003,000000 000000000004,000000 000000000000,500000 000000000001,500000 0008 S0013+B0003
D000063+S0017 000000000004,000000 000000000017,000000 000000000000,350000 000000000001,400000 0008 S0013+B0003
D000064+S0004 000000000002,000000 000000000006,000000 000000000000,500000 000000000001,000000 0008 S0013+B0003
D000064+S0017 000000000003,000000 000000000010,000000 000000000000,350000 000000000001,050000 0008 S0013+B0003
D000065+S0017 000000000002,000000 000000000009,000000 000000000000,350000 000000000000,700000 0008 S0013+B0003
D000066+S0004 000000000006,000000 000000000009,000000 000000000000,500000 000000000003,000000 0008 S0013+B0003
D000067+S0004 000000000010,000000 000000000013,000000 000000000000,500000 000000000005,000000 0008 S0013+B0003
D000067+S0017 000000000003,500000 000000000032,000000 000000000000,350000 000000000001,225000 0008 S0013+B0003
D000068+S0004 000000000001,500000 000000000007,000000 000000000000,500000 000000000000,750000 0008 S0013+B0003
D000069+S0004 000000000003,000000 000000000010,000000 000000000000,500000 000000000001,500000 0008 S0013+B0003
D000069+S0017 000000000006,000000 000000000007,000000 000000000000,350000 000000000002,100000 0008 S0013+B0003
D000070+S0004 000000000005,000000 000000000010,000000 000000000000,500000 000000000002,500000 0008 S0013+B0003
D000070+S0017 000000000003,000000 000000000006,000000 000000000000,350000 000000000001,050000 0008 S0013+B0003
D000071+S0004 000000000004,000000 000000000006,000000 000000000000,500000 000000000002,000000 0008 S0013+B0003
D000071+S0017 000000000005,000000 000000000010,000000 000000000000,350000 000000000001,750000 0008 S0013+B0003
D000072+S0004 000000000007,000000 000000000010,000000 000000000000,500000 000000000003,500000 0008 S0013+B0003
D000072+S0017 000000000005,000000 000000000009,000000 000000000000,350000 000000000001,750000 0008 S0013+B0003
D000073+S0004 000000000010,000000 000000000015,000000 000000000000,500000 000000000005,000000 0008 S0013+B0003
D000073+S0017 000000000004,000000 000000000008,000000 000000000000,350000 000000000001,400000 0008 S0013+B0003
D000074+S0004 000000000002,000000 000000000005,000000 000000000000,500000 000000000001,000000 0008 S0013+B0003
D000075+S0008 000000000001,500000 000000000005,000000 000000000000,000000 000000000000,000000 0005 S0008+B0001
D000075+S0011 000000000001,500000 000000000007,000000 000000000000,000000 000000000000,000000 0005 S0008+B0001
D000075+S0012 000000000002,000000 000000000011,000000 000000000000,000000 000000000000,000000 0005 S0008+B0001
D000076+S0008 000000000000,500000 000000000003,000000 000000000000,000000 000000000000,000000 0005 S0008+B0001
D000076+S0011 000000000001,000000 000000000009,000000 000000000000,000000 000000000000,000000 0005 S0008+B0001
D000077+S0021 000000000004,000000 000000000072,000000 000000000000,000000 000000000000,000000 0005 S0008+B0001
D000078+S0011 000000000003,000000 000000000025,000000 000000000000,000000 000000000000,000000 0005 S0008+B0001
D000079+S0021 000000000002,500000 000000000025,000000 000000000000,000000 000000000000,000000 0005 S0008+B0001
D000120+S0001 000000000001,000000 000000000001,000000 000000000000,750000 000000000000,750000 0003 S0003+B0005
D000120+S0005 000000000002,000000 000000000001,000000 000000000000,300000 000000000000,600000 0003 S0003+B0005
D000120+S0008 000000000001,100000 000000000006,000000 000000000000,750000 000000000000,825000 0003 S0003+B0005
D000120+S0009 000000000003,700000 000000000045,000000 000000000000,750000 000000000002,775000 0003 S0003+B0005
D000120+S0011 000000000010,900000 000000000245,000000 000000000000,750000 000000000008,175000 0003 S0003+B0005
D000120+S0013 000000000000,300000 000000000010,000000 000000000000,000000 000000000000,000000 0003 S0003+B0005
D000120+S0014 000000000001,000000 000000000001,000000 000000000000,750000 000000000000,750000 0003 S0003+B0005
D000120+S0015 000000000007,000000 000000000003,000000 000000000000,000000 000000000000,000000 0003 S0003+B0005
D000120+S0021 000000000003,600000 000000000013,000000 000000000000,000000 000000000000,000000 0003 S0003+B0005
D000121+S0001 000000000001,000000 000000000001,000000 000000000000,750000 000000000000,750000 0003 S0003+B0005
D000121+S0004 000000000003,000000 000000000005,000000 000000000000,300000 000000000000,900000 0003 S0003+B0005
D000121+S0005 000000000000,900000 000000000001,000000 000000000000,750000 000000000000,675000 0003 S0003+B0005
D000121+S0006 000000000000,700000 000000000004,000000 000000000000,750000 000000000000,525000 0003 S0003+B0005
D000121+S0007 000000000001,000000 000000000001,000000 000000000000,000000 000000000000,000000 0003 S0003+B0005
D000121+S0008 000000000001,500000 000000000006,000000 000000000000,650000 000000000000,975000 0003 S0003+B0005
D000121+S0009 000000000004,700000 000000000066,000000 000000000000,750000 000000000003,525000 0003 S0003+B0005
D000121+S0011 000000000005,700000 000000000077,000000 000000000000,750000 000000000004,275000 0003 S0003+B0005
D000121+S0014 000000000001,500000 000000000003,000000 000000000000,750000 000000000001,125000 0003 S0003+B0005
D000121+S0015 000000000001,200000 000000000030,000000 000000000000,000000 000000000000,000000 0003 S0003+B0005
D000121+S0019 000000000000,900000 000000000007,000000 000000000000,000000 000000000000,000000 0003 S0003+B0005
D000122+S0001 000000000002,000000 000000000001,000000 000000000000,750000 000000000001,500000 0003 S0003+B0005
D000122+S0004 000000000002,000000 000000000001,000000 000000000000,300000 000000000000,600000 0003 S0003+B0005
D000122+S0008 000000000000,900000 000000000003,000000 000000000000,650000 000000000000,585000 0003 S0003+B0005
D000122+S0009 000000000004,500000 000000000112,000000 000000000000,750000 000000000003,375000 0003 S0003+B0005
D000122+S0011 000000000006,500000 000000000160,000000 000000000000,750000 000000000004,875000 0003 S0003+B0005
D000122+S0021 000000000002,500000 000000000003,000000 000000000000,750000 000000000001,875000 0003 S0003+B0005
D000123+S0003 000000000001,000000 000000000001,000000 000000000000,300000 000000000000,300000 0003 S0003+B0005
D000123+S0004 000000000006,600000 000000000007,000000 000000000000,300000 000000000001,980000 0003 S0003+B0005
D000123+S0005 000000000001,500000 000000000003,000000 000000000000,750000 000000000001,125000 0003 S0003+B0005
D000123+S0009 000000000003,500000 000000000045,000000 000000000000,750000 000000000002,625000 0003 S0003+B0005
D000123+S0011 000000000009,700000 000000000177,000000 000000000000,750000 000000000007,275000 0003 S0003+B0005
D000123+S0013 000000000000,100000 000000000015,000000 000000000000,000000 000000000000,000000 0003 S0003+B0005
D000123+S0015 000000000000,600000 000000000012,000000 000000000000,000000 000000000000,000000 0003 S0003+B0005
D000123+S0021 000000000001,000000 000000000001,000000 000000000000,750000 000000000000,750000 0003 S0003+B0005
D000124+S0003 000000000001,900000 000000000004,000000 000000000000,300000 000000000000,570000 0003 S0003+B0005
D000124+S0007 000000000000,700000 000000000007,000000 000000000000,700000 000000000000,490000 0003 S0003+B0005
D000124+S0009 000000000011,500000 000000000295,000000 000000000000,750000 000000000008,625000 0003 S0003+B0005
D000124+S0011 000000000015,700000 000000000455,000000 000000000000,750000 000000000011,775000 0003 S0003+B0005
D000124+S0015 000000000000,600000 000000000003,000000 000000000000,000000 000000000000,000000 0003 S0003+B0005
D000124+S0021 000000000004,000000 000000000003,000000 000000000000,750000 000000000003,000000 0003 S0003+B0005
D000125+S0001 000000000001,500000 000000000004,000000 000000000000,750000 000000000001,125000 0003 S0003+B0005
D000125+S0003 000000000001,700000 000000000002,000000 000000000000,300000 000000000000,510000 0003 S0003+B0005
D000125+S0005 000000000001,000000 000000000001,000000 000000000000,750000 000000000000,750000 0003 S0003+B0005
D000125+S0007 000000000005,400000 000000000007,000000 000000000000,750000 000000000004,050000 0003 S0003+B0005
D000125+S0009 000000000004,700000 000000000025,000000 000000000000,750000 000000000003,525000 0003 S0003+B0005
D000125+S0011 000000000006,700000 000000000125,000000 000000000000,000000 000000000000,000000 0003 S0003+B0005
D000125+S0012 000000000001,000000 000000000001,000000 000000000000,000000 000000000000,000000 0003 S0003+B0005
D000125+S0013 000000000000,200000 000000000010,000000 000000000000,000000 000000000000,000000 0003 S0003+B0005
D000125+S0014 000000000000,800000 000000000001,000000 000000000000,000000 000000000000,000000 0003 S0003+B0005
D000125+S0015 000000000000,500000 000000000007,000000 000000000000,000000 000000000000,000000 0003 S0003+B0005
D000125+S0018 000000000000,400000 000000000005,000000 000000000000,000000 000000000000,000000 0003 S0003+B0005
D000125+S0019 000000000000,300000 000000000005,000000 000000000000,000000 000000000000,000000 0003 S0003+B0005
D000125+S0021 000000000001,500000 000000000003,000000 000000000000,000000 000000000000,000000 0003 S0003+B0005
D000126+S0001 000000000001,000000 000000000001,000000 000000000000,750000 000000000000,750000 0003 S0003+B0005
D000126+S0004 000000000003,500000 000000000004,000000 000000000000,300000 000000000001,050000 0003 S0003+B0005
D000126+S0006 000000000000,900000 000000000003,000000 000000000000,750000 000000000000,675000 0003 S0003+B0005
D000126+S0007 000000000000,200000 000000000002,000000 000000000000,750000 000000000000,150000 0003 S0003+B0005
D000126+S0008 000000000000,300000 000000000002,000000 000000000000,450000 000000000000,135000 0003 S0003+B0005
D000126+S0009 000000000002,700000 000000000032,000000 000000000000,750000 000000000002,025000 0003 S0003+B0005
D000126+S0011 000000000013,700000 000000000099,000000 000000000000,750000 000000000010,275000 0003 S0003+B0005
D000126+S0012 000000000000,900000 000000000001,000000 000000000000,600000 000000000000,540000 0003 S0003+B0005
D000126+S0015 000000000000,900000 000000000010,000000 000000000000,000000 000000000000,000000 0003 S0003+B0005
D000126+S0018 000000000000,700000 000000000004,000000 000000000000,000000 000000000000,000000 0003 S0003+B0005
D000126+S0019 000000000000,900000 000000000007,000000 000000000000,000000 000000000000,000000 0003 S0003+B0005
D000126+S0021 000000000006,200000 000000000015,000000 000000000000,000000 000000000000,000000 0003 S0003+B0005
D000080+S0006 000000000002,500000 000000000001,000000 000000000000,000000 000000000000,000000 0005 S0008+B0001
D000081+S0009 000000000005,000000 000000000165,000000 000000000000,000000 000000000000,000000 0005 S0008+B0001
D000082+S0011 000000000003,000000 000000000020,000000 000000000000,000000 000000000000,000000 0005 S0008+B0001
D000083+S0009 000000000001,000000 000000000012,000000 000000000000,000000 000000000000,000000 0005 S0008+B0001
D000084+S0009 000000000002,000000 000000000013,000000 000000000000,000000 000000000000,000000 0005 S0008+B0001
D000085+S0011 000000000000,500000 000000000007,000000 000000000000,000000 000000000000,000000 0005 S0008+B0001
D000085+S0015 000000000001,500000 000000000023,000000 000000000000,000000 000000000000,000000 0005 S0008+B0001
D000086+S0005 000000000001,000000 000000000004,000000 000000000000,000000 000000000000,000000 0005 S0008+B0001
D000086+S0011 000000000001,500000 000000000017,000000 000000000000,000000 000000000000,000000 0005 S0008+B0001
D000087+S0007 000000000000,500000 000000000003,000000 000000000000,000000 000000000000,000000 0005 S0008+B0001
D000087+S0011 000000000000,500000 000000000006,000000 000000000000,000000 000000000000,000000 0005 S0008+B0001
D000087+S0015 000000000001,500000 000000000014,000000 000000000000,000000 000000000000,000000 0005 S0008+B0001
D000087+S0018 000000000001,000000 000000000002,000000 000000000000,000000 000000000000,000000 0005 S0008+B0001
D000088+S0003 000000000004,500000 000000000003,000000 000000000000,000000 000000000000,000000 0005 S0008+B0001
D000089+S0007 000000000000,500000 000000000005,000000 000000000000,000000 000000000000,000000 0005 S0008+B0001
D000090+S0011 000000000003,500000 000000000037,000000 000000000000,000000 000000000000,000000 0005 S0008+B0001
D000092+S0002 000000000000,500000 000000000001,000000 000000000000,000000 000000000000,000000 0005 S0007+B0001
D000092+S0008 000000000001,000000 000000000003,000000 000000000000,000000 000000000000,000000 0005 S0007+B0001
D000092+S0011 000000000001,000000 000000000011,000000 000000000000,000000 000000000000,000000 0005 S0007+B0001
D000094+S0011 000000000000,500000 000000000004,000000 000000000000,000000 000000000000,000000 0005 S0007+B0001
D000095+S0019 000000000007,500000 000000000002,000000 000000000000,000000 000000000000,000000 0005 S0007+B0001
D000096+S0008 000000000004,000000 000000000045,000000 000000000000,000000 000000000000,000000 0005 S0007+B0001
D000096+S0015 000000000002,000000 000000000009,000000 000000000000,000000 000000000000,000000 0005 S0007+B0001
D000091+S0008 000000000001,000000 000000000057,000000 000000000000,000000 000000000000,000000 0005 S0007+B0001
D000091+S0009 000000000001,000000 000000000027,000000 000000000000,000000 000000000000,000000 0005 S0007+B0001
D000097+S0009 000000000001,500000 000000000043,000000 000000000000,200000 000000000000,300000 0006 S0009+B0005
D000098+S0009 000000000002,000000 000000000061,000000 000000000000,200000 000000000000,400000 0006 S0009+B0005
D000099+S0004 000000000000,500000 000000000003,000000 000000000000,400000 000000000000,200000 0006 S0009+B0005
D000099+S0009 000000000002,500000 000000000092,000000 000000000000,200000 000000000000,500000 0006 S0009+B0005
D000100+S0009 000000000002,500000 000000000132,000000 000000000000,200000 000000000000,500000 0006 S0009+B0005
D000101+S0004 000000000000,250000 000000000001,000000 000000000000,400000 000000000000,100000 0006 S0009+B0005
D000101+S0009 000000000002,500000 000000000115,000000 000000000000,200000 000000000000,500000 0006 S0009+B0005
D000102+S0004 000000000000,500000 000000000003,000000 000000000000,400000 000000000000,200000 0006 S0009+B0005
D000102+S0009 000000000001,000000 000000000032,000000 000000000000,200000 000000000000,200000 0006 S0009+B0005
D000103+S0004 000000000000,500000 000000000002,000000 000000000000,400000 000000000000,200000 0006 S0009+B0005
D000103+S0009 000000000002,000000 000000000092,000000 000000000000,200000 000000000000,400000 0006 S0009+B0005
D000106+S0009 000000000001,500000 000000000073,000000 000000000000,200000 000000000000,300000 0006 S0009+B0005
D000107+S0009 000000000002,000000 000000000081,000000 000000000000,200000 000000000000,400000 0006 S0009+B0005
D000104+S0009 000000000003,000000 000000000187,000000 000000000000,200000 000000000000,600000 0006 S0009+B0005
D000105+S0009 000000000003,500000 000000000208,000000 000000000000,200000 000000000000,700000 0006 S0009+B0005
D000108+S0009 000000000001,500000 000000000063,000000 000000000000,200000 000000000000,300000 0006 S0009+B0005
D000109+S0009 000000000001,000000 000000000054,000000 000000000000,200000 000000000000,200000 0006 S0009+B0005
D000110+S0009 000000000002,500000 000000000167,000000 000000000000,200000 000000000000,500000 0006 S0009+B0005
D000111+S0002 000000000001,000000 000000000001,000000 000000000000,750000 000000000000,750000 0003 S0003+B0001
D000111+S0007 000000000001,500000 000000000003,000000 000000000000,750000 000000000001,125000 0003 S0003+B0001
D000111+S0011 000000000000,900000 000000000004,000000 000000000000,750000 000000000000,675000 0003 S0003+B0001
D000111+S0016 000000000000,900000 000000000002,000000 000000000000,750000 000000000000,675000 0003 S0003+B0001
D000112+S0002 000000000002,000000 000000000001,000000 000000000000,750000 000000000001,500000 0003 S0003+B0001
D000112+S0005 000000000001,000000 000000000001,000000 000000000000,750000 000000000000,750000 0003 S0003+B0001
D000112+S0006 000000000002,500000 000000000003,000000 000000000000,750000 000000000001,875000 0003 S0003+B0001
D000112+S0007 000000000001,000000 000000000001,000000 000000000000,750000 000000000000,750000 0003 S0003+B0001
D000112+S0011 000000000002,700000 000000000009,000000 000000000000,750000 000000000002,025000 0003 S0003+B0001
D000113+S0002 000000000001,000000 000000000001,000000 000000000000,750000 000000000000,750000 0003 S0003+B0001
D000113+S0007 000000000001,000000 000000000001,000000 000000000000,750000 000000000000,750000 0003 S0003+B0001
D000113+S0008 000000000002,000000 000000000003,000000 000000000000,750000 000000000001,500000 0003 S0003+B0001
D000113+S0011 000000000000,800000 000000000001,000000 000000000000,750000 000000000000,600000 0003 S0003+B0001
D000113+S0016 000000000001,000000 000000000002,000000 000000000000,750000 000000000000,750000 0003 S0003+B0001
D000113+S0018 000000000000,600000 000000000003,000000 000000000000,000000 000000000000,000000 0003 S0003+B0001
D000114+S0002 000000000002,500000 000000000001,000000 000000000000,750000 000000000001,875000 0003 S0003+B0001
D000114+S0005 000000000002,000000 000000000003,000000 000000000000,750000 000000000001,500000 0003 S0003+B0001
D000114+S0006 000000000001,700000 000000000002,000000 000000000000,750000 000000000001,275000 0003 S0003+B0001
D000114+S0007 000000000001,000000 000000000001,000000 000000000000,750000 000000000000,750000 0003 S0003+B0001
D000114+S0011 000000000001,500000 000000000005,000000 000000000000,750000 000000000001,125000 0003 S0003+B0001
D000114+S0014 000000000001,500000 000000000005,000000 000000000000,750000 000000000001,125000 0003 S0003+B0001
D000114+S0018 000000000000,900000 000000000004,000000 000000000000,300000 000000000000,270000 0003 S0003+B0001
D000115+S0001 000000000002,000000 000000000003,000000 000000000000,750000 000000000001,500000 0003 S0003+B0001
D000115+S0002 000000000002,000000 000000000001,000000 000000000000,750000 000000000001,500000 0003 S0003+B0001
D000115+S0005 000000000001,000000 000000000001,000000 000000000000,750000 000000000000,750000 0003 S0003+B0001
D000115+S0007 000000000002,000000 000000000003,000000 000000000000,000000 000000000000,000000 0003 S0003+B0001
D000115+S0008 000000000001,000000 000000000001,000000 000000000000,750000 000000000000,750000 0003 S0003+B0001
D000115+S0009 000000000001,500000 000000000004,000000 000000000000,750000 000000000001,125000 0003 S0003+B0001
D000115+S0011 000000000000,900000 000000000003,000000 000000000000,750000 000000000000,675000 0003 S0003+B0001
D000116+S0001 000000000001,000000 000000000001,000000 000000000000,750000 000000000000,750000 0003 S0003+B0001
D000116+S0002 000000000002,000000 000000000002,000000 000000000000,750000 000000000001,500000 0003 S0003+B0001
D000116+S0005 000000000002,000000 000000000003,000000 000000000000,750000 000000000001,500000 0003 S0003+B0001
D000116+S0006 000000000001,000000 000000000001,000000 000000000000,750000 000000000000,750000 0003 S0003+B0001
D000116+S0011 000000000000,700000 000000000003,000000 000000000000,750000 000000000000,525000 0003 S0003+B0001
D000117+S0005 000000000001,500000 000000000001,000000 000000000000,750000 000000000001,125000 0003 S0003+B0001
D000117+S0006 000000000002,900000 000000000003,000000 000000000000,750000 000000000002,175000 0003 S0003+B0001
D000117+S0007 000000000001,000000 000000000001,000000 000000000000,750000 000000000000,750000 0003 S0003+B0001
D000117+S0011 000000000003,700000 000000000004,000000 000000000000,750000 000000000002,775000 0003 S0003+B0001
D000118+S0005 000000000003,700000 000000000004,000000 000000000000,750000 000000000002,775000 0003 S0003+B0001
D000118+S0006 000000000001,200000 000000000002,000000 000000000000,750000 000000000000,900000 0003 S0003+B0001
D000118+S0007 000000000004,000000 000000000002,000000 000000000000,750000 000000000003,000000 0003 S0003+B0001
D000118+S0011 000000000001,500000 000000000004,000000 000000000000,750000 000000000001,125000 0003 S0003+B0001
D000118+S0018 000000000001,700000 000000000006,000000 000000000000,300000 000000000000,510000 0003 S0003+B0001
D000118+S0019 000000000001,000000 000000000001,000000 000000000000,000000 000000000000,000000 0003 S0003+B0001
D000119+S0001 000000000002,000000 000000000004,000000 000000000000,750000 000000000001,500000 0003 S0003+B0005
D000119+S0003 000000000003,000000 000000000005,000000 000000000000,300000 000000000000,900000 0003 S0003+B0005
D000119+S0009 000000000004,900000 000000000044,000000 000000000000,750000 000000000003,675000 0003 S0003+B0005
D000119+S0011 000000000008,700000 000000000132,000000 000000000000,750000 000000000006,525000 0003 S0003+B0005
D000119+S0013 000000000000,900000 000000000045,000000 000000000000,000000 000000000000,000000 0003 S0003+B0005
D000119+S0015 000000000000,400000 000000000007,000000 000000000000,000000 000000000000,000000 0003 S0003+B0005
D000119+S0021 000000000002,900000 000000000012,000000 000000000000,000000 000000000000,000000 0003 S0003+B0005
