000001 09 0001,000 0001,000 000000000003,700000 000000000003,700000 françois  s     0004 S0004+B0001
000002 09 0001,000 0001,000 000000000004,400000 000000000004,400000 françois  s     0004 S0004+B0001
000003 12 0001,000 0001,000 000000000008,000000 000000000008,000000 françois  s     0004 S0004+B0001
000004 12 0001,000 0001,000 000000000005,300000 000000000005,300000 françois  s     0004 S0004+B0001
000005 14 0001,000 0001,000 000000000003,600000 000000000003,600000 françois  s     0004 S0004+B0001
000006 14 0001,000 0001,000 000000000003,300000 000000000003,300000 françois  s     0004 S0004+B0001
000007 19 0001,000 0001,000 000000000004,500000 000000000004,500000 françois  s     0004 S0004+B0001
000008 19 0001,000 0001,000 000000000004,900000 000000000004,900000 françois  s     0004 S0004+B0001
000009 29 0001,000 0001,000 000000000006,600000 000000000006,600000 françois  s     0004 S0004+B0001
000010 29 0001,000 0001,000 000000000005,599999 000000000005,599999 françois  s     0004 S0004+B0001
000011 04 0001,000 0001,000 000000000003,900000 000000000003,900000 françois  s     0004 S0004+B0002
000012 04 0001,000 0001,000 000000000004,300000 000000000004,300000 françois  s     0004 S0004+B0002
000013 01 0001,000 0001,000 000000000004,900000 000000000004,900000 françois  s     0004 S0004+B0002
000014 01 0001,000 0001,000 000000000005,300000 000000000005,300000 françois  s     0004 S0004+B0002
000015 09 0001,000 0001,000 000000000005,700000 000000000005,700000 françois  s     0004 S0004+B0002
000016 09 0001,000 0001,000 000000000005,900000 000000000005,900000 françois  s     0004 S0004+B0002
000017 12 0001,000 0001,000 000000000007,099999 000000000007,099999 françois  s     0004 S0004+B0002
000018 12 0001,000 0001,000 000000000005,000000 000000000005,000000 françois  s     0004 S0004+B0002
000019 14 0001,000 0001,000 000000000005,700000 000000000005,700000 françois  s     0004 S0004+B0002
000020 14 0001,000 0001,000 000000000004,500000 000000000004,500000 françois  s     0004 S0004+B0002
000021 19 0001,000 0001,000 000000000004,700000 000000000004,700000 françois  s     0004 S0004+B0002
000022 19 0001,000 0001,000 000000000006,800000 000000000006,800000 françois  s     0004 S0004+B0002
000023 22 0001,000 0001,000 000000000006,300000 000000000006,300000 françois  s     0004 S0004+B0002
000024 22 0001,000 0001,000 000000000005,100000 000000000005,100000 françois  s     0004 S0004+B0002
000025 29 0001,000 0001,000 000000000003,700000 000000000003,700000 françois  s     0004 S0004+B0002
000026 29 0001,000 0001,000 000000000005,600000 000000000005,600000 françois  s     0004 S0004+B0002
000027 03 0001,000 0001,000 000000000017,000000 000000000017,000000 dan gonibilal   0008 S0011+B0001
000028 03 0001,000 0001,000 000000000014,500000 000000000014,500000 dan gonibilal   0008 S0011+B0001
000029 05 0001,000 0001,000 000000000010,000000 000000000010,000000 dan gonibilal   0008 S0011+B0001
000030 05 0001,000 0001,000 000000000013,000000 000000000013,000000 dan gonibilal   0008 S0011+B0001
000031 06 0001,000 0001,000 000000000005,500000 000000000005,500000 dan gonibilal   0008 S0011+B0001
000032 06 0001,000 0001,000 000000000009,000000 000000000009,000000 dan gonibilal   0008 S0011+B0001
000033 08 0001,000 0001,000 000000000009,500000 000000000009,500000 dan gonibilal   0008 S0011+B0001
000034 08 0001,000 0001,000 000000000011,500000 000000000011,500000 dan gonibilal   0008 S0011+B0001
000035 11 0001,000 0001,000 000000000015,500000 000000000015,500000 dan gonibilal   0008 S0011+B0001
000036 11 0001,000 0001,000 000000000014,500000 000000000014,500000 dan gonibilal   0008 S0011+B0001
000037 17 0001,000 0001,000 000000000019,500000 000000000019,500000 dan gonibilal   0008 S0011+B0001
000038 17 0001,000 0001,000 000000000012,000000 000000000012,000000 dan gonibilal   0008 S0011+B0001
000039 28 0001,000 0001,000 000000000011,500000 000000000011,500000 dan gonibilal   0008 S0011+B0001
000040 28 0001,000 0001,000 000000000004,000000 000000000004,000000 dan gonibilal   0008 S0011+B0001
000041 31 0001,000 0001,000 000000000015,500000 000000000015,500000 dan gonibilal   0008 S0011+B0001
000042 31 0001,000 0001,000 000000000012,500000 000000000012,500000 dan gonibilal   0008 S0011+B0001
000043 02 0001,000 0001,000 000000000038,500000 000000000038,500000 Ibrahim niandou 0008 S0012+B0001
000044 02 0001,000 0001,000 000000000016,500000 000000000016,500000 Ibrahim niandou 0008 S0012+B0001
000045 07 0001,000 0001,000 000000000032,500000 000000000032,500000 Ibrahim niandou 0008 S0012+B0001
000046 07 0001,000 0001,000 000000000020,000000 000000000020,000000 Ibrahim niandou 0008 S0012+B0001
000047 12 0001,000 0001,000 000000000008,500000 000000000008,500000 Ibrahim niandou 0008 S0012+B0001
000048 12 0001,000 0001,000 000000000005,000000 000000000005,000000 Ibrahim niandou 0008 S0012+B0001
000049 18 0001,000 0001,000 000000000035,500000 000000000035,500000 Ibrahim niandou 0008 S0012+B0001
000050 18 0001,000 0001,000 000000000021,500000 000000000021,500000 Ibrahim niandou 0008 S0012+B0001
000051 21 0001,000 0001,000 000000000026,000000 000000000026,000000 Ibrahim niandou 0008 S0012+B0001
000052 21 0001,000 0001,000 000000000020,500000 000000000020,500000 Ibrahim niandou 0008 S0012+B0001
000053 26 0001,000 0001,000 000000000047,000000 000000000047,000000 Ibrahim niandou 0008 S0012+B0001
000054 26 0001,000 0001,000 000000000023,500000 000000000023,500000 Ibrahim niandou 0008 S0012+B0001
000055 29 0001,000 0001,000 000000000013,000000 000000000013,000000 Ibrahim niandou 0008 S0012+B0001
000056 29 0001,000 0001,000 000000000021,000000 000000000021,000000 Ibrahim niandou 0008 S0012+B0001
000057 31 0001,000 0001,000 000000000035,000000 000000000035,000000 Ibrahim niandou 0008 S0012+B0001
000058 31 0001,000 0001,000 000000000013,000000 000000000013,000000 Ibrahim niandou 0008 S0012+B0001
000059 02 0001,000 0001,000 000000000002,000000 000000000002,000000 soumaila Arzika 0008 S0013+B0003
000060 02 0001,000 0001,000 000000000002,500000 000000000002,500000 soumaila Arzika 0008 S0013+B0003
000061 06 0001,000 0001,000 000000000000,500000 000000000000,500000 soumaila Arzika 0008 S0013+B0003
000062 06 0001,000 0001,000 000000000001,700000 000000000001,700000 soumaila Arzika 0008 S0013+B0003
000063 12 0001,000 0001,000 000000000007,000000 000000000007,000000 soumaila Arzika 0008 S0013+B0003
000064 12 0001,000 0001,000 000000000005,000000 000000000005,000000 soumaila Arzika 0008 S0013+B0003
000065 14 0001,000 0001,000 000000000002,000000 000000000002,000000 soumaila Arzika 0008 S0013+B0003
000066 14 0001,000 0001,000 000000000006,000000 000000000006,000000 soumaila Arzika 0008 S0013+B0003
000067 18 0001,000 0001,000 000000000013,500000 000000000013,500000 soumaila Arzika 0008 S0013+B0003
000068 18 0001,000 0001,000 000000000001,500000 000000000001,500000 soumaila Arzika 0008 S0013+B0003
000069 19 0001,000 0001,000 000000000009,000000 000000000009,000000 soumaila Arzika 0008 S0013+B0003
000070 19 0001,000 0001,000 000000000008,000000 000000000008,000000 soumaila Arzika 0008 S0013+B0003
000071 27 0001,000 0001,000 000000000009,000000 000000000009,000000 soumaila Arzika 0008 S0013+B0003
000072 27 0001,000 0001,000 000000000012,000000 000000000012,000000 soumaila Arzika 0008 S0013+B0003
000073 29 0001,000 0001,000 000000000014,000000 000000000014,000000 soumaila Arzika 0008 S0013+B0003
000074 29 0001,000 0001,000 000000000002,000000 000000000002,000000 soumaila Arzika 0008 S0013+B0003
000075 02 0001,000 0001,000 000000000005,000000 000000000005,000000 Mounkila Amadou 0005 S0008+B0001
000076 02 0001,000 0001,000 000000000001,500000 000000000001,500000 Mounkila Amadou 0005 S0008+B0001
000077 09 0001,000 0001,000 000000000004,000000 000000000004,000000 Mounkila Amadou 0005 S0008+B0001
000078 09 0001,000 0001,000 000000000003,000000 000000000003,000000 Mounkila Amadou 0005 S0008+B0001
000079 09 0001,000 0001,000 000000000002,500000 000000000002,500000 Mounkila Amadou 0005 S0008+B0001
000080 09 0001,000 0001,000 000000000002,500000 000000000002,500000 Mounkila Amadou 0005 S0008+B0001
000081 10 0001,000 0001,000 000000000005,000000 000000000005,000000 Mounkila Amadou 0005 S0008+B0001
000082 10 0001,000 0001,000 000000000003,000000 000000000003,000000 Mounkila Amadou 0005 S0008+B0001
000083 17 0001,000 0001,000 000000000001,000000 000000000001,000000 Mounkila Amadou 0005 S0008+B0001
000084 17 0001,000 0001,000 000000000002,000000 000000000002,000000 Mounkila Amadou 0005 S0008+B0001
000085 22 0001,000 0001,000 000000000002,000000 000000000002,000000 Mounkila Amadou 0005 S0008+B0001
000086 22 0001,000 0001,000 000000000002,500000 000000000002,500000 Mounkila Amadou 0005 S0008+B0001
000087 25 0001,000 0001,000 000000000003,500000 000000000003,500000 Mounkila Amadou 0005 S0008+B0001
000088 25 0001,000 0001,000 000000000004,500000 000000000004,500000 Mounkila Amadou 0005 S0008+B0001
000089 29 0001,000 0001,000 000000000000,500000 000000000000,500000 Mounkila Amadou 0005 S0008+B0001
000090 29 0001,000 0001,000 000000000003,500000 000000000003,500000 Mounkila Amadou 0005 S0008+B0001
000091 02 0001,000 0001,000 000000000002,000000 000000000002,000000 Mounkila Amadou 0005 S0007+B0001
000092 02 0001,000 0001,000 000000000002,500000 000000000002,500000 Mounkila Amadou 0005 S0007+B0001
000093 09 0001,000 0001,000 000000000000,000000 000000000000,000000 Mounkila Amadou 0005 S0007+B0001
000094 09 0001,000 0001,000 000000000000,500000 000000000000,500000 Mounkila Amadou 0005 S0007+B0001
000095 10 0001,000 0001,000 000000000007,500000 000000000007,500000 Mounkila Amadou 0005 S0007+B0001
000096 10 0001,000 0001,000 000000000006,000000 000000000006,000000 Mounkila Amadou 0005 S0007+B0001
000097 03 0001,000 0000,500 000000000001,500000 000000000001,500000 AboubakarKasou  0006 S0009+B0005
000098 03 0001,000 0000,500 000000000002,000000 000000000002,000000 AboubakarKasou  0006 S0009+B0005
000099 04 0001,000 0000,500 000000000003,000000 000000000003,000000 AboubakarKasou  0006 S0009+B0005
000100 04 0001,000 0000,500 000000000002,500000 000000000002,500000 AboubakarKasou  0006 S0009+B0005
000101 05 0001,000 0000,500 000000000002,750000 000000000002,750000 AboubakarKasou  0006 S0009+B0005
000102 05 0001,000 0000,500 000000000001,500000 000000000001,500000 AboubakarKasou  0006 S0009+B0005
000103 14 0001,000 0000,500 000000000002,500000 000000000002,500000 AboubakarKasou  0006 S0009+B0005
000104 14 0001,000 0000,500 000000000003,000000 000000000003,000000 AboubakarKasou  0006 S0009+B0005
000105 15 0001,000 0000,500 000000000003,500000 000000000003,500000 AboubakarKasou  0006 S0009+B0005
000106 15 0001,000 0000,500 000000000001,500000 000000000001,500000 AboubakarKasou  0006 S0009+B0005
000107 23 0001,000 0000,500 000000000002,000000 000000000002,000000 AboubakarKasou  0006 S0009+B0005
000108 23 0001,000 0000,500 000000000001,500000 000000000001,500000 AboubakarKasou  0006 S0009+B0005
000109 24 0001,000 0000,500 000000000001,000000 000000000001,000000 AboubakarKasou  0006 S0009+B0005
000110 24 0001,000 0000,500 000000000002,500000 000000000002,500000 AboubakarKasou  0006 S0009+B0005
000111 26 0001,000 0001,000 000000000004,300000 000000000004,300000 Issaka Hamidou  0003 S0003+B0001
000112 26 0001,000 0001,000 000000000009,200000 000000000009,200000 Issaka Hamidou  0003 S0003+B0001
000113 16 0001,000 0001,000 000000000006,400000 000000000006,400000 Issaka Hamidou  0003 S0003+B0001
000114 16 0001,000 0001,000 000000000011,100000 000000000011,100000 Issaka Hamidou  0003 S0003+B0001
000115 10 0001,000 0001,000 000000000010,400000 000000000010,400000 Issaka Hamidou  0003 S0003+B0001
000116 10 0001,000 0001,000 000000000006,700000 000000000006,700000 Issaka Hamidou  0003 S0003+B0001
000117 02 0001,000 0001,000 000000000009,100000 000000000009,100000 Issaka Hamidou  0003 S0003+B0001
000118 02 0001,000 0001,000 000000000013,100000 000000000013,100000 Issaka Hamidou  0003 S0003+B0001
000119 25 0001,000 0000,500 000000000022,799999 000000000022,799999 Issaka Hamidou  0003 S0003+B0005
000120 25 0001,000 0000,500 000000000030,600000 000000000030,600000 Issaka Hamidou  0003 S0003+B0005
000121 15 0001,000 0000,500 000000000022,100000 000000000022,100000 Issaka Hamidou  0003 S0003+B0005
000122 15 0001,000 0000,500 000000000018,400000 000000000018,400000 Issaka Hamidou  0003 S0003+B0005
000123 11 0001,000 0000,500 000000000024,000000 000000000024,000000 Issaka Hamidou  0003 S0003+B0005
000124 11 0001,000 0000,500 000000000034,400002 000000000034,400002 Issaka Hamidou  0003 S0003+B0005
000125 03 0001,000 0000,500 000000000025,700001 000000000025,700001 Issaka Hamidou  0003 S0003+B0005
000126 03 0001,000 0000,500 000000000031,900000 000000000031,900000 Issaka Hamidou  0003 S0003+B0005
