D000001+S0001 000000000000,700000 000000000001,000000 000000000000,750000 000000000000,525000 0003 S0003+B0001
D000001+S0008 000000000003,200000 000000000028,000000 000000000000,750000 000000000002,400000 0003 S0003+B0001
D000001+S0009 000000000004,300000 000000000022,000000 000000000000,750000 000000000003,225000 0003 S0003+B0001
D000001+S0011 000000000002,000000 000000000013,000000 000000000000,750000 000000000001,500000 0003 S0003+B0001
D000001+S0018 000000000000,600000 000000000008,000000 000000000000,750000 000000000000,450000 0003 S0003+B0001
D000002+S0009 000000000001,000000 000000000014,000000 000000000000,750000 000000000000,750000 0003 S0003+B0001
D000002+S0011 000000000001,100000 000000000006,000000 000000000000,750000 000000000000,825000 0003 S0003+B0001
D000002+S0018 000000000000,800000 000000000012,000000 000000000000,750000 000000000000,600000 0003 S0003+B0001
D000002+S0021 000000000000,200000 000000000004,000000 000000000000,450000 000000000000,090000 0003 S0003+B0001
D000003+S0008 000000000001,500000 000000000013,000000 000000000000,750000 000000000001,125000 0003 S0003+B0001
D000003+S0009 000000000000,200000 000000000002,000000 000000000000,750000 000000000000,150000 0003 S0003+B0001
D000003+S0011 000000000000,300000 000000000006,000000 000000000000,750000 000000000000,225000 0003 S0003+B0001
D000003+S0018 000000000002,300000 000000000023,000000 000000000000,750000 000000000001,725000 0003 S0003+B0001
D000003+S0019 000000000000,700000 000000000003,000000 000000000000,750000 000000000000,525000 0003 S0003+B0001
D000003+S0020 000000000000,700000 000000000001,000000 000000000000,750000 000000000000,525000 0003 S0003+B0001
D000004+S0007 000000000002,060000 000000000006,000000 000000000000,750000 000000000001,545000 0003 S0003+B0001
D000004+S0009 000000000001,000000 000000000011,000000 000000000000,450000 000000000000,450000 0003 S0003+B0001
D000004+S0011 000000000001,700000 000000000020,000000 000000000000,750000 000000000001,275000 0003 S0003+B0001
D000004+S0013 000000000000,200000 000000000012,000000 000000000000,350000 000000000000,070000 0003 S0003+B0001
D000004+S0018 000000000000,200000 000000000004,000000 000000000000,250000 000000000000,050000 0003 S0003+B0001
D000005+S0008 000000000000,300000 000000000004,000000 000000000000,250000 000000000000,075000 0003 S0003+B0001
D000005+S0011 000000000000,300000 000000000004,000000 000000000000,250000 000000000000,075000 0003 S0003+B0001
D000005+S0018 000000000000,500000 000000000007,000000 000000000000,450000 000000000000,225000 0003 S0003+B0001
D000006+S0008 000000000004,600000 000000000021,000000 000000000000,350000 000000000001,610000 0003 S0003+B0001
D000006+S0009 000000000000,200000 000000000002,000000 000000000000,450000 000000000000,090000 0003 S0003+B0001
D000006+S0011 000000000001,200000 000000000002,000000 000000000000,350000 000000000000,420000 0003 S0003+B0001
D000006+S0013 000000000000,100000 000000000005,000000 000000000000,050000 000000000000,005000 0003 S0003+B0001
D000007+S0004 000000000001,000000 000000000001,000000 000000000000,350000 000000000000,350000 0003 S0003+B0001
D000007+S0006 000000000000,400000 000000000004,000000 000000000000,250000 000000000000,100000 0003 S0003+B0001
D000007+S0008 000000000000,200000 000000000002,000000 000000000000,250000 000000000000,050000 0003 S0003+B0001
D000007+S0009 000000000000,500000 000000000006,000000 000000000000,350000 000000000000,175000 0003 S0003+B0001
D000007+S0011 000000000000,400000 000000000007,000000 000000000000,250000 000000000000,100000 0003 S0003+B0001
D000007+S0018 000000000000,020000 000000000001,000000 000000000000,100000 000000000000,002000 0003 S0003+B0001
D000007+S0019 000000000000,100000 000000000001,000000 000000000000,100000 000000000000,010000 0003 S0003+B0001
D000007+S0021 000000000000,050000 000000000001,000000 000000000000,025000 000000000000,001250 0003 S0003+B0001
D000008+S0008 000000000002,600000 000000000021,000000 000000000000,450000 000000000001,170000 0003 S0003+B0002
D000008+S0009 000000000003,000000 000000000004,000000 000000000000,750000 000000000002,250000 0003 S0003+B0002
D000008+S0013 000000000001,500000 000000000005,000000 000000000000,350000 000000000000,525000 0003 S0003+B0002
D000009+S0008 000000000001,000000 000000000011,000000 000000000000,450000 000000000000,450000 0003 S0003+B0002
D000009+S0009 000000000002,300000 000000000013,000000 000000000000,750000 000000000001,725000 0003 S0003+B0002
D000009+S0011 000000000000,500000 000000000001,000000 000000000000,750000 000000000000,375000 0003 S0003+B0002
D000009+S0013 000000000000,300000 000000000005,000000 000000000000,350000 000000000000,105000 0003 S0003+B0002
D000010+S0004 000000000000,200000 000000000003,000000 000000000000,250000 000000000000,050000 0003 S0003+B0002
D000010+S0008 000000000000,200000 000000000004,000000 000000000000,500000 000000000000,100000 0003 S0003+B0002
D000010+S0009 000000000004,300000 000000000069,000000 000000000000,350000 000000000001,505000 0003 S0003+B0002
D000010+S0011 000000000000,030000 000000000000,000000 000000000000,450000 000000000000,013500 0003 S0003+B0002
D000011+S0004 000000000000,500000 000000000001,000000 000000000000,250000 000000000000,125000 0003 S0003+B0002
D000011+S0008 000000000003,000000 000000000025,000000 000000000000,500000 000000000001,500000 0003 S0003+B0002
D000011+S0009 000000000006,000000 000000000036,000000 000000000000,350000 000000000002,100000 0003 S0003+B0002
D000011+S0011 000000000002,000000 000000000013,000000 000000000000,450000 000000000000,900000 0003 S0003+B0002
D000011+S0018 000000000000,500000 000000000004,000000 000000000000,250000 000000000000,125000 0003 S0003+B0002
D000011+S0019 000000000000,500000 000000000001,000000 000000000000,250000 000000000000,125000 0003 S0003+B0002
D000012+S0008 000000000003,000000 000000000011,000000 000000000000,500000 000000000001,500000 0003 S0003+B0002
D000012+S0009 000000000002,900000 000000000014,000000 000000000003,500000 000000000010,150000 0003 S0003+B0002
D000012+S0011 000000000000,400000 000000000005,000000 000000000000,450000 000000000000,180000 0003 S0003+B0002
D000012+S0020 000000000001,700000 000000000002,000000 000000000000,750000 000000000001,275000 0003 S0003+B0002
D000013+S0001 000000000000,800000 000000000000,000000 000000000000,750000 000000000000,600000 0003 S0003+B0002
D000013+S0008 000000000000,800000 000000000013,000000 000000000000,300000 000000000000,240000 0003 S0003+B0002
D000013+S0009 000000000003,700000 000000000035,000000 000000000000,650000 000000000002,405000 0003 S0003+B0002
D000013+S0011 000000000000,200000 000000000004,000000 000000000000,450000 000000000000,090000 0003 S0003+B0002
D000014+S0008 000000000001,600000 000000000013,000000 000000000000,300000 000000000000,480000 0003 S0003+B0002
D000014+S0009 000000000001,500000 000000000026,000000 000000000000,650000 000000000000,975000 0003 S0003+B0002
D000015+S0008 000000000001,300000 000000000014,000000 000000000000,350000 000000000000,455000 0003 S0003+B0002
D000015+S0009 000000000002,500000 000000000008,000000 000000000000,750000 000000000001,875000 0003 S0003+B0002
D000015+S0018 000000000000,200000 000000000002,000000 000000000000,750000 000000000000,150000 0003 S0003+B0002
D000015+S0021 000000000000,100000 000000000001,000000 000000000000,250000 000000000000,025000 0003 S0003+B0002
D000016+S0001 000000000000,500000 000000000001,000000 000000000000,750000 000000000000,375000 0003 S0003+B0002
D000016+S0008 000000000001,600000 000000000012,000000 000000000000,350000 000000000000,560000 0003 S0003+B0002
D000016+S0009 000000000005,100000 000000000032,000000 000000000000,750000 000000000003,825000 0003 S0003+B0002
D000016+S0011 000000000001,000000 000000000003,000000 000000000000,750000 000000000000,750000 0003 S0003+B0002
D000016+S0020 000000000000,500000 000000000001,000000 000000000000,450000 000000000000,225000 0003 S0003+B0002
D000017+S0008 000000000001,300000 000000000006,000000 000000000000,350000 000000000000,455000 0003 S0003+B0002
D000017+S0009 000000000004,800000 000000000020,000000 000000000000,750000 000000000003,600000 0003 S0003+B0002
D000017+S0011 000000000000,500000 000000000007,000000 000000000000,750000 000000000000,375000 0003 S0003+B0002
D000017+S0020 000000000000,500000 000000000001,000000 000000000000,500000 000000000000,250000 0003 S0003+B0002
D000018+S0008 000000000002,500000 000000000013,000000 000000000000,900000 000000000002,250000 0003 S0003+B0002
D000018+S0009 000000000001,050000 000000000007,000000 000000000000,750000 000000000000,787500 0003 S0003+B0002
D000019+S0008 000000000000,900000 000000000008,000000 000000000000,450000 000000000000,405000 0003 S0003+B0003
D000019+S0009 000000000000,200000 000000000006,000000 000000000000,450000 000000000000,090000 0003 S0003+B0003
D000019+S0010 000000000006,000000 000000000001,000000 000000000000,750000 000000000004,500000 0003 S0003+B0003
D000019+S0011 000000000000,500000 000000000003,000000 000000000000,750000 000000000000,375000 0003 S0003+B0003
D000019+S0017 000000000003,000000 000000000001,000000 000000000001,250000 000000000003,750000 0003 S0003+B0003
D000019+S0018 000000000000,500000 000000000005,000000 000000000000,350000 000000000000,175000 0003 S0003+B0003
D000020+S0002 000000000002,500000 000000000006,000000 000000000000,000000 000000000000,000000 0004 S0004+B0001
D000020+S0011 000000000003,400000 000000000005,000000 000000000000,000000 000000000000,000000 0004 S0004+B0001
D000020+S0015 000000000001,200000 000000000004,000000 000000000000,000000 000000000000,000000 0004 S0004+B0001
D000020+S0017 000000000003,000000 000000000002,000000 000000000000,000000 000000000000,000000 0004 S0004+B0001
D000020+S0021 000000000006,000000 000000000088,000000 000000000000,000000 000000000000,000000 0004 S0004+B0001
D000021+S0011 000000000004,500000 000000000094,000000 000000000000,000000 000000000000,000000 0004 S0004+B0001
D000022+S0011 000000000003,500000 000000000067,000000 000000000000,000000 000000000000,000000 0004 S0004+B0001
D000022+S0016 000000000001,500000 000000000001,000000 000000000000,000000 000000000000,000000 0004 S0004+B0001
D000023+S0011 000000000001,200000 000000000009,000000 000000000000,000000 000000000000,000000 0004 S0004+B0001
D000023+S0013 000000000003,000000 000000000017,000000 000000000000,000000 000000000000,000000 0004 S0004+B0001
D000024+S0011 000000000002,400000 000000000028,000000 000000000000,000000 000000000000,000000 0004 S0004+B0001
D000024+S0013 000000000003,000000 000000000017,000000 000000000000,000000 000000000000,000000 0004 S0004+B0001
D000025+S0004 000000000003,000000 000000000001,000000 000000000000,000000 000000000000,000000 0004 S0004+B0003
D000025+S0005 000000000005,000000 000000000001,000000 000000000000,000000 000000000000,000000 0004 S0004+B0003
D000026+S0011 000000000006,200000 000000000102,000000 000000000000,000000 000000000000,000000 0004 S0004+B0003
D000026+S0017 000000000001,600000 000000000003,000000 000000000000,000000 000000000000,000000 0004 S0004+B0003
D000027+S0005 000000000006,000000 000000000002,000000 000000000000,000000 000000000000,000000 0004 S0004+B0003
D000027+S0011 000000000007,000000 000000000096,000000 000000000000,000000 000000000000,000000 0004 S0004+B0003
D000027+S0021 000000000008,000000 000000000101,000000 000000000000,000000 000000000000,000000 0004 S0004+B0003
D000028+S0005 000000000009,000000 000000000001,000000 000000000001,100000 000000000009,900000 0004 S0004+B0002
D000028+S0008 000000000001,200000 000000000001,000000 000000000000,000000 000000000000,000000 0004 S0004+B0002
D000028+S0009 000000000007,500000 000000000226,000000 000000000000,000000 000000000000,000000 0004 S0004+B0002
D000028+S0015 000000000015,700000 000000000375,000000 000000000000,625000 000000000009,812500 0004 S0004+B0002
D000028+S0017 000000000001,500000 000000000001,000000 000000000001,325000 000000000001,987500 0004 S0004+B0002
D000029+S0009 000000000003,000000 000000000081,000000 000000000000,000000 000000000000,000000 0004 S0004+B0002
D000029+S0018 000000000009,000000 000000000174,000000 000000000000,700000 000000000006,300000 0004 S0004+B0002
D000030+S0008 000000000002,400000 000000000006,000000 000000000000,000000 000000000000,000000 0004 S0004+B0002
D000030+S0011 000000000004,000000 000000000066,000000 000000000000,000000 000000000000,000000 0004 S0004+B0002
D000030+S0018 000000000005,200000 000000000083,000000 000000000000,000000 000000000000,000000 0004 S0004+B0002
D000030+S0021 000000000011,000000 000000000119,000000 000000000000,000000 000000000000,000000 0004 S0004+B0002
D000031+S0008 000000000002,500000 000000000014,000000 000000000000,000000 000000000000,000000 0004 S0004+B0002
D000031+S0009 000000000003,500000 000000000073,000000 000000000000,000000 000000000000,000000 0004 S0004+B0002
D000031+S0015 000000000009,400000 000000000185,000000 000000000000,000000 000000000000,000000 0004 S0004+B0002
D000031+S0016 000000000001,000000 000000000003,000000 000000000000,000000 000000000000,000000 0004 S0004+B0002
D000031+S0021 000000000004,000000 000000000081,000000 000000000000,000000 000000000000,000000 0004 S0004+B0002
D000032+S0009 000000000002,500000 000000000018,000000 000000000000,117000 000000000000,292500 0005 S0008+B0001
D000032+S0013 000000000003,500000 000000000108,000000 000000000000,117000 000000000000,409500 0005 S0008+B0001
D000033+S0013 000000000002,000000 000000000053,000000 000000000000,000000 000000000000,000000 0005 S0008+B0001
D000034+S0008 000000000003,000000 000000000040,000000 000000000000,195000 000000000000,585000 0005 S0008+B0001
D000034+S0011 000000000002,500000 000000000025,000000 000000000000,195000 000000000000,487500 0005 S0008+B0001
D000034+S0016 000000000001,000000 000000000001,000000 000000000000,000000 000000000000,000000 0005 S0008+B0001
D000034+S0018 000000000002,500000 000000000023,000000 000000000000,195000 000000000000,487500 0005 S0008+B0001
D000035+S0008 000000000001,500000 000000000005,000000 000000000000,215000 000000000000,322500 0005 S0008+B0001
D000035+S0009 000000000001,500000 000000000018,000000 000000000000,215000 000000000000,322500 0005 S0008+B0001
D000035+S0011 000000000002,000000 000000000004,000000 000000000000,000000 000000000000,000000 0005 S0008+B0001
D000035+S0016 000000000001,000000 000000000001,000000 000000000000,000000 000000000000,000000 0005 S0008+B0001
D000035+S0018 000000000001,000000 000000000001,000000 000000000000,215000 000000000000,215000 0005 S0008+B0001
D000036+S0007 000000000000,750000 000000000006,000000 000000000000,460000 000000000000,345000 0005 S0008+B0001
D000036+S0016 000000000000,500000 000000000003,000000 000000000000,460000 000000000000,230000 0005 S0008+B0001
D000036+S0020 000000000001,500000 000000000033,000000 000000000000,460000 000000000000,690000 0005 S0008+B0001
D000037+S0006 000000000000,750000 000000000006,000000 000000000000,429000 000000000000,321750 0005 S0008+B0001
D000037+S0008 000000000001,000000 000000000007,000000 000000000000,429000 000000000000,429000 0005 S0008+B0001
D000038+S0008 000000000005,000000 000000000022,000000 000000000000,000000 000000000000,000000 0005 S0008+B0001
D000038+S0011 000000000001,500000 000000000011,000000 000000000000,000000 000000000000,000000 0005 S0008+B0001
D000039+S0008 000000000002,000000 000000000019,000000 000000000000,000000 000000000000,000000 0005 S0008+B0001
D000039+S0009 000000000002,500000 000000000033,000000 000000000000,000000 000000000000,000000 0005 S0008+B0001
D000039+S0011 000000000002,500000 000000000018,000000 000000000000,000000 000000000000,000000 0005 S0008+B0001
D000039+S0018 000000000001,000000 000000000069,000000 000000000000,000000 000000000000,000000 0005 S0008+B0001
D000051+S0008 000000000001,500000 000000000026,000000 000000000000,000000 000000000000,000000 0005 S0008+B0001
D000051+S0009 000000000002,500000 000000000066,000000 000000000000,000000 000000000000,000000 0005 S0008+B0001
D000051+S0015 000000000002,000000 000000000036,000000 000000000000,000000 000000000000,000000 0005 S0008+B0001
D000052+S0021 000000000001,000000 000000000020,000000 000000000000,000000 000000000000,000000 0005 S0007+B0001
D000053+S0006 000000000001,500000 000000000003,000000 000000000000,333000 000000000000,499500 0005 S0007+B0001
D000053+S0007 000000000002,000000 000000000004,000000 000000000000,333000 000000000000,666000 0005 S0007+B0001
D000053+S0008 000000000001,500000 000000000002,000000 000000000000,000000 000000000000,000000 0005 S0007+B0001
D000053+S0009 000000000001,000000 000000000002,000000 000000000000,334000 000000000000,334000 0005 S0007+B0001
D000054+S0008 000000000001,000000 000000000005,000000 000000000000,000000 000000000000,000000 0005 S0007+B0001
D000054+S0015 000000000000,500000 000000000002,000000 000000000000,583000 000000000000,291500 0005 S0007+B0001
D000054+S0021 000000000001,500000 000000000044,000000 000000000000,583000 000000000000,874500 0005 S0007+B0001
D000055+S0018 000000000001,000000 000000000012,000000 000000000000,000000 000000000000,000000 0005 S0007+B0001
D000055+S0021 000000000001,500000 000000000040,000000 000000000000,000000 000000000000,000000 0005 S0007+B0001
D000056+S0007 000000000001,500000 000000000006,000000 000000000000,667000 000000000001,000500 0005 S0007+B0001
D000056+S0015 000000000001,000000 000000000007,000000 000000000000,667000 000000000000,667000 0005 S0007+B0001
D000056+S0018 000000000002,000000 000000000015,000000 000000000000,667000 000000000001,334000 0005 S0007+B0001
D000057+S0007 000000000001,000000 000000000003,000000 000000000000,357000 000000000000,357000 0005 S0007+B0001
D000057+S0015 000000000001,500000 000000000012,000000 000000000000,357000 000000000000,535500 0005 S0007+B0001
D000057+S0018 000000000001,000000 000000000010,000000 000000000000,357000 000000000000,357000 0005 S0007+B0001
D000058+S0011 000000000002,000000 000000000013,000000 000000000000,000000 000000000000,000000 0005 S0007+B0001
D000058+S0018 000000000002,000000 000000000015,000000 000000000000,000000 000000000000,000000 0005 S0007+B0001
D000059+S0008 000000000001,500000 000000000004,000000 000000000000,000000 000000000000,000000 0005 S0007+B0001
D000059+S0015 000000000002,500000 000000000051,000000 000000000000,000000 000000000000,000000 0005 S0007+B0001
D000059+S0018 000000000001,000000 000000000004,000000 000000000000,000000 000000000000,000000 0005 S0007+B0001
D000060+S0011 000000000002,000000 000000000011,000000 000000000000,000000 000000000000,000000 0005 S0007+B0001
D000060+S0018 000000000000,750000 000000000005,000000 000000000000,000000 000000000000,000000 0005 S0007+B0001
D000040+S0008 000000000001,500000 000000000010,000000 000000000000,000000 000000000000,000000 0005 S0008+B0001
D000040+S0009 000000000001,500000 000000000038,000000 000000000000,000000 000000000000,000000 0005 S0008+B0001
D000040+S0011 000000000001,000000 000000000019,000000 000000000000,000000 000000000000,000000 0005 S0008+B0001
D000040+S0013 000000000001,500000 000000000021,000000 000000000000,000000 000000000000,000000 0005 S0008+B0001
D000041+S0005 000000000002,500000 000000000001,000000 000000000000,000000 000000000000,000000 0005 S0008+B0001
D000041+S0008 000000000002,000000 000000000012,000000 000000000000,000000 000000000000,000000 0005 S0008+B0001
D000041+S0015 000000000002,500000 000000000028,000000 000000000000,000000 000000000000,000000 0005 S0008+B0001
D000042+S0008 000000000001,000000 000000000006,000000 000000000000,389000 000000000000,389000 0005 S0008+B0001
D000042+S0011 000000000001,500000 000000000017,000000 000000000000,389000 000000000000,583500 0005 S0008+B0001
D000042+S0013 000000000001,000000 000000000002,000000 000000000000,000000 000000000000,000000 0005 S0008+B0001
D000042+S0018 000000000001,000000 000000000014,000000 000000000000,389000 000000000000,389000 0005 S0008+B0001
D000043+S0008 000000000002,000000 000000000001,000000 000000000000,000000 000000000000,000000 0005 S0008+B0001
D000043+S0010 000000000001,000000 000000000012,000000 000000000000,000000 000000000000,000000 0005 S0008+B0001
D000043+S0011 000000000001,000000 000000000007,000000 000000000000,000000 000000000000,000000 0005 S0008+B0001
D000044+S0005 000000000000,500000 000000000001,000000 000000000000,000000 000000000000,000000 0005 S0008+B0001
D000044+S0008 000000000000,750000 000000000005,000000 000000000000,000000 000000000000,000000 0005 S0008+B0001
D000044+S0011 000000000001,000000 000000000017,000000 000000000000,000000 000000000000,000000 0005 S0008+B0001
D000044+S0021 000000000000,500000 000000000011,000000 000000000000,000000 000000000000,000000 0005 S0008+B0001
D000045+S0007 000000000002,000000 000000000014,000000 000000000000,000000 000000000000,000000 0005 S0008+B0001
D000045+S0008 000000000001,000000 000000000003,000000 000000000000,000000 000000000000,000000 0005 S0008+B0001
D000045+S0009 000000000001,500000 000000000014,000000 000000000000,000000 000000000000,000000 0005 S0008+B0001
D000045+S0011 000000000001,500000 000000000024,000000 000000000000,000000 000000000000,000000 0005 S0008+B0001
D000046+S0008 000000000000,500000 000000000013,000000 000000000000,000000 000000000000,000000 0005 S0008+B0001
D000046+S0011 000000000001,000000 000000000014,000000 000000000000,000000 000000000000,000000 0005 S0008+B0001
D000046+S0021 000000000000,500000 000000000023,000000 000000000000,000000 000000000000,000000 0005 S0008+B0001
D000047+S0007 000000000000,500000 000000000003,000000 000000000000,000000 000000000000,000000 0005 S0008+B0001
D000047+S0008 000000000002,000000 000000000013,000000 000000000000,000000 000000000000,000000 0005 S0008+B0001
D000048+S0011 000000000001,000000 000000000007,000000 000000000000,172000 000000000000,172000 0005 S0008+B0001
D000048+S0021 000000000000,750000 000000000008,000000 000000000000,172000 000000000000,129000 0005 S0008+B0001
D000049+S0021 000000000001,250000 000000000015,000000 000000000000,160000 000000000000,200000 0005 S0008+B0001
D000050+S0011 000000000001,500000 000000000033,000000 000000000000,000000 000000000000,000000 0005 S0008+B0001
D000050+S0015 000000000000,500000 000000000002,000000 000000000000,000000 000000000000,000000 0005 S0008+B0001
D000050+S0018 000000000001,000000 000000000001,000000 000000000000,000000 000000000000,000000 0005 S0008+B0001
D000061+S0011 000000000000,500000 000000000006,000000 000000000000,000000 000000000000,000000 0005 S0007+B0001
D000061+S0018 000000000001,500000 000000000001,600000 000000000000,000000 000000000000,000000 0005 S0007+B0001
D000061+S0021 000000000001,600000 000000000026,000000 000000000000,000000 000000000000,000000 0005 S0007+B0001
D000062+S0006 000000000003,000000 000000000001,000000 000000000000,000000 000000000000,000000 0005 S0007+B0001
D000062+S0018 000000000002,000000 000000000011,000000 000000000000,000000 000000000000,000000 0005 S0007+B0001
D000063+S0007 000000000001,000000 000000000001,000000 000000000000,000000 000000000000,000000 0005 S0007+B0001
D000063+S0011 000000000001,500000 000000000013,000000 000000000000,000000 000000000000,000000 0005 S0007+B0001
D000063+S0021 000000000002,500000 000000000138,000000 000000000000,000000 000000000000,000000 0005 S0007+B0001
D000064+S0019 000000000004,250000 000000000001,000000 000000000000,759000 000000000003,225750 0005 S0007+B0001
D000065+S0011 000000000002,000000 000000000017,000000 000000000000,778000 000000000001,556000 0005 S0007+B0001
D000065+S0021 000000000002,500000 000000000039,000000 000000000000,778000 000000000001,945000 0005 S0007+B0001
D000066+S0012 000000000001,500000 000000000015,000000 000000000000,000000 000000000000,000000 0005 S0007+B0001
D000066+S0016 000000000000,500000 000000000007,000000 000000000000,000000 000000000000,000000 0005 S0007+B0001
D000067+S0011 000000000001,000000 000000000018,000000 000000000000,000000 000000000000,000000 0005 S0007+B0001
D000067+S0017 000000000000,500000 000000000013,000000 000000000001,000000 000000000000,500000 0005 S0007+B0001
D000070+S0015 000000000002,000000 000000000011,000000 000000000000,545000 000000000001,090000 0005 S0007+B0001
D000070+S0018 000000000000,750000 000000000008,000000 000000000000,545000 000000000000,408750 0005 S0007+B0001
D000071+S0011 000000000001,000000 000000000020,000000 000000000000,440000 000000000000,440000 0005 S0007+B0001
D000071+S0021 000000000001,500000 000000000015,000000 000000000000,440000 000000000000,660000 0005 S0007+B0001
D000072+S0019 000000000024,500000 000000000000,000000 000000000000,000000 000000000000,000000 0005 S0007+B0002
D000068+S0002 000000000000,250000 000000000001,000000 000000000000,000000 000000000000,000000 0005 S0007+B0001
D000068+S0015 000000000001,000000 000000000002,000000 000000000000,000000 000000000000,000000 0005 S0007+B0001
D000068+S0018 000000000001,000000 000000000010,000000 000000000000,000000 000000000000,000000 0005 S0007+B0001
D000108+S0003 000000000014,000000 000000000002,000000 000000000000,000000 000000000000,000000 0005 S0007+B0003
D000109+S0003 000000000004,000000 000000000001,000000 000000000000,000000 000000000000,000000 0005 S0007+B0003
D000112+S0018 000000000001,500000 000000000001,000000 000000000000,000000 000000000000,000000 0005 S0007+B0003
D000114+S0004 000000000001,000000 000000000003,000000 000000000000,500000 000000000000,500000 0008 S0013+B0003
D000114+S0017 000000000003,000000 000000000027,000000 000000000000,350000 000000000001,050000 0008 S0013+B0003
D000115+S0004 000000000000,300000 000000000001,000000 000000000000,350000 000000000000,105000 0008 S0013+B0003
D000115+S0017 000000000004,700000 000000000054,000000 000000000000,500000 000000000002,350000 0008 S0013+B0003
D000116+S0004 000000000006,600000 000000000017,000000 000000000000,500000 000000000003,300000 0008 S0013+B0003
D000116+S0017 000000000003,000000 000000000018,000000 000000000000,350000 000000000001,050000 0008 S0013+B0003
D000162+S0006 000000000001,500000 000000000030,000000 000000000000,400000 000000000000,600000 0007 S0010+B0005
D000163+S0018 000000000002,650000 000000000000,000000 000000000000,550000 000000000001,457500 0007 S0010+B0005
D000164+S0018 000000000001,300000 000000000045,000000 000000000000,450000 000000000000,585000 0007 S0010+B0005
D000165+S0009 000000000000,900000 000000000010,000000 000000000000,300000 000000000000,270000 0007 S0010+B0005
D000165+S0018 000000000000,500000 000000000007,000000 000000000000,450000 000000000000,225000 0007 S0010+B0005
D000166+S0008 000000000000,100000 000000000003,000000 000000000000,300000 000000000000,030000 0007 S0010+B0005
D000166+S0009 000000000000,900000 000000000020,000000 000000000000,400000 000000000000,360000 0007 S0010+B0005
D000166+S0011 000000000000,150000 000000000007,000000 000000000000,300000 000000000000,045000 0007 S0010+B0005
D000166+S0018 000000000000,150000 000000000002,000000 000000000000,400000 000000000000,060000 0007 S0010+B0005
D000167+S0008 000000000000,100000 000000000003,000000 000000000000,300000 000000000000,030000 0007 S0010+B0005
D000167+S0009 000000000007,200000 000000000135,000000 000000000000,400000 000000000002,880000 0007 S0010+B0005
D000167+S0011 000000000000,750000 000000000035,000000 000000000000,300000 000000000000,225000 0007 S0010+B0005
D000168+S0006 000000000003,000000 000000000082,000000 000000000000,300000 000000000000,900000 0007 S0010+B0005
D000169+S0006 000000000002,550000 000000000076,000000 000000000000,300000 000000000000,765000 0007 S0010+B0005
D000169+S0018 000000000000,800000 000000000003,000000 000000000000,400000 000000000000,320000 0007 S0010+B0005
D000170+S0006 000000000001,500000 000000000014,000000 000000000000,550000 000000000000,825000 0007 S0010+B0004
D000171+S0006 000000000001,300000 000000000015,000000 000000000000,400000 000000000000,520000 0007 S0010+B0004
D000172+S0009 000000000001,500000 000000000018,000000 000000000000,400000 000000000000,600000 0007 S0010+B0004
D000140+S0004 000000000002,500000 000000000007,000000 000000000000,225000 000000000000,562500 0008 S0011+B0002
D000140+S0015 000000000003,500000 000000000032,000000 000000000000,125000 000000000000,437500 0008 S0011+B0002
D000141+S0009 000000000005,500000 000000000019,000000 000000000000,250000 000000000001,375000 0008 S0011+B0002
D000141+S0015 000000000004,000000 000000000065,000000 000000000000,125000 000000000000,500000 0008 S0011+B0002
D000142+S0017 000000000005,000000 000000000003,000000 000000000000,750000 000000000003,750000 0008 S0011+B0002
D000143+S0004 000000000008,000000 000000000012,000000 000000000000,225000 000000000001,800000 0008 S0011+B0002
D000143+S0015 000000000001,500000 000000000008,000000 000000000000,125000 000000000000,187500 0008 S0011+B0002
D000144+S0009 000000000020,000000 000000000200,000000 000000000000,225000 000000000004,500000 0008 S0011+B0002
D000144+S0017 000000000001,000000 000000000002,000000 000000000000,750000 000000000000,750000 0008 S0011+B0002
D000145+S0009 000000000025,000000 000000000120,000000 000000000000,250000 000000000006,250000 0008 S0011+B0002
D000146+S0009 000000000002,000000 000000000025,000000 000000000000,250000 000000000000,500000 0008 S0011+B0002
D000146+S0015 000000000006,500000 000000000040,000000 000000000000,125000 000000000000,812500 0008 S0011+B0002
D000147+S0004 000000000001,500000 000000000009,000000 000000000000,225000 000000000000,337500 0008 S0011+B0002
D000147+S0009 000000000005,000000 000000000008,000000 000000000000,250000 000000000001,250000 0008 S0011+B0002
D000147+S0017 000000000001,500000 000000000003,000000 000000000000,750000 000000000001,125000 0008 S0011+B0002
D000148+S0009 000000000005,500000 000000000150,000000 000000000000,250000 000000000001,375000 0008 S0011+B0002
D000148+S0017 000000000001,000000 000000000003,000000 000000000000,750000 000000000000,750000 0008 S0011+B0002
D000149+S0009 000000000012,000000 000000000530,000000 000000000000,250000 000000000003,000000 0008 S0011+B0002
D000150+S0009 000000000014,000000 000000000250,000000 000000000000,250000 000000000003,500000 0008 S0011+B0002
D000150+S0015 000000000002,000000 000000000013,000000 000000000000,125000 000000000000,250000 0008 S0011+B0002
D000117+S0004 000000000004,000000 000000000016,000000 000000000000,500000 000000000002,000000 0008 S0013+B0003
D000117+S0017 000000000002,200000 000000000008,000000 000000000000,350000 000000000000,770000 0008 S0013+B0003
D000118+S0004 000000000002,000000 000000000003,000000 000000000000,500000 000000000001,000000 0008 S0013+B0003
D000118+S0017 000000000001,000000 000000000003,000000 000000000000,350000 000000000000,350000 0008 S0013+B0003
D000119+S0004 000000000002,100000 000000000003,000000 000000000000,500000 000000000001,050000 0008 S0013+B0003
D000119+S0017 000000000002,000000 000000000019,000000 000000000000,350000 000000000000,700000 0008 S0013+B0003
D000120+S0004 000000000004,700000 000000000012,000000 000000000000,500000 000000000002,350000 0008 S0013+B0003
D000120+S0017 000000000002,150000 000000000011,000000 000000000000,350000 000000000000,752500 0008 S0013+B0003
D000121+S0004 000000000004,500000 000000000010,000000 000000000000,500000 000000000002,250000 0008 S0013+B0003
D000121+S0017 000000000003,600000 000000000013,000000 000000000000,350000 000000000001,260000 0008 S0013+B0003
D000122+S0004 000000000005,600000 000000000012,000000 000000000000,500000 000000000002,800000 0008 S0013+B0003
D000122+S0017 000000000004,800000 000000000021,000000 000000000000,350000 000000000001,680000 0008 S0013+B0003
D000123+S0004 000000000003,000000 000000000006,000000 000000000000,500000 000000000001,500000 0008 S0013+B0003
D000123+S0017 000000000003,700000 000000000016,000000 000000000000,350000 000000000001,295000 0008 S0013+B0003
D000124+S0004 000000000006,000000 000000000017,000000 000000000000,500000 000000000003,000000 0008 S0013+B0003
D000124+S0017 000000000003,000000 000000000014,000000 000000000000,350000 000000000001,050000 0008 S0013+B0003
D000125+S0004 000000000003,000000 000000000007,000000 000000000000,500000 000000000001,500000 0008 S0013+B0003
D000125+S0017 000000000002,000000 000000000008,000000 000000000000,350000 000000000000,700000 0008 S0013+B0003
D000126+S0004 000000000007,000000 000000000022,000000 000000000000,500000 000000000003,500000 0008 S0013+B0003
D000126+S0017 000000000004,900000 000000000021,000000 000000000000,350000 000000000001,715000 0008 S0013+B0003
D000127+S0004 000000000004,600000 000000000014,000000 000000000000,500000 000000000002,300000 0008 S0013+B0003
D000127+S0017 000000000002,000000 000000000008,000000 000000000000,350000 000000000000,700000 0008 S0013+B0003
D000128+S0004 000000000005,000000 000000000014,000000 000000000000,500000 000000000002,500000 0008 S0013+B0003
D000128+S0017 000000000003,000000 000000000018,000000 000000000000,350000 000000000001,050000 0008 S0013+B0003
D000129+S0004 000000000003,000000 000000000006,000000 000000000000,500000 000000000001,500000 0008 S0013+B0003
D000129+S0017 000000000001,500000 000000000008,000000 000000000000,350000 000000000000,525000 0008 S0013+B0003
D000130+S0009 000000000020,000000 000000000300,000000 000000000000,125000 000000000002,500000 0008 S0011+B0005
D000131+S0009 000000000003,000000 000000000058,000000 000000000000,125000 000000000000,375000 0008 S0011+B0005
D000131+S0015 000000000001,500000 000000000006,000000 000000000000,125000 000000000000,187500 0008 S0011+B0005
D000132+S0009 000000000010,000000 000000000040,000000 000000000000,250000 000000000002,500000 0008 S0011+B0005
D000133+S0009 000000000005,000000 000000000049,000000 000000000000,250000 000000000001,250000 0008 S0011+B0005
D000133+S0015 000000000001,500000 000000000013,000000 000000000000,125000 000000000000,187500 0008 S0011+B0005
D000134+S0009 000000000012,000000 000000000120,000000 000000000000,250000 000000000003,000000 0008 S0011+B0005
D000135+S0009 000000000012,000000 000000000320,000000 000000000000,250000 000000000003,000000 0008 S0011+B0005
D000136+S0009 000000000010,000000 000000000083,000000 000000000000,250000 000000000002,500000 0008 S0011+B0005
D000137+S0009 000000000006,500000 000000000125,000000 000000000000,137000 000000000000,893750 0008 S0011+B0005
D000138+S0009 000000000040,000000 000000000250,000000 000000000000,225000 000000000009,000000 0008 S0011+B0002
D000138+S0017 000000000002,000000 000000000003,000000 000000000000,750000 000000000001,500000 0008 S0011+B0002
D000139+S0009 000000000035,000000 000000000200,000000 000000000000,225000 000000000007,875000 0008 S0011+B0002
D000139+S0017 000000000005,000000 000000000002,000000 000000000000,750000 000000000003,750000 0008 S0011+B0002
D000151+S0004 000000000005,500000 000000000008,000000 000000000000,225000 000000000001,237500 0008 S0011+B0002
D000151+S0015 000000000003,000000 000000000013,000000 000000000000,125000 000000000000,375000 0008 S0011+B0002
D000152+S0009 000000000008,000000 000000000150,000000 000000000000,375000 000000000003,000000 0008 S0011+B0002
D000153+S0004 000000000002,500000 000000000014,000000 000000000000,125000 000000000000,312500 0008 S0011+B0002
D000153+S0009 000000000003,500000 000000000021,000000 000000000000,375000 000000000001,312500 0008 S0011+B0002
D000154+S0009 000000000001,000000 000000000038,000000 000000000000,300000 000000000000,300000 0007 S0010+B0005
D000154+S0018 000000000002,550000 000000000066,000000 000000000000,400000 000000000001,020000 0007 S0010+B0005
D000155+S0006 000000000002,000000 000000000092,000000 000000000000,300000 000000000000,600000 0007 S0010+B0005
D000155+S0018 000000000001,800000 000000000028,000000 000000000000,400000 000000000000,720000 0007 S0010+B0005
D000156+S0006 000000000003,500000 000000000062,000000 000000000000,400000 000000000001,400000 0007 S0010+B0005
D000156+S0011 000000000000,500000 000000000020,000000 000000000000,300000 000000000000,150000 0007 S0010+B0005
D000157+S0018 000000000002,000000 000000000010,000000 000000000000,400000 000000000000,800000 0007 S0010+B0005
D000158+S0018 000000000002,500000 000000000050,000000 000000000000,400000 000000000001,000000 0007 S0010+B0005
D000159+S0009 000000000002,000000 000000000049,000000 000000000000,300000 000000000000,600000 0007 S0010+B0005
D000159+S0011 000000000000,800000 000000000016,000000 000000000000,300000 000000000000,240000 0007 S0010+B0005
D000160+S0006 000000000002,550000 000000000045,000000 000000000000,300000 000000000000,765000 0007 S0010+B0005
D000160+S0013 000000000000,080000 000000000001,000000 000000000000,300000 000000000000,024000 0007 S0010+B0005
D000160+S0018 000000000000,350000 000000000005,000000 000000000000,300000 000000000000,105000 0007 S0010+B0005
D000161+S0006 000000000001,450000 000000000033,000000 000000000000,300000 000000000000,435000 0007 S0010+B0005
D000173+S0006 000000000002,000000 000000000023,000000 000000000000,475000 000000000000,950000 0007 S0010+B0004
D000174+S0004 000000000000,400000 000000000002,000000 000000000000,550000 000000000000,220000 0007 S0010+B0004
D000174+S0006 000000000000,300000 000000000002,000000 000000000000,550000 000000000000,165000 0007 S0010+B0004
D000174+S0011 000000000000,200000 000000000003,000000 000000000000,450000 000000000000,090000 0007 S0010+B0004
D000174+S0017 000000000000,350000 000000000002,000000 000000000000,750000 000000000000,262500 0007 S0010+B0004
D000174+S0018 000000000000,200000 000000000001,000000 000000000000,550000 000000000000,110000 0007 S0010+B0004
D000174+S0021 000000000000,050000 000000000001,000000 000000000000,000000 000000000000,000000 0007 S0010+B0004
D000175+S0006 000000000000,450000 000000000006,000000 000000000000,400000 000000000000,180000 0007 S0010+B0004
D000176+S0006 000000000000,900000 000000000003,000000 000000000000,400000 000000000000,360000 0007 S0010+B0003
D000176+S0009 000000000000,500000 000000000002,000000 000000000000,550000 000000000000,275000 0007 S0010+B0003
D000176+S0013 000000000000,100000 000000000003,000000 000000000000,300000 000000000000,030000 0007 S0010+B0003
D000177+S0018 000000000001,800000 000000000020,000000 000000000000,500000 000000000000,900000 0007 S0010+B0003
D000178+S0018 000000000000,800000 000000000002,000000 000000000000,500000 000000000000,400000 0007 S0010+B0003
D000179+S0018 000000000000,900000 000000000004,000000 000000000000,500000 000000000000,450000 0007 S0010+B0003
D000180+S0006 000000000000,900000 000000000004,000000 000000000000,300000 000000000000,270000 0007 S0010+B0003
D000180+S0017 000000000001,200000 000000000005,000000 000000000000,550000 000000000000,660000 0007 S0010+B0003
D000181+S0018 000000000001,850000 000000000006,000000 000000000000,400000 000000000000,740000 0007 S0010+B0003
D000182+S0004 000000000002,750000 000000000004,000000 000000000000,000000 000000000000,000000 0007 S0010+B0003
D000182+S0006 000000000000,600000 000000000006,000000 000000000000,000000 000000000000,000000 0007 S0010+B0003
D000182+S0021 000000000000,050000 000000000001,000000 000000000000,000000 000000000000,000000 0007 S0010+B0003
D000183+S0004 000000000002,500000 000000000000,000000 000000000000,000000 000000000000,000000 0007 S0010+B0003
D000183+S0006 000000000000,600000 000000000006,000000 000000000000,000000 000000000000,000000 0007 S0010+B0003
D000183+S0021 000000000000,350000 000000000005,000000 000000000000,000000 000000000000,000000 0007 S0010+B0003
D000184+S0004 000000000003,450000 000000000038,000000 000000000000,550000 000000000001,897500 0007 S0010+B0003
D000185+S0004 000000000001,850000 000000000018,000000 000000000000,550000 000000000001,017500 0007 S0010+B0003
D000185+S0006 000000000000,560000 000000000004,000000 000000000000,300000 000000000000,168000 0007 S0010+B0003
D000186+S0018 000000000002,500000 000000000001,000000 000000000001,100000 000000000002,750000 0007 S0010+B0003
D000187+S0006 000000000000,950000 000000000023,000000 000000000000,400000 000000000000,380000 0007 S0010+B0003
D000188+S0006 000000000001,000000 000000000042,000000 000000000000,300000 000000000000,300000 0007 S0010+B0002
D000189+S0006 000000000000,800000 000000000036,000000 000000000000,300000 000000000000,240000 0007 S0010+B0002
D000189+S0017 000000000001,200000 000000000048,000000 000000000000,400000 000000000000,480000 0007 S0010+B0002
D000190+S0006 000000000001,800000 000000000014,000000 000000000000,000000 000000000000,000000 0007 S0010+B0002
D000191+S0009 000000000002,850000 000000000050,000000 000000000000,300000 000000000000,855000 0007 S0010+B0002
D000192+S0009 000000000002,500000 000000000014,000000 000000000000,300000 000000000000,750000 0007 S0010+B0002
D000193+S0009 000000000002,000000 000000000056,000000 000000000000,450000 000000000000,900000 0007 S0010+B0002
D000193+S0018 000000000000,150000 000000000002,000000 000000000000,600000 000000000000,090000 0007 S0010+B0002
D000194+S0006 000000000000,090000 000000000002,000000 000000000000,300000 000000000000,027000 0007 S0010+B0002
D000194+S0009 000000000001,050000 000000000000,000000 000000000000,000000 000000000000,000000 0007 S0010+B0002
D000195+S0006 000000000000,900000 000000000010,000000 000000000000,550000 000000000000,495000 0007 S0010+B0002
D000195+S0011 000000000000,500000 000000000004,000000 000000000000,300000 000000000000,150000 0007 S0010+B0002
D000195+S0018 000000000000,050000 000000000001,000000 000000000000,300000 000000000000,015000 0007 S0010+B0002
D000196+S0009 000000000001,900000 000000000102,000000 000000000000,300000 000000000000,570000 0007 S0010+B0002
D000197+S0006 000000000001,200000 000000000038,000000 000000000000,300000 000000000000,360000 0007 S0010+B0002
D000198+S0006 000000000000,400000 000000000002,000000 000000000000,300000 000000000000,120000 0007 S0010+B0001
D000198+S0009 000000000000,170000 000000000001,000000 000000000000,450000 000000000000,076500 0007 S0010+B0001
D000198+S0011 000000000000,250000 000000000004,000000 000000000000,400000 000000000000,100000 0007 S0010+B0001
D000198+S0017 000000000000,700000 000000000005,000000 000000000000,300000 000000000000,210000 0007 S0010+B0001
D000199+S0004 000000000000,170000 000000000001,000000 000000000000,000000 000000000000,000000 0007 S0010+B0001
D000199+S0006 000000000000,650000 000000000007,000000 000000000000,350000 000000000000,227500 0007 S0010+B0001
D000199+S0013 000000000000,100000 000000000002,000000 000000000000,300000 000000000000,030000 0007 S0010+B0001
D000199+S0017 000000000000,500000 000000000011,000000 000000000000,300000 000000000000,150000 0007 S0010+B0001
D000199+S0021 000000000000,700000 000000000005,000000 000000000000,300000 000000000000,210000 0007 S0010+B0001
D000200+S0004 000000000000,850000 000000000001,000000 000000000000,300000 000000000000,255000 0007 S0010+B0001
D000200+S0006 000000000000,150000 000000000001,000000 000000000000,300000 000000000000,045000 0007 S0010+B0001
D000200+S0009 000000000000,750000 000000000004,000000 000000000000,550000 000000000000,412500 0007 S0010+B0001
D000201+S0009 000000000003,200000 000000000011,000000 000000000000,550000 000000000001,760000 0007 S0010+B0001
D000201+S0017 000000000000,050000 000000000001,000000 000000000000,300000 000000000000,015000 0007 S0010+B0001
D000201+S0018 000000000000,200000 000000000001,000000 000000000000,350000 000000000000,070000 0007 S0010+B0001
D000202+S0006 000000000000,050000 000000000001,000000 000000000000,000000 000000000000,000000 0007 S0010+B0001
D000202+S0009 000000000000,250000 000000000003,000000 000000000000,000000 000000000000,000000 0007 S0010+B0001
D000202+S0011 000000000000,100000 000000000001,000000 000000000000,000000 000000000000,000000 0007 S0010+B0001
D000202+S0017 000000000000,200000 000000000002,000000 000000000000,000000 000000000000,000000 0007 S0010+B0001
D000203+S0006 000000000002,500000 000000000000,000000 000000000000,000000 000000000000,000000 0007 S0010+B0001
D000203+S0011 000000000000,200000 000000000002,000000 000000000000,000000 000000000000,000000 0007 S0010+B0001
D000203+S0013 000000000000,050000 000000000002,000000 000000000000,000000 000000000000,000000 0007 S0010+B0001
D000203+S0017 000000000000,200000 000000000002,000000 000000000000,000000 000000000000,000000 0007 S0010+B0001
D000203+S0021 000000000000,005000 000000000002,000000 000000000000,000000 000000000000,000000 0007 S0010+B0001
D000204+S0009 000000000001,650000 000000000011,000000 000000000000,550000 000000000000,907500 0007 S0010+B0001
D000205+S0006 000000000001,050000 000000000019,000000 000000000000,550000 000000000000,577500 0007 S0010+B0001
D000205+S0009 000000000000,800000 000000000013,000000 000000000000,400000 000000000000,320000 0007 S0010+B0001
D000206+S0009 000000000000,400000 000000000002,000000 000000000000,550000 000000000000,220000 0007 S0010+B0001
D000206+S0017 000000000000,050000 000000000001,000000 000000000001,100000 000000000000,055000 0007 S0010+B0001
D000206+S0018 000000000000,300000 000000000003,000000 000000000000,400000 000000000000,120000 0007 S0010+B0001
D000206+S0021 000000000000,050000 000000000001,000000 000000000000,400000 000000000000,020000 0007 S0010+B0001
D000207+S0006 000000000001,090000 000000000003,000000 000000000000,300000 000000000000,327000 0007 S0010+B0001
D000207+S0009 000000000001,500000 000000000038,000000 000000000000,450000 000000000000,675000 0007 S0010+B0001
D000208+S0006 000000000001,500000 000000000040,000000 000000000000,550000 000000000000,825000 0007 S0010+B0001
D000208+S0009 000000000001,000000 000000000005,000000 000000000000,550000 000000000000,550000 0007 S0010+B0001
D000209+S0009 000000000000,400000 000000000020,000000 000000000000,550000 000000000000,220000 0007 S0010+B0001
D000209+S0017 000000000000,050000 000000000001,000000 000000000001,100000 000000000000,055000 0007 S0010+B0001
D000209+S0018 000000000000,300000 000000000003,000000 000000000000,400000 000000000000,120000 0007 S0010+B0001
D000210+S0006 000000000002,050000 000000000079,000000 000000000000,350000 000000000000,717500 0007 S0010+B0001
D000210+S0009 000000000000,350000 000000000004,000000 000000000000,350000 000000000000,122500 0007 S0010+B0001
