000001 20 0001,000 0000,500 000000000040,099998 000000000040,099998 Issaka Hamidou  0003 S0003+B0005
000002 20 0001,000 0000,500 000000000031,299999 000000000031,299999 Issaka Hamidou  0003 S0003+B0005
000003 15 0001,000 0000,500 000000000005,400000 000000000005,400000 Issaka Hamidou  0003 S0003+B0005
000004 15 0001,000 0000,500 000000000012,700000 000000000012,700000 Issaka Hamidou  0003 S0003+B0005
000005 13 0001,000 0000,500 000000000006,005001 000000000006,005001 Issaka Hamidou  0003 S0003+B0005
000006 13 0001,000 0000,500 000000000019,809999 000000000019,809999 Issaka Hamidou  0003 S0003+B0005
000007 28 0001,000 0000,500 000000000004,450000 000000000004,450000 Issaka Hamidou  0003 S0003+B0005
000008 28 0001,000 0000,500 000000000004,850000 000000000004,850000 Issaka Hamidou  0003 S0003+B0005
000009 27 0001,000 0000,500 000000000005,500000 000000000005,500000 Issaka Hamidou  0003 S0003+B0005
000010 27 0001,000 0000,500 000000000012,300000 000000000012,300000 Issaka Hamidou  0003 S0003+B0005
000011 15 0001,000 0001,000 000000000010,720000 000000000010,720000 Issaka Hamidou  0003 S0003+B0001
000012 15 0001,000 0001,000 000000000002,665000 000000000002,665000 Issaka Hamidou  0003 S0003+B0001
000013 13 0001,000 0001,000 000000000002,615000 000000000002,615000 Issaka Hamidou  0003 S0003+B0001
000014 13 0001,000 0001,000 000000000005,400000 000000000005,400000 Issaka Hamidou  0003 S0003+B0001
000015 20 0001,000 0001,000 000000000019,900000 000000000019,900000 Issaka Hamidou  0003 S0003+B0001
000016 20 0001,000 0001,000 000000000014,300000 000000000014,300000 Issaka Hamidou  0003 S0003+B0001
000017 22 0001,000 0001,000 000000000008,800000 000000000008,800000 Issaka Hamidou  0003 S0003+B0001
000018 22 0001,000 0001,000 000000000016,450001 000000000016,450001 Issaka Hamidou  0003 S0003+B0001
000019 06 0001,000 0000,500 000000000003,800000 000000000003,800000 Issaka Hamidou  0003 S0003+B0001
000020 06 0001,000 0000,500 000000000002,030000 000000000002,030000 Issaka Hamidou  0003 S0003+B0001
000021 05 0001,000 0000,500 000000000009,630000 000000000009,630000 Issaka Hamidou  0003 S0003+B0001
000022 05 0001,000 0000,500 000000000002,120000 000000000002,120000 Issaka Hamidou  0003 S0003+B0001
000023 07 0001,000 0000,500 000000000008,970000 000000000008,970000 Issaka Hamidou  0003 S0003+B0001
000024 07 0001,000 0000,500 000000000017,200001 000000000017,200001 Issaka Hamidou  0003 S0003+B0001
000025 09 0001,000 0000,500 000000000002,990000 000000000002,990000 Issaka Hamidou  0003 S0003+B0001
000026 09 0001,000 0000,500 000000000000,001000 000000000000,001000 Issaka Hamidou  0003 S0003+B0001
000027 27 0001,000 0000,500 000000000006,650000 000000000006,650000 Issaka Hamidou  0003 S0003+B0001
000028 27 0001,000 0000,500 000000000005,400000 000000000005,400000 Issaka Hamidou  0003 S0003+B0001
000029 28 0001,000 0000,500 000000000004,800000 000000000004,800000 Issaka Hamidou  0003 S0003+B0001
000030 28 0001,000 0000,500 000000000007,400000 000000000007,400000 Issaka Hamidou  0003 S0003+B0001
000031 30 0001,000 0001,000 000000000004,800000 000000000004,800000 François S.     0004 S0004+B0001
000032 30 0001,000 0001,000 000000000005,500000 000000000005,500000 François S.     0004 S0004+B0001
000033 26 0001,000 0001,000 000000000004,900000 000000000004,900000 François S.     0004 S0004+B0001
000034 26 0001,000 0001,000 000000000003,500000 000000000003,500000 François S.     0004 S0004+B0001
000035 24 0001,000 0001,000 000000000004,200000 000000000004,200000 François S.     0004 S0004+B0001
000036 24 0001,000 0001,000 000000000002,400000 000000000002,400000 François S.     0004 S0004+B0001
000037 18 0001,000 0001,000 000000000005,400000 000000000005,400000 François S.     0004 S0004+B0001
000038 18 0001,000 0001,000 000000000009,600000 000000000009,600000 François S.     0004 S0004+B0001
000039 16 0001,000 0001,000 000000000005,100000 000000000005,100000 François S.     0004 S0004+B0001
000040 16 0001,000 0001,000 000000000008,100000 000000000008,100000 François S.     0004 S0004+B0001
000041 13 0001,000 0001,000 000000000010,700000 000000000010,700000 François S.     0004 S0004+B0001
000042 13 0001,000 0001,000 000000000004,900000 000000000004,900000 François S.     0004 S0004+B0001
000043 09 0001,000 0001,000 000000000009,299999 000000000009,299999 François S.     0004 S0004+B0001
000044 09 0001,000 0001,000 000000000004,600000 000000000004,600000 François S.     0004 S0004+B0001
000045 05 0001,000 0001,000 000000000003,500000 000000000003,500000 François S.     0004 S0004+B0001
000046 05 0001,000 0001,000 000000000007,400000 000000000007,400000 François S.     0004 S0004+B0001
000047 02 0001,000 0001,000 000000000008,799999 000000000008,799999 François S.     0004 S0004+B0001
000048 02 0001,000 0001,000 000000000008,599999 000000000008,599999 François S.     0004 S0004+B0001
000049 18 0001,000 0001,000 000000000010,000000 000000000010,000000 Abdoulaye S.    0004 S0005+B0001
000050 18 0001,000 0001,000 000000000010,000000 000000000010,000000 Abdoulaye S.    0004 S0005+B0001
000051 02 0001,000 0000,500 000000000009,500000 000000000009,500000 Abdoulaye S.    0004 S0005+B0001
000052 02 0001,000 0001,000 000000000004,000000 000000000004,000000 Abdoulaye S.    0004 S0005+B0001
000053 22 0001,000 0001,000 000000000002,000000 000000000002,000000 Abdoulaye S.    0004 S0005+B0001
000054 22 0001,000 0001,000 000000000007,000000 000000000007,000000 Abdoulaye S.    0004 S0005+B0001
000055 27 0001,000 0001,000 000000000007,000000 000000000007,000000 Abdoulaye S.    0004 S0005+B0001
000056 27 0001,000 0001,000 000000000005,000000 000000000005,000000 Abdoulaye S.    0004 S0005+B0001
000057 18 0001,000 0000,500 000000000015,000000 000000000015,000000 Abdoulaye S.    0004 S0005+B0005
000058 18 0001,000 0000,500 000000000040,000000 000000000040,000000 Abdoulaye S.    0004 S0005+B0005
000059 02 0001,000 0001,000 000000000025,000000 000000000025,000000 Abdoulaye S.    0004 S0005+B0005
000060 02 0001,000 0001,000 000000000050,000000 000000000050,000000 Abdoulaye S.    0004 S0005+B0005
000061 22 0001,000 0001,000 000000000070,000000 000000000070,000000 Abdoulaye S.    0004 S0005+B0005
000062 22 0001,000 0001,000 000000000050,000000 000000000050,000000 Abdoulaye S.    0004 S0005+B0005
000063 29 0001,000 0001,000 000000000007,000000 000000000007,000000 Abdoulaye S.    0004 S0005+B0005
000064 29 0001,000 0001,000 000000000010,000000 000000000010,000000 Abdoulaye S.    0004 S0005+B0005
000065 27 0001,000 0001,000 000000000010,000000 000000000010,000000 Abdoulaye S.    0004 S0005+B0005
000066 27 0001,000 0001,000 000000000004,000000 000000000004,000000 Abdoulaye S.    0004 S0005+B0005
000067 02 0001,000 0001,000 000000000009,000000 000000000009,000000 Abdoulaye S.    0004 S0005+B0003
000068 02 0001,000 0001,000 000000000006,000000 000000000006,000000 Abdoulaye S.    0004 S0005+B0003
000069 22 0001,000 0001,000 000000000003,000000 000000000003,000000 Abdoulaye S.    0004 S0005+B0003
000070 27 0001,000 0000,500 000000000003,000000 000000000003,000000 Abdoulaye S.    0004 S0005+B0003
000071 27 0001,000 0000,500 000000000003,000000 000000000003,000000 Abdoulaye S.    0004 S0005+B0003
000072 27 0001,000 0001,000 000000000003,500000 000000000003,500000 Amadou Moukaila 0005 S0007+B0001
000073 27 0001,000 0001,000 000000000002,600000 000000000002,600000 Amadou Moukaila 0005 S0007+B0001
000074 29 0001,000 0001,000 000000000002,500000 000000000002,500000 Amadou Moukaila 0005 S0007+B0001
000075 29 0001,000 0001,000 000000000002,000000 000000000002,000000 Amadou Moukaila 0005 S0007+B0001
000076 21 0001,000 0001,000 000000000000,500000 000000000000,500000 Amadou Moukaila 0005 S0007+B0001
000077 21 0001,000 0001,000 000000000003,000000 000000000003,000000 Amadou Moukaila 0005 S0007+B0001
000078 15 0001,000 0001,000 000000000001,000000 000000000001,000000 Amadou Moukaila 0005 S0007+B0001
000079 15 0001,000 0001,000 000000000004,000000 000000000004,000000 Amadou Moukaila 0005 S0007+B0001
000080 19 0001,000 0001,000 000000000004,000000 000000000004,000000 Amadou Moukaila 0005 S0007+B0001
000081 19 0001,000 0001,000 000000000005,000000 000000000005,000000 Amadou Moukaila 0005 S0007+B0001
000082 11 0001,000 0001,000 000000000000,500000 000000000000,500000 Amadou Moukaila 0005 S0007+B0001
000083 11 0001,000 0001,000 000000000006,500000 000000000006,500000 Amadou Moukaila 0005 S0007+B0001
000084 07 0001,000 0001,000 000000000002,500000 000000000002,500000 Amadou Moukaila 0005 S0007+B0001
000085 07 0001,000 0001,000 000000000001,000000 000000000001,000000 Amadou Moukaila 0005 S0007+B0001
000086 01 0001,000 0001,000 000000000005,000000 000000000005,000000 Amadou Moukaila 0005 S0007+B0001
000087 01 0001,000 0001,000 000000000003,500000 000000000003,500000 Amadou Moukaila 0005 S0007+B0001
000088 22 0001,000 0001,000 000000000001,000000 000000000001,000000 Amadou Moukaila 0005 S0008+B0001
000089 22 0001,000 0001,000 000000000005,000000 000000000005,000000 Amadou Moukaila 0005 S0008+B0001
000090 30 0001,000 0001,000 000000000006,000000 000000000006,000000 Amadou Moukaila 0005 S0008+B0001
000091 30 0001,000 0001,000 000000000009,000000 000000000009,000000 Amadou Moukaila 0005 S0008+B0001
000092 26 0001,000 0001,000 000000000001,500000 000000000001,500000 Amadou Moukaila 0005 S0008+B0001
000093 26 0001,000 0001,000 000000000002,000000 000000000002,000000 Amadou Moukaila 0005 S0008+B0001
000094 18 0001,000 0001,000 000000000003,000000 000000000003,000000 Amadou Moukaila 0005 S0008+B0001
000095 18 0001,000 0001,000 000000000003,500000 000000000003,500000 Amadou Moukaila 0005 S0008+B0001
000096 14 0001,000 0001,000 000000000004,500000 000000000004,500000 Amadou Moukaila 0005 S0008+B0001
000097 14 0001,000 0001,000 000000000004,000000 000000000004,000000 Amadou Moukaila 0005 S0008+B0001
000098 11 0001,000 0001,000 000000000004,500000 000000000004,500000 Amadou Moukaila 0005 S0008+B0001
000099 11 0001,000 0001,000 000000000004,500000 000000000004,500000 Amadou Moukaila 0005 S0008+B0001
000100 04 0001,000 0001,000 000000000002,000000 000000000002,000000 Amadou Moukaila 0005 S0008+B0001
000101 04 0001,000 0001,000 000000000005,500000 000000000005,500000 Amadou Moukaila 0005 S0008+B0001
000102 07 0001,000 0001,000 000000000039,000000 000000000039,000000 ???             0005 S0008+B0001
000103 07 0001,000 0001,000 000000000039,000000 000000000039,000000 Amadou Moukaila 0005 S0008+B0001
000104 07 0001,000 0001,000 000000000002,000000 000000000002,000000 Amadou Moukaila 0005 S0008+B0001
000105 25 0001,000 0001,000 000000000000,400000 000000000000,400000 Boukari Illa    0007 S0010+B0005
000106 25 0001,000 0001,000 000000000000,750000 000000000000,750000 Boukari Illa    0007 S0010+B0005
000107 20 0001,000 0001,000 000000000000,300000 000000000000,300000 Boukari Illa    0007 S0010+B0005
000108 20 0001,000 0001,000 000000000001,050000 000000000001,050000 Boukari Illa    0007 S0010+B0005
000109 26 0001,000 0001,000 000000000000,430000 000000000000,430000 Boukari Illa    0007 S0010+B0005
000110 26 0001,000 0001,000 000000000000,250000 000000000000,250000 Boukari Illa    0007 S0010+B0005
000111 07 0001,000 0001,000 000000000000,780000 000000000000,780000 Boukari Illa    0007 S0010+B0004
000112 07 0001,000 0001,000 000000000000,960000 000000000000,960000 Boukari Illa    0007 S0010+B0004
000113 11 0001,000 0001,000 000000000002,700000 000000000002,700000 Boukari Illa    0007 S0010+B0004
000114 11 0001,000 0001,000 000000000001,840000 000000000001,840000 Boukari Illa    0007 S0010+B0004
000115 14 0001,000 0001,000 000000000001,350000 000000000001,350000 Boukari Illa    0007 S0010+B0004
000116 14 0001,000 0001,000 000000000001,150000 000000000001,150000 Boukari Illa    0007 S0010+B0004
000117 17 0001,000 0001,000 000000000000,240000 000000000000,240000 Boukari Illa    0007 S0010+B0004
000118 17 0001,000 0001,000 000000000000,950000 000000000000,950000 Boukari Illa    0007 S0010+B0004
000119 20 0001,000 0001,000 000000000002,100000 000000000002,100000 Boukari Illa    0007 S0010+B0004
000120 20 0001,000 0001,000 000000000002,000000 000000000002,000000 Boukari Illa    0007 S0010+B0004
000121 25 0001,000 0001,000 000000000000,105000 000000000000,105000 Boukari Illa    0007 S0010+B0004
000122 25 0001,000 0001,000 000000000001,600000 000000000001,600000 Boukari Illa    0007 S0010+B0004
000123 26 0001,000 0001,000 000000000000,500000 000000000000,500000 Boukari Illa    0007 S0010+B0004
000124 26 0001,000 0001,000 000000000000,750000 000000000000,750000 Boukari Illa    0007 S0010+B0004
000125 04 0001,000 0001,000 000000000000,900000 000000000000,900000 Boukari Illa    0007 S0010+B0004
000126 04 0001,000 0001,000 000000000000,400000 000000000000,400000 Boukari Illa    0007 S0010+B0004
000127 04 0001,000 0001,000 000000000001,392000 000000000001,392000 Boukari Illa    0007 S0010+B0002
000128 04 0001,000 0001,000 000000000002,650000 000000000002,650000 Boukari Illa    0007 S0010+B0002
000129 07 0001,000 0001,000 000000000003,400000 000000000003,400000 Boukari Illa    0007 S0010+B0002
000130 07 0001,000 0001,000 000000000002,180000 000000000002,180000 Boukari Illa    0007 S0010+B0002
000131 11 0001,000 0001,000 000000000004,865000 000000000004,865000 Boukari Illa    0007 S0010+B0002
000132 11 0001,000 0001,000 000000000003,050000 000000000003,050000 Boukari Illa    0007 S0010+B0002
000133 14 0001,000 0001,000 000000000002,000000 000000000002,000000 Boukari Illa    0007 S0010+B0002
000134 14 0001,000 0001,000 000000000001,900000 000000000001,900000 Boukari Illa    0007 S0010+B0002
000135 17 0001,000 0001,000 000000000000,450000 000000000000,450000 Boukari Illa    0007 S0010+B0002
000136 17 0001,000 0001,000 000000000000,465000 000000000000,465000 Boukari Illa    0007 S0010+B0002
000137 20 0001,000 0001,000 000000000002,500000 000000000002,500000 Boukari Illa    0007 S0010+B0002
000138 20 0001,000 0001,000 000000000003,450000 000000000003,450000 Boukari Illa    0007 S0010+B0002
000139 25 0001,000 0001,000 000000000001,810000 000000000001,810000 Boukari Illa    0007 S0010+B0002
000140 25 0001,000 0001,000 000000000001,700000 000000000001,700000 Boukari Illa    0007 S0010+B0002
000141 26 0001,000 0001,000 000000000000,880000 000000000000,880000 Boukari Illa    0007 S0010+B0002
000142 26 0001,000 0001,000 000000000002,800000 000000000002,800000 Boukari Illa    0007 S0010+B0002
000143 25 0001,000 0001,000 000000000001,000000 000000000001,000000 Boukari Illa    0007 S0010+B0001
000144 25 0001,000 0001,000 000000000001,100000 000000000001,100000 Boukari Illa    0007 S0010+B0001
000145 26 0001,000 0001,000 000000000003,290000 000000000003,290000 Boukari Illa    0007 S0010+B0001
000146 26 0001,000 0001,000 000000000001,130000 000000000001,130000 Boukari Illa    0007 S0010+B0001
000147 04 0001,000 0001,000 000000000001,500000 000000000001,500000 Boukari Illa    0007 S0010+B0001
000148 04 0001,000 0001,000 000000000000,600000 000000000000,600000 Boukari Illa    0007 S0010+B0001
000149 07 0001,000 0001,000 000000000000,345000 000000000000,345000 Boukari Illa    0007 S0010+B0001
000150 07 0001,000 0001,000 000000000000,315000 000000000000,315000 Boukari Illa    0007 S0010+B0001
000151 11 0001,000 0001,000 000000000000,650000 000000000000,650000 Boukari Illa    0007 S0010+B0001
000152 11 0001,000 0001,000 000000000004,350000 000000000004,350000 Boukari Illa    0007 S0010+B0001
000153 14 0001,000 0001,000 000000000001,000000 000000000001,000000 Boukari Illa    0007 S0010+B0001
000154 14 0001,000 0001,000 000000000000,800000 000000000000,800000 Boukari Illa    0007 S0010+B0001
000155 17 0001,000 0001,000 000000000001,250000 000000000001,250000 Boukari Illa    0007 S0010+B0001
000156 17 0001,000 0001,000 000000000000,465000 000000000000,465000 Boukari Illa    0007 S0010+B0001
000157 20 0001,000 0001,000 000000000001,550000 000000000001,550000 Boukari Illa    0007 S0010+B0001
000158 20 0001,000 0001,000 000000000002,800000 000000000002,800000 Boukari Illa    0007 S0010+B0001
000159 06 0001,000 0001,000 000000000000,500000 000000000000,500000 Boukari Illa    0007 S0010+B0001
000160 06 0001,000 0001,000 000000000001,770000 000000000001,770000 Boukari Illa    0007 S0010+B0001
000161 03 0001,000 0000,500 000000000005,700000 000000000005,700000 Soumaila Arzika 0008 S0013+B0003
000162 03 0001,000 0001,000 000000000004,100000 000000000004,100000 Soumaila Arzika 0008 S0013+B0003
000163 06 0001,000 0001,000 000000000001,000000 000000000001,000000 Soumaila Arzika 0008 S0013+B0003
000164 06 0001,000 0001,000 000000000001,000000 000000000001,000000 Soumaila Arzika 0008 S0013+B0003
000165 09 0001,000 0001,000 000000000001,300000 000000000001,300000 Soumaila Arzika 0008 S0013+B0003
000166 09 0001,000 0001,000 000000000000,001000 000000000000,001000 Soumaila Arzika 0008 S0013+B0003
000167 14 0001,000 0000,500 000000000006,500000 000000000006,500000 Soumaila Arzika 0008 S0013+B0003
000168 14 0001,000 0001,000 000000000002,000000 000000000002,000000 Soumaila Arzika 0008 S0013+B0003
000169 17 0001,000 0001,000 000000000002,000000 000000000002,000000 Soumaila Arzika 0008 S0013+B0003
000170 17 0001,000 0000,500 000000000001,600000 000000000001,600000 Soumaila Arzika 0008 S0013+B0003
000171 19 0001,000 0000,500 000000000004,000000 000000000004,000000 Soumaila Arzika 0008 S0013+B0003
000172 19 0001,000 0000,500 000000000004,000000 000000000004,000000 Soumaila Arzika 0008 S0013+B0003
000173 22 0001,000 0001,000 000000000002,000000 000000000002,000000 Soumaila Arzika 0008 S0013+B0003
000174 22 0001,000 0001,000 000000000001,000000 000000000001,000000 Soumaila Arzika 0008 S0013+B0003
000175 28 0001,000 0001,000 000000000002,000000 000000000002,000000 Soumaila Arzika 0008 S0013+B0003
000176 28 0001,000 0001,000 000000000002,000000 000000000002,000000 Soumaila Arzika 0008 S0013+B0003
000177 30 0001,000 0000,500 000000000021,000000 000000000021,000000 Binta Niang     0008 S0011+B0002
000178 30 0001,000 0001,000 000000000011,500000 000000000011,500000 Binta Niang     0008 S0011+B0002
000179 29 0001,000 0001,000 000000000014,500000 000000000014,500000 Binta Niang     0008 S0011+B0002
000180 29 0001,000 0001,000 000000000020,000000 000000000020,000000 Binta Niang     0008 S0011+B0002
000181 23 0001,000 0001,000 000000000008,000000 000000000008,000000 Binta Niang     0008 S0011+B0002
000182 23 0001,000 0000,500 000000000021,000000 000000000021,000000 Binta Niang     0008 S0011+B0002
000183 22 0001,000 0001,000 000000000006,000000 000000000006,000000 Binta Niang     0008 S0011+B0002
000184 22 0001,000 0001,000 000000000005,000000 000000000005,000000 Binta Niang     0008 S0011+B0002
000185 16 0001,000 0000,500 000000000008,000000 000000000008,000000 Binta Niang     0008 S0011+B0002
000186 16 0001,000 0001,000 000000000004,000000 000000000004,000000 Binta Niang     0008 S0011+B0002
000187 15 0001,000 0000,500 000000000015,000000 000000000015,000000 Binta Niang     0008 S0011+B0002
000188 15 0001,000 0001,000 000000000010,000000 000000000010,000000 Binta Niang     0008 S0011+B0002
000189 08 0001,000 0001,000 000000000018,000000 000000000018,000000 Binta Niang     0008 S0011+B0002
000190 08 0001,000 0000,500 000000000014,500000 000000000014,500000 Binta Niang     0008 S0011+B0002
000191 07 0001,000 0000,500 000000000010,000000 000000000010,000000 Binta Niang     0008 S0011+B0002
000192 07 0001,000 0001,000 000000000009,500000 000000000009,500000 Binta Niang     0008 S0011+B0002
000193 30 0001,000 0001,000 000000000002,000000 000000000002,000000 Binta Niang     0008 S0011+B0004
000194 30 0001,000 0001,000 000000000004,000000 000000000004,000000 Binta Niang     0008 S0011+B0004
000195 29 0001,000 0001,000 000000000002,000000 000000000002,000000 Binta Niang     0008 S0011+B0004
000196 29 0001,000 0000,500 000000000009,500000 000000000009,500000 Binta Niang     0008 S0011+B0004
000197 23 0001,000 0001,000 000000000005,000000 000000000005,000000 Binta Niang     0008 S0011+B0004
000198 23 0001,000 0000,500 000000000013,000000 000000000013,000000 Binta Niang     0008 S0011+B0004
000199 22 0001,000 0000,500 000000000005,500000 000000000005,500000 Binta Niang     0008 S0011+B0004
000200 22 0001,000 0001,000 000000000003,000000 000000000003,000000 Binta Niang     0008 S0011+B0004
000201 16 0001,000 0001,000 000000000003,000000 000000000003,000000 Binta Niang     0008 S0011+B0004
000202 16 0001,000 0001,000 000000000009,500000 000000000009,500000 Binta Niang     0008 S0011+B0004
000203 15 0001,000 0001,000 000000000008,000000 000000000008,000000 Binta Niang     0008 S0011+B0004
000204 15 0001,000 0001,000 000000000013,000000 000000000013,000000 Binta Niang     0008 S0011+B0004
000205 08 0001,000 0001,000 000000000004,000000 000000000004,000000 Binta Niang     0008 S0011+B0004
000206 08 0001,000 0000,500 000000000018,000000 000000000018,000000 Binta Niang     0008 S0011+B0004
000207 07 0001,000 0001,000 000000000009,500000 000000000009,500000 Binta Niang     0008 S0011+B0004
000208 07 0001,000 0001,000 000000000006,500000 000000000006,500000 Binta Niang     0008 S0011+B0004
000209 30 0001,000 0001,000 000000000017,000000 000000000017,000000 Binta Niang     0008 S0011+B0001
000210 30 0001,000 0001,000 000000000008,000000 000000000008,000000 Binta Niang     0008 S0011+B0001
000211 29 0001,000 0000,500 000000000014,000000 000000000014,000000 Binta Niang     0008 S0011+B0001
000212 29 0001,000 0000,500 000000000011,000000 000000000011,000000 Binta Niang     0008 S0011+B0001
000213 23 0001,000 0001,000 000000000006,000000 000000000006,000000 Binta Niang     0008 S0011+B0001
000214 23 0001,000 0001,000 000000000009,500000 000000000009,500000 Binta Niang     0008 S0011+B0001
000215 22 0001,000 0001,000 000000000005,000000 000000000005,000000 Binta Niang     0008 S0011+B0001
000216 22 0001,000 0001,000 000000000008,000000 000000000008,000000 Binta Niang     0008 S0011+B0001
000217 16 0001,000 0001,000 000000000002,000000 000000000002,000000 Soumaila Arzika 0008 S0011+B0001
000218 16 0001,000 0001,000 000000000001,000000 000000000001,000000 Binta Niang     0008 S0011+B0001
000219 15 0001,000 0001,000 000000000002,000000 000000000002,000000 Binta Niang     0008 S0011+B0001
000220 15 0001,000 0001,000 000000000010,000000 000000000010,000000 Binta Niang     0008 S0011+B0001
000221 08 0001,000 0001,000 000000000015,000000 000000000015,000000 Binta Niang     0008 S0011+B0001
000222 08 0001,000 0001,000 000000000015,000000 000000000015,000000 Soumaila Arzika 0008 S0011+B0001
000223 07 0001,000 0001,000 000000000024,500000 000000000024,500000 Binta Niang     0008 S0011+B0001
000224 07 0001,000 0001,000 000000000016,000000 000000000016,000000 Binta Niang     0008 S0011+B0001
000225 07 0001,000 0000,500 000000000006,500000 000000000006,500000 Ibrahim Niandou 0008 S0013+B0003
000226 07 0001,000 0001,000 000000000015,000000 000000000015,000000 Soumaila Arzika 0008 S0013+B0003
000227 09 0001,000 0001,000 000000000010,500000 000000000010,500000 Ibrahim Niandou 0008 S0012+B0001
000228 09 0001,000 0000,500 000000000014,000000 000000000014,000000 Ibrahim Niandou 0008 S0012+B0001
000229 10 0001,000 0001,000 000000000010,000000 000000000010,000000 Ibrahim Niandou 0008 S0012+B0001
000230 10 0001,000 0000,500 000000000015,000000 000000000015,000000 Ibrahim Niandou 0008 S0012+B0001
000231 15 0001,000 0001,000 000000000015,000000 000000000015,000000 Ibrahim Niandou 0008 S0012+B0001
000232 15 0001,000 0000,500 000000000010,000000 000000000010,000000 Ibrahim Niandou 0008 S0012+B0001
000233 18 0001,000 0001,000 000000000009,500000 000000000009,500000 Ibrahim Niandou 0008 S0012+B0001
000234 18 0001,000 0000,500 000000000017,000000 000000000017,000000 Ibrahim Niandou 0008 S0012+B0001
000235 21 0001,000 0001,000 000000000012,000000 000000000012,000000 Ibrahim Niandou 0008 S0012+B0001
000236 21 0001,000 0000,500 000000000014,500000 000000000014,500000 Ibrahim Niandou 0008 S0012+B0001
000237 26 0001,000 0000,500 000000000010,000000 000000000010,000000 Ibrahim Niandou 0008 S0012+B0001
000238 26 0001,000 0001,000 000000000018,000000 000000000018,000000 Ibrahim Niandou 0008 S0012+B0001
000239 30 0001,000 0001,000 000000000019,000000 000000000019,000000 Ibrahim Niandou 0008 S0012+B0001
000240 30 0001,000 0000,500 000000000026,000000 000000000026,000000 Ibrahim Niandou 0008 S0012+B0001
000241 11 0001,000 0000,500 000000000002,500000 000000000002,500000 Kassoum A.      0006 S0009+B0003
000242 11 0001,000 0001,000 000000000005,500000 000000000005,500000 Kassoum A.      0006 S0009+B0003
000243 10 0001,000 0000,500 000000000001,500000 000000000001,500000 Kassoum A.      0006 S0009+B0003
000244 10 0001,000 0000,500 000000000003,000000 000000000003,000000 Kassoum A.      0006 S0009+B0003
000245 19 0001,000 0000,500 000000000006,000000 000000000006,000000 Kassoum A.      0006 S0009+B0003
000246 19 0001,000 0000,500 000000000005,000000 000000000005,000000 Kassoum A.      0006 S0009+B0003
000247 20 0001,000 0000,500 000000000004,500000 000000000004,500000 Kassoum A.      0006 S0009+B0003
000248 20 0001,000 0000,500 000000000005,500000 000000000005,500000 Kassoum A.      0006 S0009+B0003
000249 28 0001,000 0000,500 000000000003,000000 000000000003,000000 Kassoum A.      0006 S0009+B0003
000250 28 0001,000 0000,500 000000000005,000000 000000000005,000000 Kassoum A.      0006 S0009+B0003
000251 29 0001,000 0000,500 000000000006,000000 000000000006,000000 Kassoum A.      0006 S0009+B0003
000252 29 0001,000 0000,500 000000000001,000000 000000000001,000000 Kassoum A.      0006 S0009+B0003
000253 19 0001,000 0001,000 000000000004,500000 000000000004,500000 Kassoum A.      0006 S0009+B0005
000254 19 0001,000 0001,000 000000000005,000000 000000000005,000000 Kassoum A.      0006 S0009+B0005
000255 20 0001,000 0001,000 000000000003,500000 000000000003,500000 Kassoum A.      0006 S0009+B0005
000256 20 0001,000 0001,000 000000000002,750000 000000000002,750000 Kassoum A.      0006 S0009+B0005
000257 28 0001,000 0001,000 000000000003,000000 000000000003,000000 Kassoum A.      0006 S0009+B0005
000258 28 0001,000 0001,000 000000000002,000000 000000000002,000000 Kassoum A.      0006 S0009+B0005
000259 29 0001,000 0001,000 000000000003,500000 000000000003,500000 Kassoum A.      0006 S0009+B0005
000260 29 0001,000 0001,000 000000000004,500000 000000000004,500000 Kassoum A.      0006 S0009+B0005
000261 01 0001,000 0001,000 000000000002,500000 000000000002,500000 Kassoum A.      0006 S0009+B0005
000262 01 0001,000 0001,000 000000000001,500000 000000000001,500000 Kassoum A.      0006 S0009+B0005
000263 02 0001,000 0001,000 000000000003,500000 000000000003,500000 Kassoum A.      0006 S0009+B0005
000264 02 0001,000 0001,000 000000000002,000000 000000000002,000000 Kassoum A.      0006 S0009+B0005
000265 11 0001,000 0001,000 000000000006,000000 000000000006,000000 Kassoum A.      0006 S0009+B0005
000266 11 0001,000 0001,000 000000000001,000000 000000000001,000000 Kassoum A.      0006 S0009+B0005
000267 10 0001,000 0001,000 000000000004,500000 000000000004,500000 Kassoum A.      0006 S0009+B0005
000268 10 0001,000 0001,000 000000000002,000000 000000000002,000000 Kassoum A.      0006 S0009+B0005
000269 19 0001,000 0000,500 000000000007,000000 000000000007,000000 Kassoum A.      0006 S0009+B0001
000270 19 0001,000 0000,500 000000000005,500000 000000000005,500000 Kassoum A.      0006 S0009+B0001
000271 20 0001,000 0001,000 000000000002,500000 000000000002,500000 Kassoum A.      0006 S0009+B0001
000272 20 0001,000 0000,500 000000000003,000000 000000000003,000000 Kassoum A.      0006 S0009+B0001
000273 29 0001,000 0001,000 000000000004,500000 000000000004,500000 Kassoum A.      0006 S0009+B0001
000274 29 0001,000 0001,000 000000000005,000000 000000000005,000000 Kassoum A.      0006 S0009+B0001
000275 10 0001,000 0000,500 000000000002,500000 000000000002,500000 Kassoum A.      0006 S0009+B0001
000276 10 0001,000 0001,000 000000000002,000000 000000000002,000000 Kassoum A.      0006 S0009+B0001
000277 11 0001,000 0000,500 000000000005,500000 000000000005,500000 Kassoum A.      0006 S0009+B0001
000278 11 0001,000 0000,500 000000000003,500000 000000000003,500000 Kassoum A.      0006 S0009+B0001
000279 01 0001,000 0001,000 000000000005,000000 000000000005,000000 Kassoum A.      0006 S0009+B0001
000280 01 0001,000 0000,500 000000000004,500000 000000000004,500000 Kassoum A.      0006 S0009+B0001
000281 02 0001,000 0001,000 000000000003,000000 000000000003,000000 Kassoum A.      0006 S0009+B0001
000282 02 0001,000 0001,000 000000000004,000000 000000000004,000000 Kassoum A.      0006 S0009+B0001
