D000001+S0004 000000000000,900000 000000000004,000000 000000000000,000000 000000000000,000000 0004 S0004+B0001
D000001+S0006 000000000000,700000 000000000002,000000 000000000000,000000 000000000000,000000 0004 S0004+B0001
D000001+S0009 000000000001,700000 000000000017,000000 000000000000,000000 000000000000,000000 0004 S0004+B0001
D000001+S0013 000000000000,800000 000000000003,000000 000000000000,000000 000000000000,000000 0004 S0004+B0001
D000001+S0018 000000000001,300000 000000000008,000000 000000000000,000000 000000000000,000000 0004 S0004+B0001
D000002+S0006 000000000002,800000 000000000005,000000 000000000000,000000 000000000000,000000 0004 S0004+B0001
D000002+S0011 000000000001,700000 000000000013,000000 000000000000,000000 000000000000,000000 0004 S0004+B0001
D000002+S0017 000000000001,900000 000000000006,000000 000000000000,000000 000000000000,000000 0004 S0004+B0001
D000002+S0018 000000000002,200000 000000000027,000000 000000000000,000000 000000000000,000000 0004 S0004+B0001
D000003+S0004 000000000000,900000 000000000003,000000 000000000000,000000 000000000000,000000 0004 S0004+B0001
D000003+S0007 000000000000,700000 000000000004,000000 000000000000,000000 000000000000,000000 0004 S0004+B0001
D000003+S0009 000000000001,300000 000000000017,000000 000000000000,000000 000000000000,000000 0004 S0004+B0001
D000003+S0011 000000000000,900000 000000000010,000000 000000000000,000000 000000000000,000000 0004 S0004+B0001
D000003+S0013 000000000001,100000 000000000012,000000 000000000000,000000 000000000000,000000 0004 S0004+B0001
D000004+S0004 000000000000,800000 000000000003,000000 000000000000,000000 000000000000,000000 0004 S0004+B0001
D000004+S0006 000000000001,100000 000000000005,000000 000000000000,000000 000000000000,000000 0004 S0004+B0001
D000004+S0008 000000000000,600000 000000000003,000000 000000000000,000000 000000000000,000000 0004 S0004+B0001
D000004+S0013 000000000000,700000 000000000001,000000 000000000000,000000 000000000000,000000 0004 S0004+B0001
D000004+S0018 000000000001,100000 000000000008,000000 000000000000,000000 000000000000,000000 0004 S0004+B0001
D000005+S0008 000000000000,700000 000000000003,000000 000000000000,000000 000000000000,000000 0004 S0004+B0001
D000005+S0009 000000000001,100000 000000000013,000000 000000000000,000000 000000000000,000000 0004 S0004+B0001
D000005+S0011 000000000000,900000 000000000009,000000 000000000000,000000 000000000000,000000 0004 S0004+B0001
D000005+S0017 000000000001,600000 000000000006,000000 000000000000,000000 000000000000,000000 0004 S0004+B0001
D000006+S0003 000000000001,200000 000000000003,000000 000000000000,000000 000000000000,000000 0004 S0004+B0001
D000006+S0004 000000000000,900000 000000000003,000000 000000000000,000000 000000000000,000000 0004 S0004+B0001
D000006+S0011 000000000001,700000 000000000017,000000 000000000000,000000 000000000000,000000 0004 S0004+B0001
D000006+S0012 000000000000,600000 000000000001,000000 000000000000,000000 000000000000,000000 0004 S0004+B0001
D000006+S0017 000000000002,600000 000000000005,000000 000000000000,000000 000000000000,000000 0004 S0004+B0001
D000007+S0004 000000000000,700000 000000000003,000000 000000000000,000000 000000000000,000000 0004 S0004+B0002
D000007+S0009 000000000001,600000 000000000021,000000 000000000000,000000 000000000000,000000 0004 S0004+B0002
D000007+S0011 000000000001,300000 000000000013,000000 000000000000,000000 000000000000,000000 0004 S0004+B0002
D000007+S0018 000000000000,900000 000000000011,000000 000000000000,000000 000000000000,000000 0004 S0004+B0002
D000008+S0021 000000000013,500000 000000000000,000000 000000000000,000000 000000000000,000000 0004 S0004+B0002
D000009+S0021 000000000001,380000 000000000000,000000 000000000000,000000 000000000000,000000 0004 S0004+B0002
D000010+S0021 000000000018,500000 000000000000,000000 000000000000,000000 000000000000,000000 0004 S0004+B0002
D000011+S0002 000000000000,900000 000000000007,000000 000000000000,000000 000000000000,000000 0004 S0004+B0002
D000011+S0009 000000000011,700000 000000000149,000000 000000000000,000000 000000000000,000000 0004 S0004+B0002
D000011+S0011 000000000001,300000 000000000012,000000 000000000000,000000 000000000000,000000 0004 S0004+B0002
D000011+S0018 000000000000,700000 000000000004,000000 000000000000,000000 000000000000,000000 0004 S0004+B0002
D000012+S0004 000000000000,900000 000000000004,000000 000000000000,000000 000000000000,000000 0004 S0004+B0002
D000012+S0009 000000000007,200000 000000000137,000000 000000000000,000000 000000000000,000000 0004 S0004+B0002
D000012+S0016 000000000000,700000 000000000006,000000 000000000000,000000 000000000000,000000 0004 S0004+B0002
D000012+S0018 000000000001,700000 000000000009,000000 000000000000,000000 000000000000,000000 0004 S0004+B0002
D000012+S0020 000000000001,100000 000000000001,000000 000000000000,000000 000000000000,000000 0004 S0004+B0002
D000013+S0004 000000000001,500000 000000000002,000000 000000000000,000000 000000000000,000000 0004 S0004+B0002
D000013+S0011 000000000001,900000 000000000007,000000 000000000000,000000 000000000000,000000 0004 S0004+B0002
D000013+S0012 000000000002,500000 000000000001,000000 000000000000,000000 000000000000,000000 0004 S0004+B0002
D000013+S0015 000000000001,100000 000000000003,000000 000000000000,000000 000000000000,000000 0004 S0004+B0002
D000013+S0018 000000000002,300000 000000000012,000000 000000000000,000000 000000000000,000000 0004 S0004+B0002
D000014+S0021 000000000017,200001 000000000000,000000 000000000000,000000 000000000000,000000 0004 S0004+B0002
D000015+S0003 000000000001,700000 000000000002,000000 000000000000,000000 000000000000,000000 0004 S0004+B0002
D000015+S0004 000000000000,900000 000000000002,000000 000000000000,000000 000000000000,000000 0004 S0004+B0002
D000015+S0006 000000000001,100000 000000000003,000000 000000000000,000000 000000000000,000000 0004 S0004+B0002
D000015+S0009 000000000005,700000 000000000117,000000 000000000000,000000 000000000000,000000 0004 S0004+B0002
D000015+S0011 000000000001,300000 000000000011,000000 000000000000,000000 000000000000,000000 0004 S0004+B0002
D000015+S0017 000000000002,100000 000000000003,000000 000000000000,000000 000000000000,000000 0004 S0004+B0002
D000016+S0004 000000000000,900000 000000000002,000000 000000000000,000000 000000000000,000000 0004 S0004+B0002
D000016+S0006 000000000000,400000 000000000002,000000 000000000000,000000 000000000000,000000 0004 S0004+B0002
D000016+S0009 000000000001,600000 000000000007,000000 000000000000,000000 000000000000,000000 0004 S0004+B0002
D000016+S0011 000000000001,100000 000000000017,000000 000000000000,000000 000000000000,000000 0004 S0004+B0002
D000016+S0017 000000000000,900000 000000000002,000000 000000000000,000000 000000000000,000000 0004 S0004+B0002
D000016+S0021 000000000002,200000 000000000000,000000 000000000000,000000 000000000000,000000 0004 S0004+B0002
D000017+S0004 000000000001,400000 000000000007,000000 000000000000,000000 000000000000,000000 0004 S0004+B0002
D000017+S0006 000000000000,900000 000000000003,000000 000000000000,000000 000000000000,000000 0004 S0004+B0002
D000017+S0009 000000000001,700000 000000000017,000000 000000000000,000000 000000000000,000000 0004 S0004+B0002
D000017+S0011 000000000001,300000 000000000043,000000 000000000000,000000 000000000000,000000 0004 S0004+B0002
D000018+S0008 000000000001,200000 000000000007,000000 000000000000,000000 000000000000,000000 0004 S0004+B0002
D000018+S0009 000000000001,900000 000000000034,000000 000000000000,000000 000000000000,000000 0004 S0004+B0002
D000018+S0013 000000000001,400000 000000000017,000000 000000000000,000000 000000000000,000000 0004 S0004+B0002
D000018+S0017 000000000002,400000 000000000002,000000 000000000000,000000 000000000000,000000 0004 S0004+B0002
D000018+S0021 000000000003,600000 000000000000,000000 000000000000,000000 000000000000,000000 0004 S0004+B0002
D000019+S0007 000000000002,000000 000000000006,000000 000000000000,000000 000000000000,000000 0005 S0008+B0001
D000019+S0008 000000000003,500000 000000000021,000000 000000000000,000000 000000000000,000000 0005 S0008+B0001
D000019+S0011 000000000001,500000 000000000014,000000 000000000000,000000 000000000000,000000 0005 S0008+B0001
D000020+S0008 000000000002,500000 000000000015,000000 000000000000,000000 000000000000,000000 0005 S0008+B0001
D000020+S0012 000000000001,000000 000000000001,000000 000000000000,000000 000000000000,000000 0005 S0008+B0001
D000021+S0007 000000000003,000000 000000000027,000000 000000000000,000000 000000000000,000000 0005 S0008+B0001
D000021+S0008 000000000004,500000 000000000032,000000 000000000000,000000 000000000000,000000 0005 S0008+B0001
D000021+S0009 000000000006,000000 000000000075,000000 000000000000,000000 000000000000,000000 0005 S0008+B0001
D000022+S0021 000000000007,000000 000000000000,000000 000000000000,000000 000000000000,000000 0005 S0008+B0001
D000023+S0004 000000000005,000000 000000000026,000000 000000000000,000000 000000000000,000000 0005 S0008+B0001
D000023+S0011 000000000001,500000 000000000017,000000 000000000000,000000 000000000000,000000 0005 S0008+B0001
D000023+S0021 000000000001,500000 000000000037,000000 000000000000,000000 000000000000,000000 0005 S0008+B0001
D000024+S0007 000000000002,500000 000000000016,000000 000000000000,000000 000000000000,000000 0005 S0008+B0001
D000024+S0008 000000000002,500000 000000000016,000000 000000000000,000000 000000000000,000000 0005 S0008+B0001
D000024+S0010 000000000001,500000 000000000011,000000 000000000000,000000 000000000000,000000 0005 S0008+B0001
D000025+S0004 000000000003,500000 000000000032,000000 000000000000,000000 000000000000,000000 0005 S0008+B0001
D000025+S0011 000000000001,500000 000000000027,000000 000000000000,000000 000000000000,000000 0005 S0008+B0001
D000025+S0021 000000000002,500000 000000000001,000000 000000000000,000000 000000000000,000000 0005 S0008+B0001
D000026+S0008 000000000001,000000 000000000004,000000 000000000000,000000 000000000000,000000 0005 S0008+B0001
D000026+S0009 000000000000,500000 000000000007,000000 000000000000,000000 000000000000,000000 0005 S0008+B0001
D000026+S0020 000000000001,000000 000000000002,000000 000000000000,000000 000000000000,000000 0005 S0008+B0001
D000028+S0004 000000000002,500000 000000000017,000000 000000000000,000000 000000000000,000000 0005 S0008+B0001
D000028+S0011 000000000003,500000 000000000205,000000 000000000000,000000 000000000000,000000 0005 S0008+B0001
D000041+S0008 000000000001,000000 000000000003,000000 000000000000,000000 000000000000,000000 0005 S0007+B0001
D000041+S0011 000000000001,000000 000000000003,000000 000000000000,000000 000000000000,000000 0005 S0007+B0001
D000041+S0021 000000000000,500000 000000000001,000000 000000000000,000000 000000000000,000000 0005 S0007+B0001
D000042+S0005 000000000000,500000 000000000002,000000 000000000000,000000 000000000000,000000 0005 S0007+B0001
D000043+S0015 000000000002,000000 000000000009,000000 000000000000,000000 000000000000,000000 0005 S0007+B0001
D000043+S0018 000000000002,500000 000000000013,000000 000000000000,000000 000000000000,000000 0005 S0007+B0001
D000044+S0008 000000000001,000000 000000000005,000000 000000000000,000000 000000000000,000000 0005 S0007+B0001
D000044+S0015 000000000001,500000 000000000003,000000 000000000000,000000 000000000000,000000 0005 S0007+B0001
D000045+S0002 000000000000,500000 000000000002,000000 000000000000,000000 000000000000,000000 0005 S0007+B0001
D000045+S0009 000000000000,500000 000000000003,000000 000000000000,000000 000000000000,000000 0005 S0007+B0001
D000045+S0011 000000000002,000000 000000000008,000000 000000000000,000000 000000000000,000000 0005 S0007+B0001
D000045+S0016 000000000002,500000 000000000001,000000 000000000000,000000 000000000000,000000 0005 S0007+B0001
D000045+S0018 000000000001,000000 000000000009,000000 000000000000,000000 000000000000,000000 0005 S0007+B0001
D000045+S0019 000000000001,000000 000000000001,000000 000000000000,000000 000000000000,000000 0005 S0007+B0001
D000046+S0009 000000000000,500000 000000000002,000000 000000000000,000000 000000000000,000000 0005 S0007+B0001
D000046+S0011 000000000000,500000 000000000004,000000 000000000000,000000 000000000000,000000 0005 S0007+B0001
D000046+S0021 000000000000,500000 000000000001,000000 000000000000,000000 000000000000,000000 0005 S0007+B0001
D000047+S0004 000000000001,500000 000000000017,000000 000000000000,000000 000000000000,000000 0005 S0007+B0001
D000047+S0019 000000000003,500000 000000000002,000000 000000000000,000000 000000000000,000000 0005 S0007+B0001
D000048+S0009 000000000001,000000 000000000008,000000 000000000000,000000 000000000000,000000 0005 S0007+B0001
D000048+S0011 000000000000,500000 000000000012,000000 000000000000,000000 000000000000,000000 0005 S0007+B0001
D000048+S0018 000000000002,500000 000000000019,000000 000000000000,000000 000000000000,000000 0005 S0007+B0001
D000049+S0011 000000000001,000000 000000000003,000000 000000000000,000000 000000000000,000000 0005 S0007+B0001
D000049+S0021 000000000001,000000 000000000007,000000 000000000000,000000 000000000000,000000 0005 S0007+B0001
D000050+S0002 000000000000,500000 000000000005,000000 000000000000,000000 000000000000,000000 0005 S0007+B0001
D000050+S0009 000000000000,500000 000000000002,000000 000000000000,000000 000000000000,000000 0005 S0007+B0001
D000050+S0011 000000000001,000000 000000000004,000000 000000000000,000000 000000000000,000000 0005 S0007+B0001
D000050+S0018 000000000000,500000 000000000004,000000 000000000000,000000 000000000000,000000 0005 S0007+B0001
D000050+S0019 000000000000,500000 000000000001,000000 000000000000,000000 000000000000,000000 0005 S0007+B0001
D000050+S0021 000000000000,500000 000000000002,000000 000000000000,000000 000000000000,000000 0005 S0007+B0001
D000051+S0002 000000000001,500000 000000000005,000000 000000000000,000000 000000000000,000000 0005 S0007+B0001
D000051+S0008 000000000002,000000 000000000004,000000 000000000000,000000 000000000000,000000 0005 S0007+B0001
D000051+S0011 000000000002,500000 000000000011,000000 000000000000,000000 000000000000,000000 0005 S0007+B0001
D000051+S0018 000000000002,000000 000000000010,000000 000000000000,000000 000000000000,000000 0005 S0007+B0001
D000052+S0009 000000000000,500000 000000000004,000000 000000000000,000000 000000000000,000000 0005 S0007+B0001
D000052+S0011 000000000001,500000 000000000013,000000 000000000000,000000 000000000000,000000 0005 S0007+B0001
D000052+S0013 000000000001,000000 000000000003,000000 000000000000,000000 000000000000,000000 0005 S0007+B0001
D000052+S0018 000000000000,500000 000000000003,000000 000000000000,000000 000000000000,000000 0005 S0007+B0001
D000052+S0019 000000000000,500000 000000000001,000000 000000000000,000000 000000000000,000000 0005 S0007+B0001
D000052+S0020 000000000001,000000 000000000003,000000 000000000000,000000 000000000000,000000 0005 S0007+B0001
D000030+S0002 000000000000,500000 000000000003,000000 000000000000,000000 000000000000,000000 0005 S0008+B0001
D000030+S0011 000000000000,500000 000000000007,000000 000000000000,000000 000000000000,000000 0005 S0008+B0001
D000031+S0002 000000000002,500000 000000000104,000000 000000000000,000000 000000000000,000000 0005 S0008+B0001
D000031+S0004 000000000000,500000 000000000007,000000 000000000000,000000 000000000000,000000 0005 S0008+B0001
D000031+S0016 000000000000,500000 000000000017,000000 000000000000,000000 000000000000,000000 0005 S0008+B0001
D000031+S0021 000000000002,500000 000000000097,000000 000000000000,000000 000000000000,000000 0005 S0008+B0001
D000032+S0002 000000000000,500000 000000000003,000000 000000000000,000000 000000000000,000000 0005 S0008+B0001
D000032+S0011 000000000000,500000 000000000007,000000 000000000000,000000 000000000000,000000 0005 S0008+B0001
D000033+S0002 000000000001,500000 000000000098,000000 000000000000,000000 000000000000,000000 0005 S0008+B0001
D000033+S0009 000000000000,500000 000000000017,000000 000000000000,000000 000000000000,000000 0005 S0008+B0001
D000033+S0016 000000000001,000000 000000000037,000000 000000000000,000000 000000000000,000000 0005 S0008+B0001
D000034+S0004 000000000001,500000 000000000003,000000 000000000000,000000 000000000000,000000 0005 S0008+B0001
D000034+S0008 000000000003,500000 000000000028,000000 000000000000,000000 000000000000,000000 0005 S0008+B0001
D000034+S0016 000000000001,000000 000000000019,000000 000000000000,000000 000000000000,000000 0005 S0008+B0001
D000034+S0019 000000000000,500000 000000000001,000000 000000000000,000000 000000000000,000000 0005 S0008+B0001
D000035+S0002 000000000000,500000 000000000004,000000 000000000000,000000 000000000000,000000 0005 S0008+B0001
D000035+S0004 000000000001,000000 000000000003,000000 000000000000,000000 000000000000,000000 0005 S0008+B0001
D000035+S0011 000000000001,000000 000000000005,000000 000000000000,000000 000000000000,000000 0005 S0008+B0001
D000035+S0016 000000000000,500000 000000000006,000000 000000000000,000000 000000000000,000000 0005 S0008+B0001
D000036+S0013 000000000005,000000 000000000118,000000 000000000000,000000 000000000000,000000 0005 S0008+B0001
D000037+S0007 000000000002,500000 000000000012,000000 000000000000,000000 000000000000,000000 0005 S0007+B0001
D000037+S0008 000000000001,000000 000000000019,000000 000000000000,000000 000000000000,000000 0005 S0007+B0001
D000038+S0005 000000000004,500000 000000000023,000000 000000000000,000000 000000000000,000000 0005 S0007+B0001
D000038+S0008 000000000002,000000 000000000026,000000 000000000000,000000 000000000000,000000 0005 S0007+B0001
D000038+S0019 000000000000,500000 000000000001,000000 000000000000,000000 000000000000,000000 0005 S0007+B0001
D000039+S0002 000000000006,000000 000000000042,000000 000000000000,000000 000000000000,000000 0005 S0007+B0001
D000040+S0008 000000000004,500000 000000000000,000000 000000000000,000000 000000000000,000000 0005 S0007+B0001
D000053+S0009 000000000002,000000 000000000068,000000 000000000000,300000 000000000000,600000 0006 S0009+B0001
D000054+S0009 000000000001,500000 000000000041,000000 000000000000,300000 000000000000,450000 0006 S0009+B0001
D000055+S0009 000000000002,500000 000000000076,000000 000000000000,300000 000000000000,750000 0006 S0009+B0001
D000056+S0009 000000000003,000000 000000000079,000000 000000000000,300000 000000000000,900000 0006 S0009+B0001
D000057+S0004 000000000001,500000 000000000011,000000 000000000000,400000 000000000000,600000 0006 S0009+B0001
D000057+S0009 000000000002,000000 000000000052,000000 000000000000,300000 000000000000,600000 0006 S0009+B0001
D000058+S0009 000000000002,500000 000000000058,000000 000000000000,300000 000000000000,750000 0006 S0009+B0001
D000059+S0009 000000000002,500000 000000000054,000000 000000000000,300000 000000000000,750000 0006 S0009+B0001
D000060+S0004 000000000001,000000 000000000004,000000 000000000004,000000 000000000004,000000 0006 S0009+B0001
D000060+S0009 000000000001,000000 000000000022,000000 000000000000,300000 000000000000,300000 0006 S0009+B0001
D000062+S0009 000000000001,500000 000000000030,000000 000000000000,300000 000000000000,450000 0006 S0009+B0001
D000063+S0005 000000000001,000000 000000000003,000000 000000000000,400000 000000000000,400000 0006 S0009+B0001
D000063+S0009 000000000001,500000 000000000016,000000 000000000000,300000 000000000000,450000 0006 S0009+B0001
D000064+S0009 000000000002,500000 000000000022,000000 000000000000,300000 000000000000,750000 0006 S0009+B0001
D000065+S0004 000000000001,500000 000000000005,000000 000000000000,400000 000000000000,600000 0006 S0009+B0001
D000065+S0009 000000000001,500000 000000000028,000000 000000000000,300000 000000000000,450000 0006 S0009+B0001
D000066+S0009 000000000002,000000 000000000024,000000 000000000000,300000 000000000000,600000 0006 S0009+B0001
D000067+S0004 000000000001,000000 000000000003,000000 000000000000,400000 000000000000,400000 0006 S0009+B0001
D000069+S0009 000000000004,000000 000000000212,000000 000000000000,200000 000000000000,800000 0006 S0015+B0005
D000079+S0009 000000000002,500000 000000000168,000000 000000000000,200000 000000000000,500000 0006 S0015+B0005
D000080+S0009 000000000002,000000 000000000107,000000 000000000000,200000 000000000000,400000 0006 S0015+B0005
D000081+S0009 000000000007,000000 000000000307,000000 000000000000,200000 000000000001,400000 0006 S0015+B0005
D000082+S0009 000000000002,500000 000000000121,000000 000000000000,200000 000000000000,500000 0006 S0015+B0005
D000083+S0009 000000000002,500000 000000000104,000000 000000000000,200000 000000000000,500000 0006 S0015+B0005
D000084+S0009 000000000002,000000 000000000096,000000 000000000000,200000 000000000000,400000 0006 S0015+B0005
D000061+S0009 000000000002,000000 000000000050,000000 000000000000,300000 000000000000,600000 0006 S0009+B0001
D000068+S0004 000000000001,000000 000000000004,000000 000000000000,400000 000000000000,400000 0006 S0009+B0001
D000068+S0009 000000000001,000000 000000000008,000000 000000000000,300000 000000000000,300000 0006 S0009+B0001
D000070+S0009 000000000001,500000 000000000087,000000 000000000000,200000 000000000000,300000 0006 S0015+B0005
D000071+S0009 000000000002,000000 000000000164,000000 000000000000,200000 000000000000,400000 0006 S0015+B0005
D000072+S0009 000000000002,000000 000000000087,000000 000000000000,200000 000000000000,400000 0006 S0015+B0005
D000073+S0009 000000000002,000000 000000000116,000000 000000000000,200000 000000000000,400000 0006 S0015+B0005
D000074+S0009 000000000002,500000 000000000183,000000 000000000000,200000 000000000000,500000 0006 S0015+B0005
D000075+S0009 000000000002,500000 000000000102,000000 000000000000,200000 000000000000,500000 0006 S0015+B0005
D000076+S0009 000000000002,000000 000000000076,000000 000000000000,200000 000000000000,400000 0006 S0015+B0005
D000077+S0009 000000000002,000000 000000000084,000000 000000000000,200000 000000000000,400000 0006 S0015+B0005
D000078+S0009 000000000003,500000 000000000147,000000 000000000000,200000 000000000000,700000 0006 S0015+B0005
D000085+S0004 000000000001,500000 000000000002,000000 000000000000,500000 000000000000,750000 0008 S0013+B0003
D000085+S0017 000000000010,000000 000000000084,000000 000000000000,350000 000000000003,500000 0008 S0013+B0003
D000086+S0016 000000000020,000000 000000000120,000000 000000000000,350000 000000000007,000000 0008 S0013+B0003
D000087+S0004 000000000004,000000 000000000009,000000 000000000000,500000 000000000002,000000 0008 S0013+B0003
D000087+S0017 000000000009,500000 000000000097,000000 000000000000,350000 000000000003,325000 0008 S0013+B0003
D000088+S0017 000000000005,500000 000000000051,000000 000000000000,350000 000000000001,925000 0008 S0013+B0003
D000089+S0004 000000000002,000000 000000000003,000000 000000000000,500000 000000000001,000000 0008 S0013+B0003
D000089+S0017 000000000006,000000 000000000063,000000 000000000000,350000 000000000002,100000 0008 S0013+B0003
D000090+S0004 000000000003,000000 000000000008,000000 000000000000,500000 000000000001,500000 0008 S0013+B0003
D000092+S0004 000000000000,800000 000000000002,000000 000000000000,500000 000000000000,400000 0008 S0013+B0003
D000092+S0017 000000000013,000000 000000000106,000000 000000000000,350000 000000000004,550000 0008 S0013+B0003
D000093+S0004 000000000001,000000 000000000001,000000 000000000000,500000 000000000000,500000 0008 S0013+B0003
D000093+S0017 000000000003,500000 000000000034,000000 000000000000,350000 000000000001,225000 0008 S0013+B0003
D000094+S0017 000000000009,500000 000000000100,000000 000000000000,350000 000000000003,325000 0008 S0013+B0003
D000095+S0017 000000000025,000000 000000000138,000000 000000000000,350000 000000000008,750000 0008 S0013+B0003
D000096+S0004 000000000003,000000 000000000004,000000 000000000000,500000 000000000001,500000 0008 S0013+B0003
D000096+S0017 000000000007,300000 000000000068,000000 000000000000,350000 000000000002,555000 0008 S0013+B0003
D000097+S0004 000000000001,400000 000000000002,000000 000000000000,500000 000000000000,700000 0008 S0013+B0003
D000099+S0004 000000000001,300000 000000000002,000000 000000000000,500000 000000000000,650000 0008 S0013+B0003
D000099+S0017 000000000030,000000 000000000309,000000 000000000000,350000 000000000010,500000 0008 S0013+B0003
D000109+S0006 000000000003,500000 000000000005,000000 000000000000,600000 000000000002,100000 0008 S0012+B0001
D000109+S0009 000000000005,000000 000000000048,000000 000000000000,200000 000000000001,000000 0008 S0012+B0001
D000109+S0017 000000000001,000000 000000000002,000000 000000000000,650000 000000000000,650000 0008 S0012+B0001
D000090+S0017 000000000002,000000 000000000020,000000 000000000000,350000 000000000000,700000 0008 S0013+B0003
D000091+S0017 000000000016,000000 000000000130,000000 000000000000,350000 000000000005,600000 0008 S0013+B0003
D000097+S0017 000000000001,000000 000000000004,000000 000000000000,350000 000000000000,350000 0008 S0013+B0003
D000098+S0017 000000000016,700001 000000000131,000000 000000000000,350000 000000000005,845000 0008 S0013+B0003
D000100+S0017 000000000010,500000 000000000092,000000 000000000000,350000 000000000003,675000 0008 S0013+B0003
D000101+S0004 000000000004,000000 000000000017,000000 000000000000,300000 000000000001,200000 0008 S0012+B0001
D000101+S0006 000000000018,000000 000000000009,000000 000000000000,600000 000000000010,800000 0008 S0012+B0001
D000101+S0009 000000000026,000000 000000000147,000000 000000000000,200000 000000000005,200000 0008 S0012+B0001
D000101+S0017 000000000004,500000 000000000006,000000 000000000000,650000 000000000002,925000 0008 S0012+B0001
D000102+S0004 000000000006,000000 000000000021,000000 000000000000,300000 000000000001,800000 0008 S0012+B0001
D000102+S0006 000000000005,000000 000000000007,000000 000000000000,600000 000000000003,000000 0008 S0012+B0001
D000126+S0009 000000000020,000000 000000001500,000000 000000000000,125000 000000000002,500000 0008 S0011+B0001
D000126+S0017 000000000009,000000 000000000056,000000 000000000000,500000 000000000004,500000 0008 S0011+B0001
D000127+S0004 000000000000,500000 000000000002,000000 000000000000,350000 000000000000,175000 0008 S0011+B0001
D000127+S0009 000000000011,000000 000000001150,000000 000000000000,125000 000000000001,375000 0008 S0011+B0001
D000127+S0017 000000000007,500000 000000000066,000000 000000000000,750000 000000000005,625000 0008 S0011+B0001
D000128+S0009 000000000024,000000 000000002860,000000 000000000000,125000 000000000003,000000 0008 S0011+B0001
D000128+S0017 000000000004,500000 000000000025,000000 000000000000,750000 000000000003,375000 0008 S0011+B0001
D000102+S0009 000000000018,000000 000000000124,000000 000000000000,200000 000000000003,600000 0008 S0012+B0001
D000102+S0017 000000000001,000000 000000000002,000000 000000000000,650000 000000000000,650000 0008 S0012+B0001
D000103+S0006 000000000014,000000 000000000005,000000 000000000000,600000 000000000008,400000 0008 S0012+B0001
D000103+S0009 000000000023,000000 000000000138,000000 000000000000,200000 000000000004,600000 0008 S0012+B0001
D000103+S0017 000000000007,000000 000000000004,000000 000000000000,650000 000000000004,550000 0008 S0012+B0001
D000103+S0021 000000000004,000000 000000000009,000000 000000000000,300000 000000000001,200000 0008 S0012+B0001
D000104+S0004 000000000018,000000 000000000042,000000 000000000000,300000 000000000005,400000 0008 S0012+B0001
D000104+S0006 000000000009,000000 000000000005,000000 000000000000,600000 000000000005,400000 0008 S0012+B0001
D000104+S0009 000000000006,000000 000000000058,000000 000000000000,200000 000000000001,200000 0008 S0012+B0001
D000104+S0017 000000000003,000000 000000000005,000000 000000000000,650000 000000000001,950000 0008 S0012+B0001
D000105+S0004 000000000004,000000 000000000015,000000 000000000000,200000 000000000000,800000 0008 S0012+B0001
D000105+S0006 000000000009,000000 000000000012,000000 000000000000,600000 000000000005,400000 0008 S0012+B0001
D000105+S0009 000000000016,000000 000000000127,000000 000000000000,200000 000000000003,200000 0008 S0012+B0001
D000105+S0017 000000000003,500000 000000000006,000000 000000000000,650000 000000000002,275000 0008 S0012+B0001
D000106+S0004 000000000007,000000 000000000026,000000 000000000000,300000 000000000002,100000 0008 S0012+B0001
D000106+S0006 000000000013,000000 000000000009,000000 000000000000,600000 000000000007,800000 0008 S0012+B0001
D000106+S0009 000000000004,000000 000000000045,000000 000000000000,000000 000000000000,000000 0008 S0012+B0001
D000106+S0016 000000000009,000000 000000000004,000000 000000000000,650000 000000000005,850000 0008 S0012+B0001
D000106+S0021 000000000003,000000 000000000007,000000 000000000000,000000 000000000000,000000 0008 S0012+B0001
D000107+S0006 000000000012,000000 000000000005,000000 000000000000,600000 000000000007,200000 0008 S0012+B0001
D000107+S0009 000000000009,000000 000000000046,000000 000000000000,200000 000000000001,800000 0008 S0012+B0001
D000107+S0017 000000000003,000000 000000000002,000000 000000000000,650000 000000000001,950000 0008 S0012+B0001
D000108+S0006 000000000011,000000 000000000006,000000 000000000000,600000 000000000006,600000 0008 S0012+B0001
D000108+S0009 000000000004,000000 000000000026,000000 000000000000,200000 000000000000,800000 0008 S0012+B0001
D000110+S0004 000000000007,000000 000000000014,000000 000000000000,300000 000000000002,100000 0008 S0012+B0001
D000110+S0006 000000000012,000000 000000000009,000000 000000000000,600000 000000000007,200000 0008 S0012+B0001
D000110+S0017 000000000002,500000 000000000004,000000 000000000000,650000 000000000001,625000 0008 S0012+B0001
D000111+S0006 000000000016,000000 000000000012,000000 000000000000,600000 000000000009,600000 0008 S0012+B0001
D000111+S0009 000000000006,500000 000000000028,000000 000000000000,200000 000000000001,300000 0008 S0012+B0001
D000111+S0021 000000000007,000000 000000000018,000000 000000000000,300000 000000000002,100000 0008 S0012+B0001
D000112+S0006 000000000012,500000 000000000009,000000 000000000000,600000 000000000007,500000 0008 S0012+B0001
D000112+S0009 000000000003,000000 000000000009,000000 000000000000,200000 000000000000,600000 0008 S0012+B0001
D000112+S0017 000000000002,000000 000000000004,000000 000000000000,650000 000000000001,300000 0008 S0012+B0001
D000113+S0006 000000000002,000000 000000000004,000000 000000000000,600000 000000000001,200000 0008 S0012+B0001
D000113+S0009 000000000011,000000 000000000064,000000 000000000000,200000 000000000002,200000 0008 S0012+B0001
D000113+S0017 000000000001,000000 000000000001,000000 000000000000,650000 000000000000,650000 0008 S0012+B0001
D000114+S0004 000000000006,000000 000000000017,000000 000000000000,300000 000000000001,800000 0008 S0012+B0001
D000114+S0006 000000000003,000000 000000000004,000000 000000000000,600000 000000000001,800000 0008 S0012+B0001
D000114+S0009 000000000006,000000 000000000035,000000 000000000000,200000 000000000001,200000 0008 S0012+B0001
D000115+S0006 000000000012,000000 000000000009,000000 000000000000,600000 000000000007,200000 0008 S0012+B0001
D000115+S0009 000000000008,000000 000000000058,000000 000000000000,200000 000000000001,600000 0008 S0012+B0001
D000115+S0016 000000000003,000000 000000000004,000000 000000000000,650000 000000000001,950000 0008 S0012+B0001
D000116+S0004 000000000007,000000 000000000019,000000 000000000000,300000 000000000002,100000 0008 S0012+B0001
D000116+S0006 000000000002,500000 000000000005,000000 000000000000,600000 000000000001,500000 0008 S0012+B0001
D000116+S0009 000000000005,000000 000000000025,000000 000000000000,200000 000000000001,000000 0008 S0012+B0001
D000117+S0009 000000000003,500000 000000000124,000000 000000000000,175000 000000000000,612500 0008 S0011+B0001
D000117+S0017 000000000001,000000 000000000017,000000 000000000000,175000 000000000000,175000 0008 S0011+B0001
D000118+S0009 000000000000,500000 000000000011,000000 000000000000,175000 000000000000,087500 0008 S0011+B0001
D000118+S0017 000000000001,000000 000000000004,000000 000000000000,750000 000000000000,750000 0008 S0011+B0001
D000118+S0021 000000000000,100000 000000000002,000000 000000000000,250000 000000000000,025000 0008 S0011+B0001
D000119+S0004 000000000000,200000 000000000002,000000 000000000000,250000 000000000000,050000 0008 S0011+B0001
D000119+S0009 000000000003,500000 000000000131,000000 000000000000,175000 000000000000,612500 0008 S0011+B0001
D000119+S0017 000000000000,200000 000000000001,000000 000000000000,250000 000000000000,050000 0008 S0011+B0001
D000119+S0021 000000000000,500000 000000000005,000000 000000000000,250000 000000000000,125000 0008 S0011+B0001
D000120+S0004 000000000003,000000 000000000012,000000 000000000000,250000 000000000000,750000 0008 S0011+B0001
D000120+S0009 000000000002,000000 000000000015,000000 000000000000,175000 000000000000,350000 0008 S0011+B0001
D000120+S0021 000000000002,500000 000000000014,000000 000000000000,250000 000000000000,625000 0008 S0011+B0001
D000121+S0009 000000000012,500000 000000001250,000000 000000000000,125000 000000000001,562500 0008 S0011+B0001
D000121+S0017 000000000000,200000 000000000001,000000 000000000000,250000 000000000000,050000 0008 S0011+B0001
D000122+S0009 000000000020,000000 000000002000,000000 000000000000,125000 000000000002,500000 0008 S0011+B0001
D000123+S0004 000000000001,500000 000000000007,000000 000000000000,350000 000000000000,525000 0008 S0011+B0001
D000123+S0009 000000000012,000000 000000000034,000000 000000000000,175000 000000000002,100000 0008 S0011+B0001
D000123+S0017 000000000000,500000 000000000007,000000 000000000000,250000 000000000000,125000 0008 S0011+B0001
D000123+S0021 000000000000,100000 000000000002,000000 000000000000,250000 000000000000,025000 0008 S0011+B0001
D000124+S0009 000000000026,000000 000000000100,000000 000000000000,250000 000000000006,500000 0008 S0011+B0001
D000124+S0017 000000000006,500000 000000000012,000000 000000000075,000000 000000000487,500000 0008 S0011+B0001
D000125+S0009 000000000027,000000 000000002500,000000 000000000000,125000 000000000003,375000 0008 S0011+B0001
D000125+S0017 000000000004,000000 000000000019,000000 000000000000,750000 000000000003,000000 0008 S0011+B0001
