D000001+S0008 000000000000,900000 000000000001,000000 000000000000,450000 000000000000,405000 0003 S0003+B0002
D000001+S0009 000000000002,500000 000000000035,000000 000000000000,850000 000000000002,125000 0003 S0003+B0002
D000001+S0011 000000000000,700000 000000000009,000000 000000000000,750000 000000000000,525000 0003 S0003+B0002
D000002+S0007 000000000000,700000 000000000005,000000 000000000000,850000 000000000000,595000 0003 S0003+B0002
D000002+S0008 000000000005,000000 000000000025,000000 000000000000,750000 000000000003,750000 0003 S0003+B0002
D000002+S0009 000000000001,500000 000000000010,000000 000000000000,850000 000000000001,275000 0003 S0003+B0002
D000003+S0009 000000000001,500000 000000000015,000000 000000000000,850000 000000000001,275000 0003 S0003+B0002
D000003+S0011 000000000000,900000 000000000005,000000 000000000000,850000 000000000000,765000 0003 S0003+B0002
D000003+S0013 000000000000,700000 000000000040,000000 000000000000,400000 000000000000,280000 0003 S0003+B0002
D000004+S0008 000000000001,200000 000000000004,000000 000000000000,500000 000000000000,600000 0003 S0003+B0002
D000004+S0009 000000000003,500000 000000000025,000000 000000000000,850000 000000000002,975000 0003 S0003+B0002
D000004+S0011 000000000000,700000 000000000010,000000 000000000000,750000 000000000000,525000 0003 S0003+B0002
D000004+S0013 000000000000,300000 000000000025,000000 000000000000,400000 000000000000,120000 0003 S0003+B0002
D000005+S0008 000000000001,300000 000000000004,000000 000000000000,000000 000000000000,000000 0003 S0003+B0002
D000005+S0009 000000000001,200000 000000000045,000000 000000000000,000000 000000000000,000000 0003 S0003+B0002
D000005+S0011 000000000000,900000 000000000015,000000 000000000000,000000 000000000000,000000 0003 S0003+B0002
D000005+S0013 000000000001,500000 000000000070,000000 000000000000,000000 000000000000,000000 0003 S0003+B0002
D000006+S0008 000000000001,100000 000000000007,000000 000000000000,000000 000000000000,000000 0003 S0003+B0002
D000006+S0009 000000000002,500000 000000000020,000000 000000000000,000000 000000000000,000000 0003 S0003+B0002
D000006+S0011 000000000000,400000 000000000006,000000 000000000000,000000 000000000000,000000 0003 S0003+B0002
D000006+S0015 000000000000,900000 000000000015,000000 000000000000,000000 000000000000,000000 0003 S0003+B0002
D000007+S0008 000000000000,900000 000000000003,000000 000000000000,450000 000000000000,405000 0003 S0003+B0002
D000007+S0009 000000000001,700000 000000000025,000000 000000000000,850000 000000000001,445000 0003 S0003+B0002
D000007+S0011 000000000000,300000 000000000004,000000 000000000000,850000 000000000000,255000 0003 S0003+B0002
D000008+S0008 000000000000,300000 000000000002,000000 000000000000,450000 000000000000,135000 0003 S0003+B0002
D000008+S0009 000000000001,500000 000000000025,000000 000000000000,850000 000000000001,275000 0003 S0003+B0002
D000008+S0011 000000000000,200000 000000000025,000000 000000000000,850000 000000000000,170000 0003 S0003+B0002
D000008+S0013 000000000000,300000 000000000045,000000 000000000000,400000 000000000000,120000 0003 S0003+B0002
D000009+S0007 000000000000,200000 000000000002,000000 000000000000,800000 000000000000,160000 0003 S0003+B0002
D000009+S0008 000000000004,000000 000000000015,000000 000000000000,450000 000000000001,800000 0003 S0003+B0002
D000009+S0009 000000000001,500000 000000000010,000000 000000000000,850000 000000000001,275000 0003 S0003+B0002
D000009+S0011 000000000000,700000 000000000010,000000 000000000000,850000 000000000000,595000 0003 S0003+B0002
D000010+S0007 000000000000,100000 000000000002,000000 000000000000,850000 000000000000,085000 0003 S0003+B0002
D000010+S0008 000000000000,600000 000000000003,000000 000000000000,450000 000000000000,270000 0003 S0003+B0002
D000010+S0009 000000000002,000000 000000000020,000000 000000000000,850000 000000000001,700000 0003 S0003+B0002
D000010+S0011 000000000000,200000 000000000004,000000 000000000000,850000 000000000000,170000 0003 S0003+B0002
D000011+S0008 000000000002,100000 000000000007,000000 000000000000,750000 000000000001,575000 0003 S0003+B0002
D000011+S0009 000000000004,700000 000000000045,000000 000000000000,850000 000000000003,995000 0003 S0003+B0002
D000011+S0011 000000000000,300000 000000000005,000000 000000000000,850000 000000000000,255000 0003 S0003+B0002
D000011+S0018 000000000000,300000 000000000004,000000 000000000000,850000 000000000000,255000 0003 S0003+B0002
D000012+S0008 000000000000,700000 000000000002,000000 000000000000,750000 000000000000,525000 0003 S0003+B0002
D000012+S0009 000000000005,000000 000000000025,000000 000000000000,850000 000000000004,250000 0003 S0003+B0002
D000012+S0011 000000000000,300000 000000000007,000000 000000000000,850000 000000000000,255000 0003 S0003+B0002
D000012+S0013 000000000000,700000 000000000045,000000 000000000000,400000 000000000000,280000 0003 S0003+B0002
D000013+S0008 000000000000,500000 000000000002,000000 000000000000,450000 000000000000,225000 0003 S0003+B0002
D000013+S0009 000000000001,000000 000000000006,000000 000000000000,850000 000000000000,850000 0003 S0003+B0002
D000013+S0011 000000000000,700000 000000000009,000000 000000000000,850000 000000000000,595000 0003 S0003+B0002
D000013+S0013 000000000000,900000 000000000010,000000 000000000000,400000 000000000000,360000 0003 S0003+B0002
D000014+S0007 000000000000,300000 000000000002,000000 000000000000,850000 000000000000,255000 0003 S0003+B0002
D000014+S0008 000000000000,900000 000000000003,000000 000000000000,450000 000000000000,405000 0003 S0003+B0002
D000014+S0009 000000000003,500000 000000000015,000000 000000000000,850000 000000000002,975000 0003 S0003+B0002
D000014+S0011 000000000000,700000 000000000005,000000 000000000000,850000 000000000000,595000 0003 S0003+B0002
D000015+S0004 000000000001,500000 000000000003,000000 000000000000,300000 000000000000,450000 0003 S0003+B0002
D000015+S0007 000000000000,200000 000000000003,000000 000000000000,850000 000000000000,170000 0003 S0003+B0002
D000015+S0008 000000000001,600000 000000000007,000000 000000000000,450000 000000000000,720000 0003 S0003+B0002
D000015+S0009 000000000004,700000 000000000015,000000 000000000000,850000 000000000003,995000 0003 S0003+B0002
D000015+S0011 000000000000,900000 000000000015,000000 000000000000,850000 000000000000,765000 0003 S0003+B0002
D000015+S0013 000000000000,500000 000000000025,000000 000000000000,400000 000000000000,200000 0003 S0003+B0002
D000016+S0007 000000000000,900000 000000000005,000000 000000000000,850000 000000000000,765000 0003 S0003+B0002
D000016+S0008 000000000001,700000 000000000005,000000 000000000000,750000 000000000001,275000 0003 S0003+B0002
D000016+S0009 000000000001,700000 000000000015,000000 000000000000,850000 000000000001,445000 0003 S0003+B0002
D000016+S0011 000000000000,400000 000000000005,000000 000000000000,000000 000000000000,000000 0003 S0003+B0002
D000017+S0005 000000000001,100000 000000000002,000000 000000000000,850000 000000000000,935000 0003 S0003+B0001
D000017+S0007 000000000003,500000 000000000005,000000 000000000000,850000 000000000002,975000 0003 S0003+B0001
D000017+S0009 000000000000,900000 000000000003,000000 000000000000,850000 000000000000,765000 0003 S0003+B0001
D000017+S0016 000000000001,100000 000000000003,000000 000000000000,850000 000000000000,935000 0003 S0003+B0001
D000018+S0006 000000000001,500000 000000000002,000000 000000000000,850000 000000000001,275000 0003 S0003+B0001
D000018+S0007 000000000002,500000 000000000002,000000 000000000000,850000 000000000002,125000 0003 S0003+B0001
D000018+S0009 000000000000,700000 000000000002,000000 000000000000,850000 000000000000,595000 0003 S0003+B0001
D000018+S0018 000000000002,500000 000000000006,000000 000000000000,850000 000000000002,125000 0003 S0003+B0001
D000018+S0019 000000000004,500000 000000000003,000000 000000000000,850000 000000000003,825000 0003 S0003+B0001
D000019+S0009 000000000002,500000 000000000021,000000 000000000000,850000 000000000002,125000 0003 S0003+B0001
D000019+S0011 000000000000,200000 000000000001,000000 000000000000,000000 000000000000,000000 0003 S0003+B0001
D000019+S0015 000000000001,700000 000000000002,000000 000000000000,450000 000000000000,765000 0003 S0003+B0001
D000019+S0018 000000000000,600000 000000000003,000000 000000000000,000000 000000000000,000000 0003 S0003+B0001
D000020+S0007 000000000001,400000 000000000003,000000 000000000000,850000 000000000001,190000 0003 S0003+B0001
D000021+S0021 000000000002,500000 000000000005,000000 000000000000,850000 000000000002,125000 0003 S0003+B0005
D000022+S0004 000000000001,500000 000000000004,000000 000000000000,300000 000000000000,450000 0003 S0003+B0005
D000022+S0007 000000000000,200000 000000000003,000000 000000000000,850000 000000000000,170000 0003 S0003+B0005
D000022+S0009 000000000004,500000 000000000070,000000 000000000000,850000 000000000003,825000 0003 S0003+B0005
D000022+S0011 000000000008,700000 000000000145,000000 000000000000,850000 000000000007,395000 0003 S0003+B0005
D000022+S0021 000000000003,900000 000000000011,000000 000000000000,000000 000000000000,000000 0003 S0003+B0005
D000023+S0007 000000000000,700000 000000000006,000000 000000000000,850000 000000000000,595000 0003 S0003+B0005
D000023+S0008 000000000000,500000 000000000003,000000 000000000000,450000 000000000000,225000 0003 S0003+B0005
D000023+S0009 000000000001,900000 000000000025,000000 000000000000,850000 000000000001,615000 0003 S0003+B0005
D000023+S0011 000000000004,700000 000000000095,000000 000000000000,750000 000000000003,525000 0003 S0003+B0005
D000023+S0018 000000000000,700000 000000000010,000000 000000000000,750000 000000000000,525000 0003 S0003+B0005
D000023+S0020 000000000001,200000 000000000004,000000 000000000000,750000 000000000000,900000 0003 S0003+B0005
D000024+S0007 000000000000,600000 000000000005,000000 000000000000,850000 000000000000,510000 0003 S0003+B0005
D000024+S0009 000000000002,900000 000000000065,000000 000000000000,850000 000000000002,465000 0003 S0003+B0005
D000024+S0011 000000000007,500000 000000000170,000000 000000000000,750000 000000000005,625000 0003 S0003+B0005
D000024+S0015 000000000000,900000 000000000010,000000 000000000000,450000 000000000000,405000 0003 S0003+B0005
D000025+S0008 000000000002,000000 000000000005,000000 000000000000,750000 000000000001,500000 0003 S0003+B0005
D000025+S0009 000000000005,700000 000000000135,000000 000000000000,850000 000000000004,845000 0003 S0003+B0005
D000025+S0011 000000000004,700000 000000000175,000000 000000000000,850000 000000000003,995000 0003 S0003+B0005
D000025+S0015 000000000001,000000 000000000018,000000 000000000000,450000 000000000000,450000 0003 S0003+B0005
D000025+S0018 000000000000,900000 000000000006,000000 000000000000,750000 000000000000,675000 0003 S0003+B0005
D000025+S0019 000000000000,800000 000000000005,000000 000000000000,750000 000000000000,600000 0003 S0003+B0005
D000026+S0001 000000000001,000000 000000000001,000000 000000000000,000000 000000000000,000000 0003 S0003+B0005
D000026+S0004 000000000001,500000 000000000002,000000 000000000000,300000 000000000000,450000 0003 S0003+B0005
D000026+S0006 000000000000,600000 000000000001,000000 000000000000,850000 000000000000,510000 0003 S0003+B0005
D000026+S0007 000000000000,200000 000000000002,000000 000000000000,850000 000000000000,170000 0003 S0003+B0005
D000026+S0008 000000000001,000000 000000000006,000000 000000000000,750000 000000000000,750000 0003 S0003+B0005
D000026+S0009 000000000004,500000 000000000070,000000 000000000000,850000 000000000003,825000 0003 S0003+B0005
D000026+S0011 000000000008,700000 000000000130,000000 000000000000,850000 000000000007,395000 0003 S0003+B0005
D000027+S0004 000000000000,030000 000000000001,000000 000000000000,000000 000000000000,000000 0003 S0003+B0005
D000020+S0020 000000000001,400000 000000000001,000000 000000000000,850000 000000000001,190000 0003 S0003+B0001
D000021+S0007 000000000002,000000 000000000020,000000 000000000000,750000 000000000001,500000 0003 S0003+B0005
D000021+S0008 000000000001,000000 000000000002,000000 000000000000,450000 000000000000,450000 0003 S0003+B0005
D000021+S0009 000000000000,900000 000000000010,000000 000000000000,850000 000000000000,765000 0003 S0003+B0005
D000021+S0011 000000000000,700000 000000000004,000000 000000000000,850000 000000000000,595000 0003 S0003+B0005
D000027+S0007 000000000000,050000 000000000001,000000 000000000000,000000 000000000000,000000 0003 S0003+B0005
D000027+S0008 000000000000,800000 000000000004,000000 000000000000,000000 000000000000,000000 0003 S0003+B0005
D000027+S0009 000000000002,900000 000000000064,000000 000000000000,000000 000000000000,000000 0003 S0003+B0005
D000027+S0011 000000000000,700000 000000000004,000000 000000000000,000000 000000000000,000000 0003 S0003+B0005
D000027+S0015 000000000000,010000 000000000001,000000 000000000000,000000 000000000000,000000 0003 S0003+B0005
D000027+S0021 000000000000,010000 000000000001,000000 000000000000,000000 000000000000,000000 0003 S0003+B0005
D000028+S0009 000000000001,200000 000000000034,000000 000000000000,000000 000000000000,000000 0003 S0003+B0005
D000028+S0011 000000000001,000000 000000000025,000000 000000000000,000000 000000000000,000000 0003 S0003+B0005
D000028+S0015 000000000001,000000 000000000021,000000 000000000000,000000 000000000000,000000 0003 S0003+B0005
D000029+S0007 000000000000,310000 000000000005,000000 000000000000,850000 000000000000,263500 0003 S0003+B0005
D000029+S0008 000000000001,100000 000000000010,000000 000000000000,750000 000000000000,825000 0003 S0003+B0005
D000029+S0009 000000000004,050000 000000000143,000000 000000000000,850000 000000000003,442500 0003 S0003+B0005
D000029+S0011 000000000003,450000 000000000174,000000 000000000000,850000 000000000002,932500 0003 S0003+B0005
D000029+S0013 000000000000,200000 000000000004,000000 000000000000,400000 000000000000,080000 0003 S0003+B0005
D000029+S0015 000000000002,400000 000000000046,000000 000000000000,450000 000000000001,080000 0003 S0003+B0005
D000029+S0018 000000000000,150000 000000000002,000000 000000000000,850000 000000000000,127500 0003 S0003+B0005
D000029+S0019 000000000000,200000 000000000001,000000 000000000000,850000 000000000000,170000 0003 S0003+B0005
D000029+S0021 000000000000,200000 000000000009,000000 000000000000,350000 000000000000,070000 0003 S0003+B0005
D000030+S0004 000000000001,500000 000000000002,000000 000000000000,300000 000000000000,450000 0003 S0003+B0005
D000030+S0009 000000000000,500000 000000000005,000000 000000000000,850000 000000000000,425000 0003 S0003+B0005
D000030+S0011 000000000006,600000 000000000055,000000 000000000000,850000 000000000005,610000 0003 S0003+B0005
D000031+S0009 000000000006,700000 000000000090,000000 000000000000,850000 000000000005,695000 0003 S0003+B0005
D000031+S0010 000000000009,700000 000000000235,000000 000000000000,850000 000000000008,245000 0003 S0003+B0005
D000031+S0015 000000000000,700000 000000000009,000000 000000000000,300000 000000000000,210000 0003 S0003+B0005
D000031+S0021 000000000000,700000 000000000007,000000 000000000000,000000 000000000000,000000 0003 S0003+B0005
D000032+S0006 000000000000,700000 000000000007,000000 000000000000,000000 000000000000,000000 0003 S0003+B0005
D000032+S0007 000000000001,100000 000000000004,000000 000000000000,850000 000000000000,935000 0003 S0003+B0005
D000032+S0008 000000000000,400000 000000000003,000000 000000000000,450000 000000000000,180000 0003 S0003+B0005
D000032+S0009 000000000001,500000 000000000015,000000 000000000000,850000 000000000001,275000 0003 S0003+B0005
D000032+S0011 000000000009,700000 000000000210,000000 000000000000,850000 000000000008,245000 0003 S0003+B0005
D000032+S0015 000000000001,500000 000000000027,000000 000000000000,300000 000000000000,450000 0003 S0003+B0005
D000033+S0002 000000000000,600000 000000000003,000000 000000000000,000000 000000000000,000000 0004 S0004+B0001
D000033+S0004 000000000000,900000 000000000002,000000 000000000000,000000 000000000000,000000 0004 S0004+B0001
D000033+S0009 000000000001,300000 000000000012,000000 000000000000,000000 000000000000,000000 0004 S0004+B0001
D000033+S0011 000000000000,900000 000000000008,000000 000000000000,000000 000000000000,000000 0004 S0004+B0001
D000033+S0017 000000000000,700000 000000000002,000000 000000000000,000000 000000000000,000000 0004 S0004+B0001
D000033+S0018 000000000000,800000 000000000004,000000 000000000000,000000 000000000000,000000 0004 S0004+B0001
D000034+S0002 000000000000,800000 000000000005,000000 000000000000,000000 000000000000,000000 0004 S0004+B0001
D000034+S0003 000000000001,200000 000000000004,000000 000000000000,000000 000000000000,000000 0004 S0004+B0001
D000034+S0008 000000000000,300000 000000000001,000000 000000000000,000000 000000000000,000000 0004 S0004+B0001
D000034+S0009 000000000001,900000 000000000021,000000 000000000000,000000 000000000000,000000 0004 S0004+B0001
D000034+S0011 000000000000,600000 000000000009,000000 000000000000,000000 000000000000,000000 0004 S0004+B0001
D000034+S0018 000000000000,800000 000000000008,000000 000000000000,000000 000000000000,000000 0004 S0004+B0001
D000035+S0002 000000000000,400000 000000000002,000000 000000000000,000000 000000000000,000000 0004 S0004+B0001
D000035+S0003 000000000000,700000 000000000004,000000 000000000000,000000 000000000000,000000 0004 S0004+B0001
D000035+S0009 000000000001,300000 000000000012,000000 000000000000,000000 000000000000,000000 0004 S0004+B0001
D000035+S0011 000000000000,900000 000000000011,000000 000000000000,000000 000000000000,000000 0004 S0004+B0001
D000035+S0017 000000000000,300000 000000000001,000000 000000000000,000000 000000000000,000000 0004 S0004+B0001
D000035+S0021 000000000000,300000 000000000001,000000 000000000000,000000 000000000000,000000 0004 S0004+B0001
D000036+S0004 000000000000,600000 000000000002,000000 000000000000,000000 000000000000,000000 0004 S0004+B0001
D000036+S0009 000000000000,900000 000000000005,000000 000000000000,000000 000000000000,000000 0004 S0004+B0001
D000036+S0011 000000000000,900000 000000000003,000000 000000000000,000000 000000000000,000000 0004 S0004+B0001
D000036+S0016 000000000000,900000 000000000004,000000 000000000000,000000 000000000000,000000 0004 S0004+B0001
D000037+S0009 000000000001,700000 000000000014,000000 000000000000,000000 000000000000,000000 0004 S0004+B0001
D000037+S0011 000000000001,100000 000000000009,000000 000000000000,000000 000000000000,000000 0004 S0004+B0001
D000037+S0016 000000000001,300000 000000000006,000000 000000000000,000000 000000000000,000000 0004 S0004+B0001
D000037+S0018 000000000001,000000 000000000005,000000 000000000000,000000 000000000000,000000 0004 S0004+B0001
D000038+S0002 000000000001,900000 000000000008,000000 000000000000,000000 000000000000,000000 0004 S0004+B0001
D000038+S0004 000000000002,300000 000000000005,000000 000000000000,000000 000000000000,000000 0004 S0004+B0001
D000038+S0009 000000000002,100000 000000000021,000000 000000000000,000000 000000000000,000000 0004 S0004+B0001
D000038+S0011 000000000001,700000 000000000008,000000 000000000000,000000 000000000000,000000 0004 S0004+B0001
D000038+S0016 000000000001,300000 000000000004,000000 000000000000,000000 000000000000,000000 0004 S0004+B0001
D000038+S0017 000000000002,600000 000000000003,000000 000000000000,000000 000000000000,000000 0004 S0004+B0001
D000039+S0002 000000000000,900000 000000000006,000000 000000000000,000000 000000000000,000000 0004 S0004+B0001
D000039+S0009 000000000001,800000 000000000022,000000 000000000000,000000 000000000000,000000 0004 S0004+B0001
D000039+S0011 000000000001,700000 000000000009,000000 000000000000,000000 000000000000,000000 0004 S0004+B0001
D000040+S0008 000000000000,700000 000000000001,000000 000000000000,000000 000000000000,000000 0004 S0004+B0001
D000040+S0011 000000000001,500000 000000000017,000000 000000000000,000000 000000000000,000000 0004 S0004+B0001
D000040+S0013 000000000001,300000 000000000008,000000 000000000000,000000 000000000000,000000 0004 S0004+B0001
D000040+S0016 000000000001,000000 000000000002,000000 000000000000,000000 000000000000,000000 0004 S0004+B0001
D000040+S0017 000000000000,900000 000000000002,000000 000000000000,000000 000000000000,000000 0004 S0004+B0001
D000040+S0020 000000000001,300000 000000000003,000000 000000000000,000000 000000000000,000000 0004 S0004+B0001
D000041+S0004 000000000001,800000 000000000020,000000 000000000000,000000 000000000000,000000 0004 S0004+B0001
D000041+S0009 000000000000,900000 000000000008,000000 000000000000,000000 000000000000,000000 0004 S0004+B0001
D000041+S0011 000000000001,000000 000000000007,000000 000000000000,000000 000000000000,000000 0004 S0004+B0001
D000041+S0018 000000000001,200000 000000000012,000000 000000000000,000000 000000000000,000000 0004 S0004+B0001
D000042+S0002 000000000000,900000 000000000006,000000 000000000000,000000 000000000000,000000 0004 S0004+B0001
D000042+S0004 000000000001,100000 000000000008,000000 000000000000,000000 000000000000,000000 0004 S0004+B0001
D000042+S0009 000000000001,900000 000000000043,000000 000000000000,000000 000000000000,000000 0004 S0004+B0001
D000042+S0011 000000000001,500000 000000000012,000000 000000000000,000000 000000000000,000000 0004 S0004+B0001
D000043+S0008 000000000000,300000 000000000001,000000 000000000000,000000 000000000000,000000 0004 S0004+B0001
D000043+S0011 000000000001,200000 000000000020,000000 000000000000,000000 000000000000,000000 0004 S0004+B0001
D000043+S0013 000000000000,900000 000000000005,000000 000000000000,000000 000000000000,000000 0004 S0004+B0001
D000043+S0016 000000000000,800000 000000000002,000000 000000000000,000000 000000000000,000000 0004 S0004+B0001
D000043+S0017 000000000000,700000 000000000002,000000 000000000000,000000 000000000000,000000 0004 S0004+B0001
D000043+S0020 000000000000,900000 000000000003,000000 000000000000,000000 000000000000,000000 0004 S0004+B0001
D000044+S0002 000000000000,700000 000000000003,000000 000000000000,000000 000000000000,000000 0004 S0004+B0001
D000044+S0008 000000000000,500000 000000000001,000000 000000000000,000000 000000000000,000000 0004 S0004+B0001
D000044+S0009 000000000001,100000 000000000015,000000 000000000000,000000 000000000000,000000 0004 S0004+B0001
D000044+S0011 000000000001,400000 000000000016,000000 000000000000,000000 000000000000,000000 0004 S0004+B0001
D000044+S0017 000000000000,800000 000000000003,000000 000000000000,000000 000000000000,000000 0004 S0004+B0001
D000044+S0018 000000000000,900000 000000000009,000000 000000000000,000000 000000000000,000000 0004 S0004+B0001
D000044+S0020 000000000000,700000 000000000004,000000 000000000000,000000 000000000000,000000 0004 S0004+B0001
D000045+S0005 000000000001,900000 000000000005,000000 000000000000,000000 000000000000,000000 0004 S0004+B0001
D000045+S0006 000000000001,300000 000000000002,000000 000000000000,000000 000000000000,000000 0004 S0004+B0001
D000045+S0011 000000000001,600000 000000000006,000000 000000000000,000000 000000000000,000000 0004 S0004+B0001
D000045+S0013 000000000000,700000 000000000003,000000 000000000000,000000 000000000000,000000 0004 S0004+B0001
D000045+S0017 000000000001,300000 000000000004,000000 000000000000,000000 000000000000,000000 0004 S0004+B0001
D000045+S0020 000000000000,500000 000000000001,000000 000000000000,000000 000000000000,000000 0004 S0004+B0001
D000046+S0002 000000000000,700000 000000000003,000000 000000000000,000000 000000000000,000000 0004 S0004+B0001
D000046+S0008 000000000000,500000 000000000001,000000 000000000000,000000 000000000000,000000 0004 S0004+B0001
D000046+S0009 000000000001,100000 000000000010,000000 000000000000,000000 000000000000,000000 0004 S0004+B0001
D000046+S0011 000000000001,700000 000000000012,000000 000000000000,000000 000000000000,000000 0004 S0004+B0001
D000046+S0017 000000000001,700000 000000000005,000000 000000000000,000000 000000000000,000000 0004 S0004+B0001
D000046+S0018 000000000000,900000 000000000009,000000 000000000000,000000 000000000000,000000 0004 S0004+B0001
D000048+S0009 000000000000,900000 000000000011,000000 000000000000,000000 000000000000,000000 0004 S0004+B0001
D000048+S0011 000000000001,300000 000000000016,000000 000000000000,000000 000000000000,000000 0004 S0004+B0001
D000048+S0016 000000000000,600000 000000000003,000000 000000000000,000000 000000000000,000000 0004 S0004+B0001
D000048+S0018 000000000000,900000 000000000006,000000 000000000000,000000 000000000000,000000 0004 S0004+B0001
D000049+S0005 000000000001,900000 000000000007,000000 000000000000,000000 000000000000,000000 0004 S0004+B0001
D000049+S0006 000000000002,100000 000000000004,000000 000000000000,000000 000000000000,000000 0004 S0004+B0001
D000049+S0011 000000000001,800000 000000000010,000000 000000000000,000000 000000000000,000000 0004 S0004+B0001
D000049+S0013 000000000000,900000 000000000003,000000 000000000000,000000 000000000000,000000 0004 S0004+B0001
D000049+S0017 000000000002,700000 000000000005,000000 000000000000,000000 000000000000,000000 0004 S0004+B0001
D000050+S0002 000000000001,300000 000000000007,000000 000000000000,000000 000000000000,000000 0004 S0004+B0001
D000050+S0004 000000000001,700000 000000000002,000000 000000000000,000000 000000000000,000000 0004 S0004+B0001
D000050+S0007 000000000001,300000 000000000003,000000 000000000000,000000 000000000000,000000 0004 S0004+B0001
D000050+S0008 000000000001,700000 000000000004,000000 000000000000,000000 000000000000,000000 0004 S0004+B0001
D000050+S0009 000000000001,900000 000000000008,000000 000000000000,000000 000000000000,000000 0004 S0004+B0001
D000050+S0011 000000000001,900000 000000000016,000000 000000000000,000000 000000000000,000000 0004 S0004+B0001
D000047+S0002 000000000000,400000 000000000002,000000 000000000000,000000 000000000000,000000 0004 S0004+B0001
D000108+S0017 000000000010,000000 000000000001,000000 000000000001,000000 000000000010,000000 0004 S0005+B0001
D000109+S0014 000000000040,000000 000000000060,000000 000000000000,250000 000000000010,000000 0004 S0005+B0001
D000110+S0005 000000000008,000000 000000000035,000000 000000000000,150000 000000000001,200000 0004 S0005+B0001
D000111+S0004 000000000010,000000 000000000074,000000 000000000000,500000 000000000005,000000 0004 S0005+B0001
D000112+S0004 000000000007,000000 000000000057,000000 000000000000,500000 000000000003,500000 0004 S0005+B0001
D000113+S0004 000000000010,000000 000000000066,000000 000000000000,500000 000000000005,000000 0004 S0005+B0001
D000114+S0014 000000000008,000000 000000000010,000000 000000000000,250000 000000000002,000000 0004 S0005+B0001
D000115+S0009 000000000008,000000 000000000023,000000 000000000000,200000 000000000001,600000 0004 S0005+B0001
D000093+S0017 000000000001,000000 000000000002,000000 000000000000,350000 000000000000,350000 0008 S0013+B0003
D000094+S0004 000000000001,000000 000000000001,000000 000000000000,500000 000000000000,500000 0008 S0013+B0003
D000096+S0004 000000000004,000000 000000000005,000000 000000000000,500000 000000000002,000000 0008 S0013+B0003
D000097+S0003 000000000000,500000 000000000001,000000 000000000000,500000 000000000000,250000 0008 S0013+B0003
D000098+S0004 000000000002,500000 000000000003,000000 000000000000,500000 000000000001,250000 0008 S0013+B0003
D000099+S0004 000000000001,000000 000000000001,000000 000000000000,500000 000000000000,500000 0008 S0013+B0003
D000100+S0004 000000000003,700000 000000000004,000000 000000000000,500000 000000000001,850000 0008 S0013+B0003
D000102+S0004 000000000004,400000 000000000008,000000 000000000000,500000 000000000002,200000 0008 S0013+B0003
D000102+S0017 000000000000,900000 000000000003,000000 000000000000,350000 000000000000,315000 0008 S0013+B0003
D000103+S0004 000000000002,300000 000000000004,000000 000000000000,500000 000000000001,150000 0008 S0013+B0003
D000062+S0016 000000000002,500000 000000000020,000000 000000000000,000000 000000000000,000000 0005 S0008+B0001
D000062+S0018 000000000001,500000 000000000003,000000 000000000000,000000 000000000000,000000 0005 S0008+B0001
D000062+S0020 000000000001,500000 000000000003,000000 000000000000,000000 000000000000,000000 0005 S0008+B0001
D000063+S0020 000000000002,500000 000000000001,000000 000000000000,000000 000000000000,000000 0005 S0008+B0001
D000064+S0004 000000000000,500000 000000000002,000000 000000000000,000000 000000000000,000000 0005 S0008+B0001
D000064+S0009 000000000002,000000 000000000031,000000 000000000000,000000 000000000000,000000 0005 S0008+B0001
D000064+S0018 000000000001,500000 000000000012,000000 000000000000,000000 000000000000,000000 0005 S0008+B0001
D000065+S0002 000000000001,500000 000000000015,000000 000000000000,000000 000000000000,000000 0005 S0008+B0001
D000065+S0008 000000000000,500000 000000000002,000000 000000000000,000000 000000000000,000000 0005 S0008+B0001
D000065+S0011 000000000001,000000 000000000009,000000 000000000000,000000 000000000000,000000 0005 S0008+B0001
D000065+S0016 000000000000,500000 000000000006,000000 000000000000,000000 000000000000,000000 0005 S0008+B0001
D000065+S0018 000000000002,500000 000000000025,000000 000000000000,000000 000000000000,000000 0005 S0008+B0001
D000066+S0008 000000000001,000000 000000000003,000000 000000000000,000000 000000000000,000000 0005 S0008+B0001
D000066+S0011 000000000000,500000 000000000006,000000 000000000000,000000 000000000000,000000 0005 S0008+B0001
D000066+S0016 000000000001,500000 000000000023,000000 000000000000,000000 000000000000,000000 0005 S0008+B0001
D000066+S0017 000000000001,000000 000000000005,000000 000000000000,000000 000000000000,000000 0005 S0008+B0001
D000066+S0018 000000000000,500000 000000000004,000000 000000000000,000000 000000000000,000000 0005 S0008+B0001
D000066+S0021 000000000001,500000 000000000009,000000 000000000000,000000 000000000000,000000 0005 S0008+B0001
D000067+S0009 000000000000,500000 000000000008,000000 000000000000,000000 000000000000,000000 0005 S0008+B0001
D000067+S0011 000000000001,000000 000000000017,000000 000000000000,000000 000000000000,000000 0005 S0008+B0001
D000067+S0016 000000000002,000000 000000000027,000000 000000000000,000000 000000000000,000000 0005 S0008+B0001
D000067+S0018 000000000001,000000 000000000013,000000 000000000000,000000 000000000000,000000 0005 S0008+B0001
D000068+S0011 000000000001,000000 000000000020,000000 000000000000,000000 000000000000,000000 0005 S0008+B0001
D000068+S0018 000000000001,500000 000000000017,000000 000000000000,000000 000000000000,000000 0005 S0008+B0001
D000068+S0020 000000000001,000000 000000000005,000000 000000000000,000000 000000000000,000000 0005 S0008+B0001
D000068+S0021 000000000001,000000 000000000002,000000 000000000000,000000 000000000000,000000 0005 S0008+B0001
D000069+S0008 000000000001,000000 000000000014,000000 000000000000,000000 000000000000,000000 0005 S0008+B0001
D000069+S0009 000000000000,500000 000000000007,000000 000000000000,000000 000000000000,000000 0005 S0008+B0001
D000069+S0011 000000000001,000000 000000000010,000000 000000000000,000000 000000000000,000000 0005 S0008+B0001
D000069+S0016 000000000000,500000 000000000003,000000 000000000000,000000 000000000000,000000 0005 S0008+B0001
D000070+S0004 000000000002,500000 000000000010,000000 000000000000,000000 000000000000,000000 0005 S0008+B0001
D000070+S0021 000000000002,000000 000000000035,000000 000000000000,000000 000000000000,000000 0005 S0008+B0001
D000071+S0004 000000000000,500000 000000000007,000000 000000000000,000000 000000000000,000000 0005 S0008+B0001
D000071+S0011 000000000001,000000 000000000013,000000 000000000000,000000 000000000000,000000 0005 S0008+B0001
D000071+S0021 000000000001,000000 000000000014,000000 000000000000,000000 000000000000,000000 0005 S0008+B0001
D000047+S0003 000000000001,100000 000000000017,000000 000000000000,000000 000000000000,000000 0004 S0004+B0001
D000047+S0009 000000000000,500000 000000000004,000000 000000000000,000000 000000000000,000000 0004 S0004+B0001
D000047+S0011 000000000000,500000 000000000008,000000 000000000000,000000 000000000000,000000 0004 S0004+B0001
D000047+S0016 000000000000,600000 000000000005,000000 000000000000,000000 000000000000,000000 0004 S0004+B0001
D000047+S0018 000000000000,900000 000000000004,000000 000000000000,000000 000000000000,000000 0004 S0004+B0001
D000048+S0002 000000000000,700000 000000000004,000000 000000000000,000000 000000000000,000000 0004 S0004+B0001
D000048+S0006 000000000000,500000 000000000002,000000 000000000000,000000 000000000000,000000 0004 S0004+B0001
D000051+S0018 000000000001,500000 000000000004,000000 000000000000,000000 000000000000,000000 0005 S0007+B0001
D000053+S0002 000000000001,000000 000000000006,000000 000000000000,000000 000000000000,000000 0005 S0007+B0001
D000053+S0006 000000000002,500000 000000000001,000000 000000000000,000000 000000000000,000000 0005 S0007+B0001
D000053+S0011 000000000000,500000 000000000001,000000 000000000000,000000 000000000000,000000 0005 S0007+B0001
D000054+S0008 000000000000,500000 000000000001,000000 000000000000,000000 000000000000,000000 0005 S0007+B0001
D000054+S0016 000000000001,000000 000000000014,000000 000000000000,000000 000000000000,000000 0005 S0007+B0001
D000055+S0008 000000000001,500000 000000000006,000000 000000000000,000000 000000000000,000000 0005 S0007+B0001
D000055+S0009 000000000000,500000 000000000005,000000 000000000000,000000 000000000000,000000 0005 S0007+B0001
D000055+S0016 000000000002,500000 000000000025,000000 000000000000,000000 000000000000,000000 0005 S0007+B0001
D000055+S0018 000000000000,500000 000000000001,000000 000000000000,000000 000000000000,000000 0005 S0007+B0001
D000055+S0020 000000000000,500000 000000000003,000000 000000000000,000000 000000000000,000000 0005 S0007+B0001
D000056+S0002 000000000000,500000 000000000002,000000 000000000000,000000 000000000000,000000 0005 S0007+B0001
D000056+S0008 000000000004,000000 000000000016,000000 000000000000,000000 000000000000,000000 0005 S0007+B0001
D000056+S0011 000000000001,000000 000000000002,000000 000000000000,000000 000000000000,000000 0005 S0007+B0001
D000056+S0016 000000000001,500000 000000000022,000000 000000000000,000000 000000000000,000000 0005 S0007+B0001
D000056+S0020 000000000000,500000 000000000007,000000 000000000000,000000 000000000000,000000 0005 S0007+B0001
D000057+S0008 000000000000,500000 000000000001,000000 000000000000,000000 000000000000,000000 0005 S0007+B0001
D000057+S0020 000000000001,000000 000000000002,000000 000000000000,000000 000000000000,000000 0005 S0007+B0001
D000058+S0002 000000000000,500000 000000000007,000000 000000000000,000000 000000000000,000000 0005 S0007+B0001
D000058+S0008 000000000000,500000 000000000010,000000 000000000000,000000 000000000000,000000 0005 S0007+B0001
D000058+S0016 000000000001,500000 000000000031,000000 000000000000,000000 000000000000,000000 0005 S0007+B0001
D000058+S0018 000000000000,500000 000000000006,000000 000000000000,000000 000000000000,000000 0005 S0007+B0001
D000059+S0011 000000000000,500000 000000000004,000000 000000000000,000000 000000000000,000000 0005 S0007+B0001
D000059+S0021 000000000001,500000 000000000014,000000 000000000000,000000 000000000000,000000 0005 S0007+B0001
D000060+S0009 000000000001,000000 000000000010,000000 000000000000,000000 000000000000,000000 0005 S0008+B0001
D000060+S0018 000000000000,500000 000000000005,000000 000000000000,000000 000000000000,000000 0005 S0008+B0001
D000060+S0021 000000000000,500000 000000000002,000000 000000000000,000000 000000000000,000000 0005 S0008+B0001
D000061+S0008 000000000000,500000 000000000001,000000 000000000000,000000 000000000000,000000 0005 S0008+B0001
D000061+S0009 000000000001,000000 000000000005,000000 000000000000,000000 000000000000,000000 0005 S0008+B0001
D000061+S0011 000000000001,500000 000000000005,000000 000000000000,000000 000000000000,000000 0005 S0008+B0001
D000062+S0002 000000000001,500000 000000000005,000000 000000000000,000000 000000000000,000000 0005 S0008+B0001
D000062+S0008 000000000005,500000 000000000014,000000 000000000000,000000 000000000000,000000 0005 S0008+B0001
D000062+S0011 000000000001,000000 000000000003,000000 000000000000,000000 000000000000,000000 0005 S0008+B0001
D000072+S0006 000000000003,000000 000000000007,000000 000000000000,600000 000000000001,800000 0008 S0012+B0001
D000072+S0009 000000000012,000000 000000000141,000000 000000000000,200000 000000000002,400000 0008 S0012+B0001
D000072+S0017 000000000002,000000 000000000005,000000 000000000000,650000 000000000001,300000 0008 S0012+B0001
D000073+S0004 000000000003,000000 000000000009,000000 000000000000,300000 000000000000,900000 0008 S0012+B0001
D000073+S0006 000000000002,000000 000000000004,000000 000000000000,600000 000000000001,200000 0008 S0012+B0001
D000073+S0009 000000000007,000000 000000000085,000000 000000000000,200000 000000000001,400000 0008 S0012+B0001
D000075+S0009 000000000003,000000 000000000014,000000 000000000000,200000 000000000000,600000 0008 S0012+B0001
D000075+S0017 000000000002,000000 000000000005,000000 000000000000,650000 000000000001,300000 0008 S0012+B0001
D000076+S0006 000000000003,500000 000000000009,000000 000000000000,000000 000000000000,000000 0008 S0012+B0001
D000076+S0009 000000000005,000000 000000000034,000000 000000000000,000000 000000000000,000000 0008 S0012+B0001
D000077+S0004 000000000005,000000 000000000014,000000 000000000000,300000 000000000001,500000 0008 S0012+B0001
D000077+S0009 000000000003,000000 000000000017,000000 000000000000,200000 000000000000,600000 0008 S0012+B0001
D000077+S0017 000000000002,000000 000000000005,000000 000000000065,000000 000000000130,000000 0008 S0012+B0001
D000078+S0006 000000000003,000000 000000000006,000000 000000000000,600000 000000000001,800000 0008 S0012+B0001
D000078+S0009 000000000027,000000 000000000227,000000 000000000000,200000 000000000005,400000 0008 S0012+B0001
D000079+S0004 000000000002,500000 000000000009,000000 000000000000,300000 000000000000,750000 0008 S0012+B0001
D000079+S0009 000000000003,000000 000000000019,000000 000000000000,200000 000000000000,600000 0008 S0012+B0001
D000079+S0017 000000000002,000000 000000000005,000000 000000000000,650000 000000000001,300000 0008 S0012+B0001
D000080+S0006 000000000007,500000 000000000006,000000 000000000000,600000 000000000004,500000 0008 S0012+B0001
D000080+S0009 000000000008,000000 000000000046,000000 000000000000,200000 000000000001,600000 0008 S0012+B0001
D000080+S0017 000000000003,000000 000000000005,000000 000000000000,650000 000000000001,950000 0008 S0012+B0001
D000074+S0004 000000000006,000000 000000000041,000000 000000000000,300000 000000000001,800000 0008 S0012+B0001
D000074+S0006 000000000002,000000 000000000005,000000 000000000000,600000 000000000001,200000 0008 S0012+B0001
D000074+S0009 000000000004,500000 000000000025,000000 000000000000,200000 000000000000,900000 0008 S0012+B0001
D000075+S0006 000000000004,500000 000000000009,000000 000000000000,600000 000000000002,700000 0008 S0012+B0001
D000081+S0006 000000000008,000000 000000000012,000000 000000000000,600000 000000000004,800000 0008 S0012+B0001
D000081+S0009 000000000019,000000 000000000129,000000 000000000000,200000 000000000003,800000 0008 S0012+B0001
D000081+S0017 000000000002,500000 000000000007,000000 000000000000,650000 000000000001,625000 0008 S0012+B0001
D000082+S0006 000000000021,000000 000000000009,000000 000000000000,600000 000000000012,600000 0008 S0012+B0001
D000082+S0009 000000000005,000000 000000000015,000000 000000000000,200000 000000000001,000000 0008 S0012+B0001
D000082+S0017 000000000002,000000 000000000004,000000 000000000000,650000 000000000001,300000 0008 S0012+B0001
D000083+S0006 000000000007,000000 000000000004,000000 000000000000,600000 000000000004,200000 0008 S0012+B0001
D000083+S0017 000000000003,000000 000000000002,000000 000000000000,500000 000000000001,500000 0008 S0012+B0001
D000084+S0006 000000000003,000000 000000000006,000000 000000000000,600000 000000000001,800000 0008 S0012+B0001
D000084+S0009 000000000019,000000 000000000226,000000 000000000000,200000 000000000003,800000 0008 S0012+B0001
D000084+S0017 000000000002,000000 000000000005,000000 000000000000,650000 000000000001,300000 0008 S0012+B0001
D000085+S0004 000000000001,500000 000000000006,000000 000000000000,300000 000000000000,450000 0008 S0012+B0001
D000085+S0009 000000000014,000000 000000000182,000000 000000000000,200000 000000000002,800000 0008 S0012+B0001
D000085+S0017 000000000002,000000 000000000004,000000 000000000000,650000 000000000001,300000 0008 S0012+B0001
D000086+S0004 000000000002,500000 000000000008,000000 000000000000,300000 000000000000,750000 0008 S0012+B0003
D000086+S0006 000000000006,000000 000000000007,000000 000000000000,600000 000000000003,600000 0008 S0012+B0003
D000086+S0011 000000000001,000000 000000000012,000000 000000000000,100000 000000000000,100000 0008 S0012+B0003
D000087+S0004 000000000001,500000 000000000005,000000 000000000000,300000 000000000000,450000 0008 S0012+B0003
D000087+S0009 000000000003,000000 000000000013,000000 000000000000,200000 000000000000,600000 0008 S0012+B0003
D000087+S0021 000000000002,000000 000000000005,000000 000000000000,300000 000000000000,600000 0008 S0012+B0003
D000088+S0004 000000000000,800000 000000000001,000000 000000000000,500000 000000000000,400000 0008 S0013+B0003
D000089+S0004 000000000000,600000 000000000001,000000 000000000000,500000 000000000000,300000 0008 S0013+B0003
D000090+S0004 000000000002,500000 000000000003,000000 000000000000,500000 000000000001,250000 0008 S0013+B0003
D000091+S0004 000000000002,800000 000000000003,000000 000000000000,500000 000000000001,400000 0008 S0013+B0003
D000091+S0017 000000000000,600000 000000000003,000000 000000000000,350000 000000000000,210000 0008 S0013+B0003
D000092+S0004 000000000000,700000 000000000001,000000 000000000000,500000 000000000000,350000 0008 S0013+B0003
D000092+S0017 000000000000,600000 000000000001,000000 000000000000,350000 000000000000,210000 0008 S0013+B0003
D000093+S0004 000000000003,000000 000000000003,000000 000000000000,500000 000000000001,500000 0008 S0013+B0003
D000095+S0004 000000000001,000000 000000000001,000000 000000000000,500000 000000000000,500000 0008 S0013+B0003
D000101+S0004 000000000004,400000 000000000004,000000 000000000000,500000 000000000002,200000 0008 S0013+B0003
D000104+S0014 000000000004,000000 000000000005,000000 000000000000,500000 000000000002,000000 0004 S0005+B0001
D000105+S0009 000000000010,000000 000000000040,000000 000000000000,250000 000000000002,500000 0004 S0005+B0001
D000106+S0009 000000000004,000000 000000000013,000000 000000000000,200000 000000000000,800000 0004 S0005+B0001
D000106+S0014 000000000008,000000 000000000018,000000 000000000000,250000 000000000002,000000 0004 S0005+B0001
D000107+S0009 000000000003,000000 000000000015,000000 000000000000,200000 000000000000,600000 0004 S0005+B0001
D000116+S0004 000000000007,000000 000000000018,000000 000000000000,400000 000000000002,800000 0006 S0009+B0001
D000116+S0006 000000000003,000000 000000000001,000000 000000000000,500000 000000000001,500000 0006 S0009+B0001
D000116+S0009 000000000003,000000 000000000035,000000 000000000000,300000 000000000000,900000 0006 S0009+B0001
D000117+S0004 000000000004,000000 000000000009,000000 000000000000,400000 000000000001,600000 0006 S0009+B0001
D000117+S0009 000000000001,000000 000000000014,000000 000000000000,300000 000000000000,300000 0006 S0009+B0001
D000118+S0004 000000000007,000000 000000000025,000000 000000000000,400000 000000000002,800000 0006 S0009+B0001
D000120+S0009 000000000001,500000 000000000027,000000 000000000000,200000 000000000000,300000 0006 S0009+B0005
D000118+S0009 000000000005,000000 000000000056,000000 000000000000,300000 000000000001,500000 0006 S0009+B0001
D000119+S0004 000000000005,000000 000000000009,000000 000000000000,400000 000000000002,000000 0006 S0009+B0001
D000119+S0009 000000000004,000000 000000000027,000000 000000000000,300000 000000000001,200000 0006 S0009+B0001
D000121+S0009 000000000002,000000 000000000036,000000 000000000000,200000 000000000000,400000 0006 S0009+B0005
D000122+S0009 000000000001,000000 000000000024,000000 000000000000,200000 000000000000,200000 0006 S0009+B0005
D000123+S0009 000000000001,500000 000000000033,000000 000000000000,200000 000000000000,300000 0006 S0009+B0005
D000124+S0009 000000000002,500000 000000000063,000000 000000000000,200000 000000000000,500000 0006 S0009+B0005
D000125+S0009 000000000003,000000 000000000072,000000 000000000000,200000 000000000000,600000 0006 S0009+B0005
D000126+S0009 000000000002,500000 000000000088,000000 000000000000,200000 000000000000,500000 0006 S0009+B0005
D000127+S0009 000000000002,000000 000000000079,000000 000000000000,200000 000000000000,400000 0006 S0009+B0005
D000128+S0009 000000000003,500000 000000000177,000000 000000000000,200000 000000000000,700000 0006 S0009+B0005
D000129+S0009 000000000004,000000 000000000203,000000 000000000000,200000 000000000000,800000 0006 S0009+B0005
D000130+S0009 000000000004,000000 000000000163,000000 000000000000,200000 000000000000,800000 0006 S0009+B0005
D000131+S0009 000000000003,000000 000000000171,000000 000000000000,200000 000000000000,600000 0006 S0009+B0005
