000001 07 0001,000 0001,000 000000000005,400000 000000000005,400000 KodjoFrançoi    0004 S0004+B0001
000002 07 0001,000 0001,000 000000000006,000000 000000000006,000000 KodjoFrançoi    0004 S0004+B0001
000003 13 0001,000 0001,000 000000000000,001000 000000000000,001000 KodjoFrançoi    0004 S0004+B0001
000004 13 0001,000 0001,000 000000000003,650000 000000000003,650000 KodjoFrançoi    0004 S0004+B0001
000005 19 0001,000 0001,000 000000000007,700000 000000000007,700000 KodjoFrançoi    0004 S0004+B0001
000006 19 0001,000 0001,000 000000000000,001000 000000000000,001000 KodjoFrançoi    0004 S0004+B0001
000007 29 0001,000 0001,000 000000000010,700000 000000000010,700000 François Kodjo  0004 S0004+B0002
000008 29 0001,000 0001,000 000000000012,600000 000000000012,600000 François Kodjo  0004 S0004+B0002
000009 25 0001,000 0001,000 000000000023,200001 000000000023,200001 François Kodjo  0004 S0004+B0002
000010 25 0001,000 0001,000 000000000027,600000 000000000027,600000 François Kodjo  0004 S0004+B0002
000011 01 0001,000 0001,000 000000000003,300000 000000000003,300000 François Kodjo  0004 S0004+B0002
000012 01 0001,000 0001,000 000000000006,200000 000000000006,200000 François Kodjo  0004 S0004+B0002
000013 16 0001,000 0001,000 000000000043,000000 000000000043,000000 François Kodjo  0004 S0004+B0002
000014 16 0001,000 0001,000 000000000041,250000 000000000041,250000 François Kodjo  0004 S0004+B0002
000015 03 0001,000 0001,000 000000000001,800000 000000000001,800000 François Kodjo  0004 S0004+B0002
000016 03 0001,000 0001,000 000000000007,500000 000000000007,500000 François Kodjo  0004 S0004+B0002
000017 13 0001,000 0001,000 000000000010,700000 000000000010,700000 François Kodjo  0004 S0004+B0002
000018 13 0001,000 0001,000 000000000000,001000 000000000000,001000 François Kodjo  0004 S0004+B0002
000019 19 0001,000 0001,000 000000000006,600000 000000000006,600000 KodjoFrançoi    0004 S0004+B0002
000020 19 0001,000 0001,000 000000000000,001000 000000000000,001000 KodjoFrançoi    0004 S0004+B0002
000021 23 0001,000 0001,000 000000000011,400000 000000000011,400000 KodjoFrançoi    0004 S0004+B0003
000022 23 0001,000 0001,000 000000000011,750000 000000000011,750000 KodjoFrançoi    0004 S0004+B0003
000023 18 0001,000 0001,000 000000000011,000000 000000000011,000000 s.Abdoulaye     0004 S0005+B0001
000024 18 0001,000 0001,000 000000000007,000000 000000000007,000000 s.Abdoulaye     0004 S0005+B0001
000025 10 0001,000 0000,500 000000000001,000000 000000000001,000000 s.Abdoulaye     0004 S0005+B0001
000026 10 0001,000 0001,000 000000000001,000000 000000000001,000000 s.Abdoulaye     0004 S0005+B0001
000027 16 0001,000 0001,000 000000000008,000000 000000000008,000000 s.Abdoulaye     0004 S0005+B0001
000028 16 0001,000 0001,000 000000000013,000000 000000000013,000000 s.Abdoulaye     0004 S0005+B0001
000029 25 0001,000 0001,000 000000000002,000000 000000000002,000000 s.Abdoulaye     0004 S0005+B0001
000030 25 0001,000 0000,500 000000000004,000000 000000000004,000000 s.Abdoulaye     0004 S0005+B0001
000031 18 0001,000 0001,000 000000000005,500000 000000000005,500000 s.Abdoulaye     0004 S0005+B0002
000032 18 0001,000 0001,000 000000000006,500000 000000000006,500000 s.Abdoulaye     0004 S0005+B0002
000033 10 0001,000 0001,000 000000000001,000000 000000000001,000000 s.Abdoulaye     0004 S0005+B0002
000034 10 0001,000 0001,000 000000000003,000000 000000000003,000000 s.Abdoulaye     0004 S0005+B0002
000035 25 0001,000 0001,000 000000000015,500000 000000000015,500000 s.Abdoulaye     0004 S0005+B0002
000036 25 0001,000 0001,000 000000000010,000000 000000000010,000000 s.Abdoulaye     0004 S0005+B0002
000037 16 0001,000 0001,000 000000000004,000000 000000000004,000000 s.Abdoulaye     0004 S0005+B0002
000038 16 0001,000 0001,000 000000000007,000000 000000000007,000000 s.Abdoulaye     0004 S0005+B0002
000039 10 0001,000 0001,000 000000000002,000000 000000000002,000000 s.Abdoulaye     0004 S0005+B0003
000040 10 0001,000 0001,000 000000000009,500000 000000000009,500000 s.Abdoulaye     0004 S0005+B0003
000041 18 0001,000 0000,500 000000000005,000000 000000000005,000000 s.Abdoulaye     0004 S0005+B0003
000042 18 0001,000 0000,500 000000000000,001000 000000000000,001000 s.Abdoulaye     0004 S0005+B0003
000043 16 0001,000 0000,500 000000000001,000000 000000000001,000000 s.Abdoulaye     0004 S0005+B0003
000045 16 0001,000 0000,500 000000000000,001000 000000000000,001000 s.Abdoulaye     0004 S0005+B0003
000046 25 0001,000 0000,500 000000000005,000000 000000000005,000000 s.Abdoulaye     0004 S0005+B0003
000047 25 0001,000 0000,500 000000000009,000000 000000000009,000000 s.Abdoulaye     0004 S0005+B0003
000048 16 0001,000 0001,000 000000000001,000000 000000000001,000000 s.Abdoulaye     0004 S0005+B0005
000049 16 0001,000 0001,000 000000000004,000000 000000000004,000000 s.Abdoulaye     0004 S0005+B0005
000050 25 0001,000 0001,000 000000000010,000000 000000000010,000000 s.Abdoulaye     0004 S0005+B0005
000051 25 0001,000 0001,000 000000000010,000000 000000000010,000000 s.Abdoulaye     0004 S0005+B0005
000052 08 0001,000 0001,000 000000000000,750000 000000000000,750000  Mamoudou A.    0005 S0007+B0001
000053 04 0001,000 0001,000 000000000005,000000 000000000005,000000 Amadou M.       0005 S0007+B0001
000054 04 0001,000 0001,000 000000000002,000000 000000000002,000000 Amadou M.       0005 S0007+B0001
000055 10 0001,000 0001,000 000000000002,000000 000000000002,000000 Amadou M.       0005 S0007+B0001
000056 10 0001,000 0001,000 000000000002,000000 000000000002,000000 Amadou M.       0005 S0007+B0001
000057 14 0001,000 0001,000 000000000004,000000 000000000004,000000 Mamoudou A.     0005 S0007+B0001
000058 14 0001,000 0001,000 000000000003,500000 000000000003,500000 Mamoudou A.     0005 S0007+B0001
000059 21 0001,000 0001,000 000000000002,500000 000000000002,500000 Mamoudou A.     0005 S0007+B0001
000060 21 0001,000 0001,000 000000000004,500000 000000000004,500000 Mamoudou A.     0005 S0007+B0001
000061 18 0001,000 0001,000 000000000002,000000 000000000002,000000   Amadou  M.    0005 S0007+B0001
000062 18 0001,000 0001,000 000000000001,000000 000000000001,000000   Amadou  M.    0005 S0007+B0001
000063 24 0001,000 0001,000 000000000004,500000 000000000004,500000 Mamoudou A.     0005 S0007+B0001
000064 24 0001,000 0001,000 000000000004,000000 000000000004,000000 Mamoudou A.     0005 S0007+B0001
000065 27 0001,000 0001,000 000000000004,500000 000000000004,500000 Mamoudou A.     0005 S0007+B0001
000066 27 0001,000 0001,000 000000000010,500000 000000000010,500000 Mamoudou A.     0005 S0007+B0001
000067 08 0001,000 0001,000 000000000001,500000 000000000001,500000 Mamoudou A.     0005 S0007+B0001
000068 18 0001,000 0001,000 000000000004,500000 000000000004,500000 Mamoudou A.     0005 S0007+B0003
000069 18 0001,000 0000,000 000000000000,000000 000000000000,000000 Mamoudou A.     0005 S0007+B0003
000070 18 0001,000 0000,000 000000000000,001000 000000000000,001000 Mamoudou A.     0005 S0007+B0003
000071 21 0001,000 0001,000 000000000000,001000 000000000000,001000 Mamoudou A.     0005 S0007+B0003
000072 10 0001,000 0001,000 000000000000,001000 000000000000,001000 Mamoudou A.     0005 S0007+B0003
000073 10 0001,000 0001,000 000000000000,001000 000000000000,001000 Mamoudou A.     0005 S0007+B0003
000074 08 0001,000 0001,000 000000000000,001000 000000000000,001000 Mamoudou A.     0005 S0007+B0003
000075 08 0001,000 0001,000 000000000000,001000 000000000000,001000 Mamoudou A.     0005 S0007+B0003
000076 27 0001,000 0000,500 000000000000,001000 000000000000,001000 Mamoudou A.     0005 S0007+B0003
000077 14 0001,000 0001,000 000000000000,001000 000000000000,001000 Mamoudou A.     0005 S0007+B0003
000078 14 0001,000 0001,000 000000000000,001000 000000000000,001000 Mamoudou A.     0005 S0007+B0003
000079 24 0001,000 0001,000 000000000000,001000 000000000000,001000 Mamoudou A.     0005 S0007+B0003
000080 24 0001,000 0001,000 000000000000,001000 000000000000,001000 Mamoudou A.     0005 S0007+B0003
000081 06 0001,000 0001,000 000000000001,500000 000000000001,500000 Binta Niang     0008 S0011+B0002
000082 06 0001,000 0001,000 000000000002,250000 000000000002,250000 Binta Niang     0008 S0011+B0002
000083 07 0001,000 0001,000 000000000000,500000 000000000000,500000 Binta Niang     0008 S0011+B0002
000084 07 0001,000 0001,000 000000000003,000000 000000000003,000000 Binta Niang     0008 S0011+B0002
000085 15 0001,000 0001,000 000000000003,000000 000000000003,000000 Binta Niang     0008 S0011+B0002
000086 15 0001,000 0001,000 000000000001,500000 000000000001,500000 Binta Niang     0008 S0011+B0002
000087 16 0001,000 0001,000 000000000005,000000 000000000005,000000 Binta Niang     0008 S0011+B0002
000088 16 0001,000 0001,000 000000000001,750000 000000000001,750000 Binta Niang     0008 S0011+B0002
000089 23 0001,000 0001,000 000000000003,000000 000000000003,000000 Binta Niang     0008 S0011+B0002
000090 23 0001,000 0001,000 000000000004,000000 000000000004,000000 Binta Niang     0008 S0011+B0002
000091 24 0001,000 0001,000 000000000005,000000 000000000005,000000 Binta Niang     0008 S0011+B0002
000092 24 0001,000 0001,000 000000000001,500000 000000000001,500000 Binta Niang     0008 S0011+B0002
000093 31 0001,000 0001,000 000000000004,000000 000000000004,000000 Binta Niang     0008 S0011+B0002
000094 31 0001,000 0001,000 000000000003,000000 000000000003,000000 Binta Niang     0008 S0011+B0002
000095 06 0001,000 0001,000 000000000000,500000 000000000000,500000 Binta Niang     0008 S0011+B0001
000096 06 0001,000 0001,000 000000000001,000000 000000000001,000000 Binta Niang     0008 S0011+B0001
000097 07 0001,000 0001,000 000000000001,500000 000000000001,500000 Binta Niang     0008 S0011+B0001
000098 07 0001,000 0001,000 000000000001,500000 000000000001,500000 Binta Niang     0008 S0011+B0001
000099 15 0001,000 0001,000 000000000003,500000 000000000003,500000 Binta Niang     0008 S0011+B0001
000100 15 0001,000 0001,000 000000000001,750000 000000000001,750000 Binta Niang     0008 S0011+B0001
000101 16 0001,000 0001,000 000000000005,000000 000000000005,000000 Binta Niang     0008 S0011+B0001
000102 16 0001,000 0001,000 000000000003,500000 000000000003,500000 Binta Niang     0008 S0011+B0001
000103 23 0001,000 0001,000 000000000002,500000 000000000002,500000 Binta Niang     0008 S0011+B0001
000104 23 0001,000 0001,000 000000000001,000000 000000000001,000000 Binta Niang     0008 S0011+B0001
000105 24 0001,000 0001,000 000000000004,000000 000000000004,000000 Binta Niang     0008 S0011+B0001
000106 24 0001,000 0001,000 000000000004,000000 000000000004,000000 Binta Niang     0008 S0011+B0001
000107 31 0001,000 0001,000 000000000001,500000 000000000001,500000 Binta Niang     0008 S0011+B0001
000108 31 0001,000 0001,000 000000000003,500000 000000000003,500000 Binta Niang     0008 S0011+B0001
000112 31 0001,000 0001,000 000000000013,000000 000000000013,000000 Binta Niang     0008 S0012+B0003
000113 31 0001,000 0000,500 000000000016,000000 000000000016,000000 Binta Niang     0008 S0012+B0003
000114 21 0001,000 0001,000 000000000044,000000 000000000044,000000 Binta Niang     0008 S0012+B0003
000115 21 0001,000 0000,500 000000000008,000000 000000000008,000000 Binta Niang     0008 S0012+B0003
000116 14 0001,000 0000,500 000000000013,000000 000000000013,000000 Binta Niang     0008 S0012+B0003
000117 14 0001,000 0001,000 000000000010,000000 000000000010,000000 Binta Niang     0008 S0012+B0003
000118 04 0001,000 0001,000 000000000009,000000 000000000009,000000 Binta Niang     0008 S0012+B0003
000119 04 0001,000 0000,500 000000000009,500000 000000000009,500000 Binta Niang     0008 S0012+B0003
000120 07 0001,000 0001,000 000000000026,000000 000000000026,000000 Binta Niang     0008 S0012+B0001
000121 07 0001,000 0000,500 000000000009,500000 000000000009,500000 Binta Niang     0008 S0012+B0001
000122 10 0001,000 0001,000 000000000018,500000 000000000018,500000 Binta Niang     0008 S0012+B0001
000123 10 0001,000 0000,500 000000000013,000000 000000000013,000000 Binta Niang     0008 S0012+B0001
000124 17 0001,000 0001,000 000000000022,000000 000000000022,000000 Binta Niang     0008 S0012+B0001
000125 17 0001,000 0000,500 000000000013,500000 000000000013,500000 Binta Niang     0008 S0012+B0001
000126 26 0001,000 0001,000 000000000006,000000 000000000006,000000 Binta Niang     0008 S0012+B0001
000127 26 0001,000 0000,500 000000000013,000000 000000000013,000000 Binta Niang     0008 S0012+B0001
000128 14 0001,000 0001,000 000000000003,000000 000000000003,000000 S.Abdoulaye     0004 S0005+B0005
000129 14 0001,000 0001,000 000000000007,000000 000000000007,000000 S.Abdoulaye     0004 S0005+B0005
000130 31 0001,000 0001,000 000000000007,000000 000000000007,000000 S.Abdoulaye     0004 S0005+B0005
000131 31 0001,000 0000,500 000000000002,000000 000000000002,000000 S.Abdoulaye     0004 S0005+B0003
000132 31 0001,000 0000,500 000000000003,000000 000000000003,000000 S.Abdoulaye     0004 S0005+B0003
000133 14 0001,000 0000,500 000000000003,000000 000000000003,000000 S.Abdoulaye     0004 S0005+B0003
000134 14 0001,000 0000,500 000000000009,000000 000000000009,000000 S.Abdoulaye     0004 S0005+B0003
000135 31 0001,000 0001,000 000000000007,000000 000000000007,000000 S.Abdoulaye     0004 S0005+B0002
000136 31 0001,000 0001,000 000000000003,000000 000000000003,000000 S.Abdoulaye     0004 S0005+B0002
000137 14 0001,000 0001,000 000000000003,500000 000000000003,500000 S.Abdoulaye     0004 S0005+B0002
000138 14 0001,000 0001,000 000000000003,000000 000000000003,000000 S.Abdoulaye     0004 S0005+B0002
000139 31 0001,000 0001,000 000000000004,000000 000000000004,000000 S.Abdoulaye     0004 S0005+B0001
000140 31 0001,000 0001,000 000000000002,000000 000000000002,000000 S.Abdoulaye     0004 S0005+B0001
000141 14 0001,000 0001,000 000000000001,500000 000000000001,500000 S.Abdoulaye     0004 S0005+B0001
000142 14 0001,000 0001,000 000000000012,000000 000000000012,000000 S.Abdoulaye     0004 S0005+B0001
000143 07 0001,000 0001,000 000000000001,500000 000000000001,500000 A.Mamadou       0005 S0008+B0001
000144 07 0001,000 0001,000 000000000000,001000 000000000000,001000 A.Mamadou       0005 S0008+B0001
000145 03 0001,000 0001,000 000000000005,500000 000000000005,500000 A.Mamadou       0005 S0008+B0001
000146 03 0001,000 0001,000 000000000004,000000 000000000004,000000 A.Mamadou       0005 S0008+B0001
000147 11 0001,000 0001,000 000000000002,500000 000000000002,500000 A.Mamadou       0005 S0008+B0001
000148 11 0001,000 0001,000 000000000001,500000 000000000001,500000 A.Mamadou       0005 S0008+B0001
000149 13 0001,000 0001,000 000000000002,500000 000000000002,500000 A.Mamadou       0005 S0008+B0001
000150 13 0001,000 0001,000 000000000003,000000 000000000003,000000 A.Mamadou       0005 S0008+B0001
000151 20 0001,000 0001,000 000000000006,500000 000000000006,500000 A.Mamadou       0005 S0008+B0001
000152 20 0001,000 0001,000 000000000005,500000 000000000005,500000 A.Mamadou       0005 S0008+B0001
000153 27 0001,000 0001,000 000000000010,000000 000000000010,000000 A.Mamadou       0005 S0008+B0001
000154 27 0001,000 0001,000 000000000014,000000 000000000014,000000 A.Mamadou       0005 S0008+B0001
000155 25 0001,000 0001,000 000000000004,500000 000000000004,500000 A.Mamadou       0005 S0008+B0001
000156 25 0001,000 0001,000 000000000003,500000 000000000003,500000 A.Mamadou       0005 S0008+B0001
000157 20 0001,000 0001,000 000000000003,500000 000000000003,500000 A.Mamadou       0005 S0008+B0003
000158 20 0001,000 0001,000 000000000000,001000 000000000000,001000 A.Mamadou       0005 S0008+B0003
000159 17 0001,000 0001,000 000000000008,500000 000000000008,500000 A.Mamadou       0005 S0008+B0003
000160 13 0001,000 0001,000 000000000008,500000 000000000008,500000 A.Mamadou       0005 S0008+B0003
000161 11 0001,000 0001,000 000000000000,001000 000000000000,001000 A.Mamadou       0005 S0008+B0003
000162 07 0001,000 0001,000 000000000024,000000 000000000024,000000 A.Mamadou       0005 S0008+B0003
000163 02 0001,000 0000,500 000000000000,700000 000000000000,700000 Soumaila Arzika 0008 S0013+B0003
000164 02 0001,000 0000,500 000000000000,300000 000000000000,300000 Soumaila Arzika 0008 S0013+B0003
000165 06 0001,000 0001,000 000000000005,800000 000000000005,800000 Soumaila Arzika 0008 S0013+B0003
000166 06 0001,000 0001,000 000000000001,200000 000000000001,200000 Soumaila Arzika 0008 S0013+B0003
000167 11 0001,000 0000,500 000000000001,200000 000000000001,200000 Soumaila Arzika 0008 S0013+B0003
000168 11 0001,000 0000,500 000000000002,300000 000000000002,300000 Soumaila Arzika 0008 S0013+B0003
000169 15 0001,000 0001,000 000000000001,500000 000000000001,500000 Soumaila Arzika 0008 S0013+B0003
000170 15 0001,000 0000,500 000000000001,400000 000000000001,400000 Soumaila Arzika 0008 S0013+B0003
000171 19 0001,000 0001,000 000000000001,500000 000000000001,500000 Soumaila Arzika 0008 S0013+B0003
000172 19 0001,000 0000,500 000000000005,800000 000000000005,800000 Soumaila Arzika 0008 S0013+B0003
000173 23 0001,000 0000,500 000000000001,000000 000000000001,000000 Soumaila Arzika 0008 S0013+B0003
000174 23 0001,000 0000,500 000000000002,500000 000000000002,500000 Soumaila Arzika 0008 S0013+B0003
000175 27 0001,000 0001,000 000000000001,900000 000000000001,900000 Soumaila Arzika 0008 S0013+B0003
000176 27 0001,000 0000,500 000000000004,000000 000000000004,000000 Soumaila Arzika 0008 S0013+B0003
000177 30 0001,000 0001,000 000000000008,800000 000000000008,800000 Soumaila Arzika 0008 S0013+B0003
000178 30 0001,000 0000,500 000000000006,000000 000000000006,000000 Soumaila Arzika 0008 S0013+B0003
000179 11 0001,000 0001,000 000000000002,450000 000000000002,450000  illaBoukari    0007 S0010+B0001
000180 11 0001,000 0001,000 000000000000,990000 000000000000,990000  illaBoukari    0007 S0010+B0001
000181 10 0001,000 0001,000 000000000000,400000 000000000000,400000 Boukari illa    0007 S0010+B0001
000182 10 0001,000 0001,000 000000000001,900000 000000000001,900000 Boukari illa    0007 S0010+B0001
000183 04 0001,000 0001,000 000000000000,300000 000000000000,300000 Boukari illa    0007 S0010+B0001
000184 04 0001,000 0001,000 000000000000,300000 000000000000,300000 Boukari illa    0007 S0010+B0001
000185 06 0001,000 0001,000 000000000001,300000 000000000001,300000 Boukari illa    0007 S0010+B0001
000186 06 0001,000 0001,000 000000000000,450000 000000000000,450000 Boukari illa    0007 S0010+B0001
000187 28 0001,000 0001,000 000000000007,000000 000000000007,000000 Boukari illa    0007 S0010+B0001
000188 28 0001,000 0001,000 000000000002,700000 000000000002,700000 Boukari illa    0007 S0010+B0001
000189 25 0001,000 0001,000 000000000001,500000 000000000001,500000 Boukari illa    0007 S0010+B0001
000190 25 0001,000 0001,000 000000000002,320000 000000000002,320000 Boukari illa    0007 S0010+B0001
000191 17 0001,000 0001,000 000000000002,350000 000000000002,350000 Boukari illa    0007 S0010+B0001
000192 17 0001,000 0001,000 000000000000,250000 000000000000,250000 Boukari illa    0007 S0010+B0001
000193 20 0001,000 0001,000 000000000002,100000 000000000002,100000 Boukari illa    0007 S0010+B0001
000194 20 0001,000 0001,000 000000000000,600000 000000000000,600000 Boukari illa    0007 S0010+B0001
000195 10 0001,000 0001,000 000000000000,415000 000000000000,415000 Boukari illa    0007 S0010+B0002
000196 10 0001,000 0001,000 000000000000,001000 000000000000,001000 Boukari illa    0007 S0010+B0002
000197 06 0001,000 0001,000 000000000000,500000 000000000000,500000 Boukari illa    0007 S0010+B0002
000198 06 0001,000 0001,000 000000000000,400000 000000000000,400000 Boukari illa    0007 S0010+B0002
000199 04 0001,000 0001,000 000000000000,650000 000000000000,650000 Boukari illa    0007 S0010+B0002
000200 04 0001,000 0001,000 000000000000,400000 000000000000,400000 Boukari illa    0007 S0010+B0002
000201 17 0001,000 0001,000 000000000001,550000 000000000001,550000 Boukari illa    0007 S0010+B0002
000202 17 0001,000 0001,000 000000000000,900000 000000000000,900000 Boukari illa    0007 S0010+B0002
000203 29 0001,000 0001,000 000000000001,260000 000000000001,260000 Boukari illa    0007 S0010+B0002
000204 29 0001,000 0001,000 000000000000,500000 000000000000,500000 Boukari illa    0007 S0010+B0002
000205 12 0001,000 0001,000 000000000003,150000 000000000003,150000 Boukari illa    0007 S0010+B0004
000206 12 0001,000 0001,000 000000000002,560000 000000000002,560000 Boukari illa    0007 S0010+B0004
000207 10 0001,000 0001,000 000000000002,400000 000000000002,400000 Boukari illa    0007 S0010+B0004
000208 10 0001,000 0001,000 000000000003,200000 000000000003,200000 Boukari illa    0007 S0010+B0004
000209 04 0001,000 0001,000 000000000000,700000 000000000000,700000 Boukari illa    0007 S0010+B0004
000210 04 0001,000 0001,000 000000000002,200000 000000000002,200000 Boukari illa    0007 S0010+B0004
000211 06 0001,000 0001,000 000000000002,000000 000000000002,000000 Boukari illa    0007 S0010+B0004
000212 06 0001,000 0001,000 000000000001,250000 000000000001,250000 Boukari illa    0007 S0010+B0004
000213 20 0001,000 0001,000 000000000000,700000 000000000000,700000 Boukari illa    0007 S0010+B0004
000214 20 0001,000 0001,000 000000000001,870000 000000000001,870000 Boukari illa    0007 S0010+B0004
000215 29 0001,000 0001,000 000000000003,150000 000000000003,150000 Boukari illa    0007 S0010+B0004
000216 29 0001,000 0001,000 000000000000,700000 000000000000,700000 Boukari illa    0007 S0010+B0004
000217 25 0001,000 0001,000 000000000000,220000 000000000000,220000 Boukari illa    0007 S0010+B0004
000218 25 0001,000 0001,000 000000000000,300000 000000000000,300000 Boukari illa    0007 S0010+B0004
000219 29 0001,000 0001,000 000000000002,200000 000000000002,200000 Boukari illa    0007 S0010+B0003
000220 29 0001,000 0001,000 000000000002,400000 000000000002,400000 Boukari illa    0007 S0010+B0003
000221 20 0001,000 0001,000 000000000002,500000 000000000002,500000 Boukari illa    0007 S0010+B0003
000222 20 0001,000 0001,000 000000000003,675000 000000000003,675000 Boukari illa    0007 S0010+B0003
000223 25 0001,000 0001,000 000000000003,500000 000000000003,500000 Boukari illa    0007 S0010+B0003
000224 25 0001,000 0001,000 000000000002,799000 000000000002,799000 Boukari illa    0007 S0010+B0003
000225 17 0001,000 0001,000 000000000002,300000 000000000002,300000 Boukari illa    0007 S0010+B0003
000226 17 0001,000 0001,000 000000000001,250000 000000000001,250000 Boukari illa    0007 S0010+B0003
000227 12 0001,000 0001,000 000000000002,150000 000000000002,150000 Boukari illa    0007 S0010+B0003
000228 12 0001,000 0001,000 000000000001,350000 000000000001,350000 Boukari illa    0007 S0010+B0003
000229 10 0001,000 0001,000 000000000001,110000 000000000001,110000 Boukari illa    0007 S0010+B0003
000230 10 0001,000 0001,000 000000000002,850000 000000000002,850000 Boukari illa    0007 S0010+B0003
000231 06 0001,000 0001,000 000000000002,050000 000000000002,050000 Boukari illa    0007 S0010+B0003
000232 06 0001,000 0001,000 000000000001,800000 000000000001,800000 Boukari illa    0007 S0010+B0003
000233 04 0001,000 0001,000 000000000018,000000 000000000018,000000 Boukari illa    0007 S0010+B0003
000234 04 0001,000 0001,000 000000000002,380000 000000000002,380000 Boukari illa    0007 S0010+B0003
000235 17 0001,000 0001,000 000000000001,740000 000000000001,740000 Boukari illa    0007 S0010+B0004
000236 17 0001,000 0001,000 000000000002,900000 000000000002,900000 Boukari illa    0007 S0010+B0004
000237 17 0001,000 0001,000 000000000005,800000 000000000005,800000 Illa Boukari    0007 S0010+B0005
000238 12 0001,000 0001,000 000000000004,250000 000000000004,250000 Illa Boukari    0007 S0010+B0005
000239 04 0001,000 0001,000 000000000001,800000 000000000001,800000 Illa Boukari    0007 S0010+B0005
000240 04 0001,000 0001,000 000000000001,000000 000000000001,000000 Illa Boukari    0007 S0010+B0005
000241 06 0001,000 0001,000 000000000002,650000 000000000002,650000 Illa Boukari    0007 S0010+B0005
000242 06 0001,000 0001,000 000000000003,950000 000000000003,950000 Illa Boukari    0007 S0010+B0005
000243 20 0001,000 0001,000 000000000002,300000 000000000002,300000 Illa Boukari    0007 S0010+B0005
000244 20 0001,000 0001,000 000000000003,050000 000000000003,050000 Illa Boukari    0007 S0010+B0005
000245 25 0001,000 0001,000 000000000003,965000 000000000003,965000 Illa Boukari    0007 S0010+B0005
