000001 27 0001,000 0001,000 000000000004,800000 000000000004,800000 S François      0004 S0004+B0001
000002 27 0001,000 0001,000 000000000003,400000 000000000003,400000 S François      0004 S0004+B0001
000003 24 0001,000 0001,000 000000000007,900000 000000000007,900000 S François      0004 S0004+B0001
000004 24 0001,000 0001,000 000000000005,100000 000000000005,100000 S François      0004 S0004+B0001
000005 20 0001,000 0001,000 000000000006,300000 000000000006,300000 S François      0004 S0004+B0001
000006 20 0001,000 0001,000 000000000006,200000 000000000006,200000 S François      0004 S0004+B0001
000007 17 0001,000 0001,000 000000000005,900000 000000000005,900000 S François      0004 S0004+B0001
000008 17 0001,000 0001,000 000000000006,400000 000000000006,400000 S François      0004 S0004+B0001
000009 13 0001,000 0001,000 000000000006,800000 000000000006,800000 S François      0004 S0004+B0001
000010 13 0001,000 0001,000 000000000014,700000 000000000014,700000 S François      0004 S0004+B0001
000011 09 0001,000 0001,000 000000000005,000000 000000000005,000000 S François      0004 S0004+B0001
000012 09 0001,000 0001,000 000000000007,700000 000000000007,700000 S François      0004 S0004+B0001
000013 03 0001,000 0001,000 000000000005,400001 000000000005,400001 S François      0004 S0004+B0001
000014 03 0001,000 0001,000 000000000004,900000 000000000004,900000 S François      0004 S0004+B0001
000015 26 0001,000 0001,000 000000000007,000000 000000000007,000000 SAdoulaye       0004 S0005+B0001
000016 26 0001,000 0001,000 000000000094,000000 000000000094,000000 SAdoulaye       0004 S0005+B0001
000017 18 0001,000 0001,000 000000000006,000000 000000000006,000000 SAdoulaye       0004 S0005+B0001
000018 18 0001,000 0001,000 000000000015,000000 000000000015,000000 SAdoulaye       0004 S0005+B0001
000019 13 0001,000 0001,000 000000000010,000000 000000000010,000000 SAdoulaye       0004 S0005+B0001
000020 13 0001,000 0001,000 000000000005,500000 000000000005,500000 SAdoulaye       0004 S0005+B0001
000021 05 0001,000 0001,000 000000000008,000000 000000000008,000000 SAdoulaye       0004 S0005+B0001
000022 05 0001,000 0001,000 000000000008,000000 000000000008,000000 SAdoulaye       0004 S0005+B0001
000023 26 0001,000 0001,000 000000000010,000000 000000000010,000000 SAdoulaye       0004 S0005+B0005
000024 26 0001,000 0001,000 000000000040,000000 000000000040,000000 SAdoulaye       0004 S0005+B0005
000025 18 0001,000 0001,000 000000000080,000000 000000000080,000000 SAdoulaye       0004 S0005+B0005
000026 18 0001,000 0001,000 000000000090,000000 000000000090,000000 SAdoulaye       0004 S0005+B0005
000027 13 0001,000 0001,000 000000000050,000000 000000000050,000000 SAdoulaye       0004 S0005+B0005
000028 13 0001,000 0001,000 000000000070,000000 000000000070,000000 SAdoulaye       0004 S0005+B0005
000029 05 0001,000 0001,000 000000000070,000000 000000000070,000000 SAdoulaye       0004 S0005+B0005
000030 05 0001,000 0001,000 000000000030,000000 000000000030,000000 SAdoulaye       0004 S0005+B0005
000031 06 0001,000 0001,000 000000000008,000000 000000000008,000000 M Adamou        0005 S0007+B0001
000032 06 0001,000 0001,000 000000000006,000000 000000000006,000000 M Adamou        0005 S0007+B0001
000033 08 0001,000 0001,000 000000000003,500000 000000000003,500000 M Adamou        0005 S0007+B0001
000034 08 0001,000 0001,000 000000000000,500000 000000000000,500000 M Adamou        0005 S0007+B0001
000035 13 0001,000 0001,000 000000000004,500000 000000000004,500000 M Adamou        0005 S0007+B0001
000036 13 0001,000 0001,000 000000000001,500000 000000000001,500000 M Adamou        0005 S0007+B0001
000037 14 0001,000 0001,000 000000000004,000000 000000000004,000000 M Adamou        0005 S0007+B0001
000038 14 0001,000 0001,000 000000000001,500000 000000000001,500000 M Adamou        0005 S0007+B0001
000039 20 0001,000 0001,000 000000000002,000000 000000000002,000000 M Adamou        0005 S0007+B0001
000040 20 0001,000 0001,000 000000000003,500000 000000000003,500000 M Adamou        0005 S0007+B0001
000041 22 0001,000 0001,000 000000000005,500000 000000000005,500000 M Adamou        0005 S0007+B0001
000042 22 0001,000 0001,000 000000000002,000000 000000000002,000000 M Adamou        0005 S0007+B0001
000045 26 0001,000 0001,000 000000000003,500000 000000000003,500000 M Adamou        0005 S0007+B0001
000046 26 0001,000 0001,000 000000000005,500000 000000000005,500000 M Adamou        0005 S0007+B0001
000047 28 0001,000 0001,000 000000000005,000000 000000000005,000000 M Adamou        0005 S0007+B0001
000048 28 0001,000 0001,000 000000000004,500000 000000000004,500000 M Adamou        0005 S0007+B0001
000049 06 0001,000 0001,000 000000000005,000000 000000000005,000000 M Adamou        0005 S0008+B0001
000050 06 0001,000 0001,000 000000000002,500000 000000000002,500000 M Adamou        0005 S0008+B0001
000051 08 0001,000 0001,000 000000000023,000000 000000000023,000000 M Adamou        0005 S0008+B0001
000052 08 0001,000 0001,000 000000000006,500000 000000000006,500000 M Adamou        0005 S0008+B0001
000053 13 0001,000 0001,000 000000000003,500000 000000000003,500000 M Adamou        0005 S0008+B0001
000054 13 0001,000 0001,000 000000000002,500000 000000000002,500000 M Adamou        0005 S0008+B0001
000055 14 0001,000 0001,000 000000000006,500000 000000000006,500000 M Adamou        0005 S0008+B0001
000056 14 0001,000 0001,000 000000000005,000000 000000000005,000000 M Adamou        0005 S0008+B0001
000057 20 0001,000 0001,000 000000000011,500000 000000000011,500000 M Adamou        0005 S0008+B0001
000058 20 0001,000 0001,000 000000000006,000000 000000000006,000000 M Adamou        0005 S0008+B0001
000059 22 0001,000 0001,000 000000000011,000000 000000000011,000000 M Adamou        0005 S0008+B0001
000060 22 0001,000 0001,000 000000000008,500000 000000000008,500000 M Adamou        0005 S0008+B0001
000061 26 0001,000 0001,000 000000000006,000000 000000000006,000000 M Adamou        0005 S0008+B0001
000062 26 0001,000 0001,000 000000000010,000000 000000000010,000000 M Adamou        0005 S0008+B0001
000063 28 0001,000 0001,000 000000000010,500000 000000000010,500000 M Adamou        0005 S0008+B0001
000064 28 0001,000 0001,000 000000000006,000000 000000000006,000000 M Adamou        0005 S0008+B0001
000065 28 0001,000 0001,000 000000000012,000000 000000000012,000000 N Ibrahim       0008 S0012+B0001
000066 28 0001,000 0001,000 000000000019,500000 000000000019,500000 N Ibrahim       0008 S0012+B0001
000067 26 0001,000 0001,000 000000000013,000000 000000000013,000000 N Ibrahim       0008 S0012+B0001
000068 26 0001,000 0001,000 000000000029,000000 000000000029,000000 N Ibrahim       0008 S0012+B0001
000069 21 0001,000 0001,000 000000000016,500000 000000000016,500000 N Ibrahim       0008 S0012+B0001
000070 21 0001,000 0001,000 000000000011,500000 000000000011,500000 N Ibrahim       0008 S0012+B0001
000071 17 0001,000 0001,000 000000000022,600000 000000000022,600000 N Ibrahim       0008 S0012+B0001
000072 17 0001,000 0001,000 000000000014,500000 000000000014,500000 N Ibrahim       0008 S0012+B0001
000073 13 0001,000 0001,000 000000000013,500000 000000000013,500000 N Ibrahim       0008 S0012+B0001
000074 13 0001,000 0001,000 000000000010,500000 000000000010,500000 N Ibrahim       0008 S0012+B0001
000075 10 0001,000 0001,000 000000000018,000000 000000000018,000000 N Ibrahim       0008 S0012+B0001
000076 10 0001,000 0001,000 000000000020,500000 000000000020,500000 N Ibrahim       0008 S0012+B0001
000077 07 0001,000 0001,000 000000000020,000000 000000000020,000000 N Ibrahim       0008 S0012+B0001
000078 07 0001,000 0001,000 000000000013,500000 000000000013,500000 N Ibrahim       0008 S0012+B0001
000079 03 0001,000 0001,000 000000000008,500000 000000000008,500000 N Ibrahim       0008 S0012+B0001
000080 03 0001,000 0001,000 000000000018,500000 000000000018,500000 N Ibrahim       0008 S0012+B0001
000081 01 0001,000 0001,000 000000000002,000000 000000000002,000000  S Arzika       0008 S0013+B0003
000082 01 0001,000 0001,000 000000000002,800000 000000000002,800000  S Arzika       0008 S0013+B0003
000083 04 0001,000 0001,000 000000000002,400000 000000000002,400000  S Arzika       0008 S0013+B0003
000084 04 0001,000 0001,000 000000000002,600000 000000000002,600000  S Arzika       0008 S0013+B0003
000085 09 0001,000 0001,000 000000000002,200000 000000000002,200000  S Arzika       0008 S0013+B0003
000086 09 0001,000 0001,000 000000000001,700000 000000000001,700000  S Arzika       0008 S0013+B0003
000087 13 0001,000 0001,000 000000000004,000000 000000000004,000000  S Arzika       0008 S0013+B0003
000088 13 0001,000 0001,000 000000000003,900000 000000000003,900000  S Arzika       0008 S0013+B0003
000089 17 0001,000 0001,000 000000000001,400000 000000000001,400000  S Arzika       0008 S0013+B0003
000090 17 0001,000 0001,000 000000000003,800000 000000000003,800000  S Arzika       0008 S0013+B0003
000091 21 0001,000 0001,000 000000000003,000000 000000000003,000000  S Arzika       0008 S0013+B0003
000092 21 0001,000 0001,000 000000000001,600000 000000000001,600000  S Arzika       0008 S0013+B0003
000093 22 0001,000 0001,000 000000000002,800000 000000000002,800000  S Arzika       0008 S0013+B0003
000094 22 0001,000 0001,000 000000000002,400000 000000000002,400000  S Arzika       0008 S0013+B0003
000095 27 0001,000 0001,000 000000000004,800000 000000000004,800000  S Arzika       0008 S0013+B0003
000096 27 0001,000 0001,000 000000000002,800000 000000000002,800000  S Arzika       0008 S0013+B0003
000097 01 0001,000 0001,000 000000000003,500000 000000000003,500000 A Kassoum       0006 S0009+B0005
000098 01 0001,000 0001,000 000000000004,000000 000000000004,000000 A Kassoum       0006 S0009+B0005
000099 02 0001,000 0001,000 000000000002,500000 000000000002,500000 A Kassoum       0006 S0009+B0005
000100 02 0001,000 0001,000 000000000005,500000 000000000005,500000 A Kassoum       0006 S0009+B0005
000101 10 0001,000 0001,000 000000000003,000000 000000000003,000000 A Kassoum       0006 S0009+B0005
000102 10 0001,000 0001,000 000000000002,500000 000000000002,500000 A Kassoum       0006 S0009+B0005
000103 11 0001,000 0001,000 000000000003,500000 000000000003,500000 A Kassoum       0006 S0009+B0005
000104 11 0001,000 0001,000 000000000002,000000 000000000002,000000 A Kassoum       0006 S0009+B0005
000105 12 0001,000 0001,000 000000000003,000000 000000000003,000000 A Kassoum       0006 S0009+B0005
000106 12 0001,000 0001,000 000000000002,000000 000000000002,000000 A Kassoum       0006 S0009+B0005
000107 20 0001,000 0001,000 000000000004,500000 000000000004,500000 A Kassoum       0006 S0009+B0005
000108 20 0001,000 0001,000 000000000002,500000 000000000002,500000 A Kassoum       0006 S0009+B0005
000109 28 0001,000 0001,000 000000000001,500000 000000000001,500000 A Kassoum       0006 S0009+B0005
000110 28 0001,000 0001,000 000000000002,500000 000000000002,500000 A Kassoum       0006 S0009+B0005
000111 27 0001,000 0001,000 000000000002,000000 000000000002,000000 A Kassoum       0006 S0009+B0005
000112 27 0001,000 0001,000 000000000001,000000 000000000001,000000 A Kassoum       0006 S0009+B0005
000113 04 0001,000 0001,000 000000000000,930000 000000000000,930000 Illaboukari     0007 S0010+B0001
000114 04 0001,000 0001,000 000000000004,800000 000000000004,800000 Illa boukari    0007 S0010+B0001
000115 07 0001,000 0001,000 000000000003,500000 000000000003,500000 Illa boukari    0007 S0010+B0001
000116 07 0001,000 0001,000 000000000002,900000 000000000002,900000 Illa boukari    0007 S0010+B0001
000117 10 0001,000 0001,000 000000000003,800000 000000000003,800000 Illa boukari    0007 S0010+B0001
000118 10 0001,000 0001,000 000000000012,000000 000000000012,000000 Illa boukari    0007 S0010+B0001
000119 14 0001,000 0001,000 000000000005,000000 000000000005,000000 Illa boukari    0007 S0010+B0001
000120 14 0001,000 0001,000 000000000002,140000 000000000002,140000 Illa boukari    0007 S0010+B0001
000121 18 0001,000 0001,000 000000000003,700000 000000000003,700000 Illa boukari    0007 S0010+B0001
000122 18 0001,000 0001,000 000000000001,800000 000000000001,800000 Illa boukari    0007 S0010+B0001
000123 20 0001,000 0001,000 000000000004,000000 000000000004,000000 Illa boukari    0007 S0010+B0001
000124 20 0001,000 0001,000 000000000003,700000 000000000003,700000 Illa boukari    0007 S0010+B0001
000125 24 0001,000 0001,000 000000000005,130000 000000000005,130000 Illa boukari    0007 S0010+B0001
000126 24 0001,000 0001,000 000000000000,450000 000000000000,450000 Illa boukari    0007 S0010+B0001
000127 26 0001,000 0001,000 000000000002,200000 000000000002,200000 Illa boukari    0007 S0010+B0001
000128 26 0001,000 0001,000 000000000002,400000 000000000002,400000 Illa boukari    0007 S0010+B0001
000129 26 0001,000 0001,000 000000000001,200000 000000000001,200000 Illa boukari    0007 S0010+B0004
000130 26 0001,000 0001,000 000000000000,600000 000000000000,600000 Illa boukari    0007 S0010+B0004
000131 24 0001,000 0001,000 000000000003,000000 000000000003,000000 Illa boukari    0007 S0010+B0004
000132 24 0001,000 0001,000 000000000002,000000 000000000002,000000 Illa boukari    0007 S0010+B0004
000133 20 0001,000 0001,000 000000000001,100000 000000000001,100000 Illa boukari    0007 S0010+B0004
000134 20 0001,000 0001,000 000000000001,600000 000000000001,600000 Illa boukari    0007 S0010+B0004
000135 18 0001,000 0001,000 000000000003,400000 000000000003,400000 Illa boukari    0007 S0010+B0004
000136 18 0001,000 0001,000 000000000001,500000 000000000001,500000 Illa boukari    0007 S0010+B0004
000137 14 0001,000 0001,000 000000000000,400000 000000000000,400000 Illa boukari    0007 S0010+B0004
000138 14 0001,000 0001,000 000000000003,700000 000000000003,700000 Illa boukari    0007 S0010+B0004
000139 08 0001,000 0001,000 000000000001,500000 000000000001,500000 Illa boukari    0007 S0010+B0004
000140 08 0001,000 0001,000 000000000002,000000 000000000002,000000 Illa boukari    0007 S0010+B0004
000141 07 0001,000 0001,000 000000000003,000000 000000000003,000000 Illa boukari    0007 S0010+B0004
000142 07 0001,000 0001,000 000000000004,000000 000000000004,000000 Illa boukari    0007 S0010+B0004
000143 04 0001,000 0001,000 000000000004,300000 000000000004,300000 Illa boukari    0007 S0010+B0004
000144 04 0001,000 0001,000 000000000001,500000 000000000001,500000 Illa boukari    0007 S0010+B0004
