D000001+S0001 000000000002,500000 000000000006,000000 000000000000,000000 000000000000,000000 0003 S0003+B0001
D000001+S0005 000000000001,900000 000000000004,000000 000000000000,000000 000000000000,000000 0003 S0003+B0001
D000001+S0006 000000000001,100000 000000000002,000000 000000000000,000000 000000000000,000000 0003 S0003+B0001
D000001+S0007 000000000001,000000 000000000001,000000 000000000000,000000 000000000000,000000 0003 S0003+B0001
D000001+S0009 000000000000,500000 000000000002,000000 000000000000,000000 000000000000,000000 0003 S0003+B0001
D000001+S0011 000000000001,100000 000000000003,000000 000000000000,000000 000000000000,000000 0003 S0003+B0001
D000001+S0020 000000000001,500000 000000000003,000000 000000000000,000000 000000000000,000000 0003 S0003+B0001
D000002+S0005 000000000001,000000 000000000001,000000 000000000000,000000 000000000000,000000 0003 S0003+B0001
D000002+S0006 000000000002,200000 000000000003,000000 000000000000,000000 000000000000,000000 0003 S0003+B0001
D000002+S0008 000000000001,000000 000000000001,000000 000000000000,000000 000000000000,000000 0003 S0003+B0001
D000002+S0009 000000000000,900000 000000000004,000000 000000000000,000000 000000000000,000000 0003 S0003+B0001
D000002+S0011 000000000001,000000 000000000001,000000 000000000000,000000 000000000000,000000 0003 S0003+B0001
D000002+S0016 000000000000,900000 000000000002,000000 000000000000,000000 000000000000,000000 0003 S0003+B0001
D000002+S0018 000000000000,900000 000000000003,000000 000000000000,000000 000000000000,000000 0003 S0003+B0001
D000002+S0019 000000000002,000000 000000000001,000000 000000000000,000000 000000000000,000000 0003 S0003+B0001
D000002+S0020 000000000002,500000 000000000001,000000 000000000000,000000 000000000000,000000 0003 S0003+B0001
D000003+S0001 000000000001,900000 000000000003,000000 000000000000,000000 000000000000,000000 0003 S0003+B0001
D000003+S0002 000000000003,500000 000000000004,000000 000000000000,000000 000000000000,000000 0003 S0003+B0001
D000003+S0005 000000000004,500000 000000000003,000000 000000000000,000000 000000000000,000000 0003 S0003+B0001
D000003+S0006 000000000003,700000 000000000006,000000 000000000000,000000 000000000000,000000 0003 S0003+B0001
D000003+S0007 000000000002,500000 000000000007,000000 000000000000,000000 000000000000,000000 0003 S0003+B0001
D000003+S0009 000000000001,600000 000000000025,000000 000000000000,000000 000000000000,000000 0003 S0003+B0001
D000003+S0011 000000000009,700000 000000000019,000000 000000000000,000000 000000000000,000000 0003 S0003+B0001
D000004+S0001 000000000001,000000 000000000001,000000 000000000000,000000 000000000000,000000 0003 S0003+B0001
D000004+S0002 000000000003,000000 000000000005,000000 000000000000,000000 000000000000,000000 0003 S0003+B0001
D000004+S0005 000000000002,000000 000000000001,000000 000000000000,000000 000000000000,000000 0003 S0003+B0001
D000004+S0006 000000000001,600000 000000000002,000000 000000000000,000000 000000000000,000000 0003 S0003+B0001
D000004+S0008 000000000002,500000 000000000004,000000 000000000000,000000 000000000000,000000 0003 S0003+B0001
D000004+S0009 000000000005,700000 000000000010,000000 000000000000,000000 000000000000,000000 0003 S0003+B0001
D000004+S0011 000000000003,500000 000000000005,000000 000000000000,000000 000000000000,000000 0003 S0003+B0001
D000004+S0018 000000000001,300000 000000000006,000000 000000000000,000000 000000000000,000000 0003 S0003+B0001
D000005+S0006 000000000001,700000 000000000002,000000 000000000000,000000 000000000000,000000 0003 S0003+B0001
D000005+S0007 000000000002,500000 000000000003,000000 000000000000,000000 000000000000,000000 0003 S0003+B0001
D000005+S0009 000000000003,900000 000000000015,000000 000000000000,000000 000000000000,000000 0003 S0003+B0001
D000005+S0011 000000000006,000000 000000000009,000000 000000000000,000000 000000000000,000000 0003 S0003+B0001
D000005+S0018 000000000001,500000 000000000005,000000 000000000000,000000 000000000000,000000 0003 S0003+B0001
D000006+S0005 000000000003,700000 000000000004,000000 000000000000,000000 000000000000,000000 0003 S0003+B0001
D000006+S0006 000000000001,900000 000000000003,000000 000000000000,000000 000000000000,000000 0003 S0003+B0001
D000006+S0007 000000000002,100000 000000000006,000000 000000000000,000000 000000000000,000000 0003 S0003+B0001
D000006+S0009 000000000001,900000 000000000005,000000 000000000000,000000 000000000000,000000 0003 S0003+B0001
D000006+S0011 000000000001,700000 000000000003,000000 000000000000,000000 000000000000,000000 0003 S0003+B0001
D000006+S0014 000000000003,500000 000000000003,000000 000000000000,000000 000000000000,000000 0003 S0003+B0001
D000006+S0016 000000000001,600000 000000000003,000000 000000000000,000000 000000000000,000000 0003 S0003+B0001
D000006+S0018 000000000000,900000 000000000002,000000 000000000000,000000 000000000000,000000 0003 S0003+B0001
D000006+S0019 000000000002,500000 000000000002,000000 000000000000,000000 000000000000,000000 0003 S0003+B0001
D000007+S0004 000000000001,700000 000000000004,000000 000000000000,000000 000000000000,000000 0003 S0003+B0005
D000007+S0007 000000000001,700000 000000000009,000000 000000000000,000000 000000000000,000000 0003 S0003+B0005
D000007+S0009 000000000000,900000 000000000007,000000 000000000000,000000 000000000000,000000 0003 S0003+B0005
D000007+S0011 000000000010,500000 000000000278,000000 000000000000,000000 000000000000,000000 0003 S0003+B0005
D000007+S0013 000000000000,300000 000000000030,000000 000000000000,000000 000000000000,000000 0003 S0003+B0005
D000007+S0015 000000000000,800000 000000000025,000000 000000000000,000000 000000000000,000000 0003 S0003+B0005
D000007+S0021 000000000006,700000 000000000019,000000 000000000000,000000 000000000000,000000 0003 S0003+B0005
D000008+S0004 000000000001,200000 000000000003,000000 000000000000,000000 000000000000,000000 0003 S0003+B0005
D000008+S0005 000000000001,900000 000000000010,000000 000000000000,000000 000000000000,000000 0003 S0003+B0005
D000008+S0007 000000000003,700000 000000000019,000000 000000000000,000000 000000000000,000000 0003 S0003+B0005
D000008+S0008 000000000000,800000 000000000004,000000 000000000000,000000 000000000000,000000 0003 S0003+B0005
D000008+S0009 000000000001,200000 000000000010,000000 000000000000,000000 000000000000,000000 0003 S0003+B0005
D000008+S0011 000000000007,700000 000000000134,000000 000000000000,000000 000000000000,000000 0003 S0003+B0005
D000008+S0015 000000000000,700000 000000000015,000000 000000000000,000000 000000000000,000000 0003 S0003+B0005
D000008+S0021 000000000001,300000 000000000003,000000 000000000000,000000 000000000000,000000 0003 S0003+B0005
D000009+S0004 000000000001,700000 000000000016,000000 000000000000,000000 000000000000,000000 0003 S0003+B0005
D000009+S0005 000000000000,070000 000000000001,000000 000000000000,000000 000000000000,000000 0003 S0003+B0005
D000009+S0007 000000000001,700000 000000000009,000000 000000000000,000000 000000000000,000000 0003 S0003+B0005
D000009+S0008 000000000001,000000 000000000004,000000 000000000000,000000 000000000000,000000 0003 S0003+B0005
D000009+S0009 000000000008,100000 000000000274,000000 000000000000,000000 000000000000,000000 0003 S0003+B0005
D000009+S0011 000000000001,900000 000000000064,000000 000000000000,000000 000000000000,000000 0003 S0003+B0005
D000009+S0013 000000000000,150000 000000000001,000000 000000000000,000000 000000000000,000000 0003 S0003+B0005
D000009+S0015 000000000001,600000 000000000035,000000 000000000000,000000 000000000000,000000 0003 S0003+B0005
D000009+S0019 000000000000,030000 000000000001,000000 000000000000,000000 000000000000,000000 0003 S0003+B0005
D000009+S0021 000000000000,300000 000000000004,000000 000000000000,000000 000000000000,000000 0003 S0003+B0005
D000010+S0001 000000000000,900000 000000000001,000000 000000000000,000000 000000000000,000000 0003 S0003+B0005
D000010+S0004 000000000003,700000 000000000010,000000 000000000000,000000 000000000000,000000 0003 S0003+B0005
D000010+S0007 000000000002,700000 000000000015,000000 000000000000,000000 000000000000,000000 0003 S0003+B0005
D000010+S0008 000000000000,900000 000000000003,000000 000000000000,000000 000000000000,000000 0003 S0003+B0005
D000010+S0009 000000000003,700000 000000000059,000000 000000000000,000000 000000000000,000000 0003 S0003+B0005
D000010+S0011 000000000004,700000 000000000127,000000 000000000000,000000 000000000000,000000 0003 S0003+B0005
D000010+S0012 000000000001,200000 000000000006,000000 000000000000,000000 000000000000,000000 0003 S0003+B0005
D000010+S0014 000000000000,900000 000000000002,000000 000000000000,000000 000000000000,000000 0003 S0003+B0005
D000010+S0015 000000000001,900000 000000000015,000000 000000000000,000000 000000000000,000000 0003 S0003+B0005
D000010+S0018 000000000000,900000 000000000007,000000 000000000000,000000 000000000000,000000 0003 S0003+B0005
D000010+S0019 000000000000,200000 000000000003,000000 000000000000,000000 000000000000,000000 0003 S0003+B0005
D000010+S0021 000000000000,500000 000000000013,000000 000000000000,000000 000000000000,000000 0003 S0003+B0005
D000011+S0001 000000000001,500000 000000000002,000000 000000000000,000000 000000000000,000000 0003 S0003+B0005
D000011+S0005 000000000000,100000 000000000002,000000 000000000000,000000 000000000000,000000 0003 S0003+B0005
D000011+S0007 000000000000,200000 000000000008,000000 000000000000,000000 000000000000,000000 0003 S0003+B0005
D000011+S0009 000000000001,100000 000000000078,000000 000000000000,000000 000000000000,000000 0003 S0003+B0005
D000011+S0011 000000000004,700000 000000000088,000000 000000000000,000000 000000000000,000000 0003 S0003+B0005
D000011+S0021 000000000001,300000 000000000003,000000 000000000000,000000 000000000000,000000 0003 S0003+B0005
D000012+S0001 000000000001,000000 000000000001,000000 000000000000,000000 000000000000,000000 0003 S0003+B0005
D000012+S0005 000000000000,900000 000000000007,000000 000000000000,000000 000000000000,000000 0003 S0003+B0005
D000012+S0007 000000000000,300000 000000000005,000000 000000000000,000000 000000000000,000000 0003 S0003+B0005
D000012+S0009 000000000001,900000 000000000050,000000 000000000000,000000 000000000000,000000 0003 S0003+B0005
D000012+S0011 000000000005,900000 000000000125,000000 000000000000,000000 000000000000,000000 0003 S0003+B0005
D000012+S0012 000000000000,400000 000000000002,000000 000000000000,000000 000000000000,000000 0003 S0003+B0005
D000012+S0014 000000000000,800000 000000000002,000000 000000000000,000000 000000000000,000000 0003 S0003+B0005
D000012+S0015 000000000000,600000 000000000015,000000 000000000000,000000 000000000000,000000 0003 S0003+B0005
D000012+S0021 000000000001,900000 000000000007,000000 000000000000,000000 000000000000,000000 0003 S0003+B0005
D000013+S0008 000000000000,600000 000000000001,000000 000000000000,000000 000000000000,000000 0003 S0003+B0005
D000013+S0009 000000000000,500000 000000000007,000000 000000000000,000000 000000000000,000000 0003 S0003+B0005
D000013+S0011 000000000005,500000 000000000064,000000 000000000000,000000 000000000000,000000 0003 S0003+B0005
D000013+S0015 000000000000,300000 000000000002,000000 000000000000,000000 000000000000,000000 0003 S0003+B0005
D000013+S0018 000000000000,100000 000000000005,000000 000000000000,000000 000000000000,000000 0003 S0003+B0005
D000013+S0021 000000000000,800000 000000000001,000000 000000000000,000000 000000000000,000000 0003 S0003+B0005
D000014+S0005 000000000001,000000 000000000001,000000 000000000000,000000 000000000000,000000 0003 S0003+B0005
D000014+S0006 000000000001,500000 000000000001,000000 000000000000,000000 000000000000,000000 0003 S0003+B0005
D000014+S0009 000000000002,000000 000000000003,000000 000000000000,000000 000000000000,000000 0003 S0003+B0005
D000014+S0011 000000000001,000000 000000000002,000000 000000000000,000000 000000000000,000000 0003 S0003+B0005
D000015+S0001 000000000002,500000 000000000003,000000 000000000000,000000 000000000000,000000 0003 S0003+B0005
D000015+S0004 000000000001,500000 000000000001,000000 000000000000,000000 000000000000,000000 0003 S0003+B0005
D000015+S0007 000000000001,900000 000000000010,000000 000000000000,000000 000000000000,000000 0003 S0003+B0005
D000015+S0009 000000000001,900000 000000000010,000000 000000000000,000000 000000000000,000000 0003 S0003+B0005
D000015+S0011 000000000010,000000 000000000185,000000 000000000000,000000 000000000000,000000 0003 S0003+B0005
D000015+S0015 000000000000,900000 000000000007,000000 000000000000,000000 000000000000,000000 0003 S0003+B0005
D000015+S0021 000000000004,500000 000000000003,000000 000000000000,000000 000000000000,000000 0003 S0003+B0005
D000016+S0001 000000000001,500000 000000000002,000000 000000000000,000000 000000000000,000000 0003 S0003+B0005
D000016+S0004 000000000001,300000 000000000002,000000 000000000000,000000 000000000000,000000 0003 S0003+B0005
D000016+S0005 000000000000,900000 000000000005,000000 000000000000,000000 000000000000,000000 0003 S0003+B0005
D000016+S0007 000000000000,800000 000000000004,000000 000000000000,000000 000000000000,000000 0003 S0003+B0005
D000016+S0009 000000000001,500000 000000000007,000000 000000000000,000000 000000000000,000000 0003 S0003+B0005
D000016+S0011 000000000007,600000 000000000066,000000 000000000000,000000 000000000000,000000 0003 S0003+B0005
D000016+S0015 000000000000,800000 000000000007,000000 000000000000,000000 000000000000,000000 0003 S0003+B0005
D000016+S0019 000000000000,700000 000000000005,000000 000000000000,000000 000000000000,000000 0003 S0003+B0005
D000016+S0021 000000000002,300000 000000000004,000000 000000000000,000000 000000000000,000000 0003 S0003+B0005
D000017+S0007 000000000003,000000 000000000007,000000 000000000000,000000 000000000000,000000 0003 S0003+B0005
D000017+S0009 000000000009,100000 000000000025,000000 000000000000,000000 000000000000,000000 0003 S0003+B0005
D000017+S0011 000000000009,700000 000000000079,000000 000000000000,000000 000000000000,000000 0003 S0003+B0005
D000017+S0012 000000000000,900000 000000000002,000000 000000000000,000000 000000000000,000000 0003 S0003+B0005
D000017+S0015 000000000001,100000 000000000010,000000 000000000000,000000 000000000000,000000 0003 S0003+B0005
D000017+S0018 000000000001,500000 000000000015,000000 000000000000,000000 000000000000,000000 0003 S0003+B0005
D000017+S0019 000000000000,300000 000000000002,000000 000000000000,000000 000000000000,000000 0003 S0003+B0005
D000018+S0004 000000000001,000000 000000000002,000000 000000000000,000000 000000000000,000000 0003 S0003+B0005
D000018+S0005 000000000001,600000 000000000007,000000 000000000000,000000 000000000000,000000 0003 S0003+B0005
D000018+S0007 000000000001,100000 000000000006,000000 000000000000,000000 000000000000,000000 0003 S0003+B0005
D000018+S0009 000000000002,100000 000000000015,000000 000000000000,000000 000000000000,000000 0003 S0003+B0005
D000018+S0011 000000000005,500000 000000000087,000000 000000000000,000000 000000000000,000000 0003 S0003+B0005
D000018+S0014 000000000001,200000 000000000002,000000 000000000000,000000 000000000000,000000 0003 S0003+B0005
D000018+S0015 000000000000,200000 000000000004,000000 000000000000,000000 000000000000,000000 0003 S0003+B0005
D000018+S0018 000000000000,900000 000000000015,000000 000000000000,000000 000000000000,000000 0003 S0003+B0005
D000018+S0019 000000000000,600000 000000000004,000000 000000000000,000000 000000000000,000000 0003 S0003+B0005
D000019+S0004 000000000001,200000 000000000002,000000 000000000000,000000 000000000000,000000 0003 S0003+B0005
D000019+S0007 000000000000,700000 000000000003,000000 000000000000,000000 000000000000,000000 0003 S0003+B0005
D000019+S0009 000000000001,500000 000000000016,000000 000000000000,000000 000000000000,000000 0003 S0003+B0005
D000019+S0011 000000000007,500000 000000000084,000000 000000000000,000000 000000000000,000000 0003 S0003+B0005
D000019+S0015 000000000001,000000 000000000007,000000 000000000000,000000 000000000000,000000 0003 S0003+B0005
D000019+S0019 000000000000,900000 000000000004,000000 000000000000,000000 000000000000,000000 0003 S0003+B0005
D000020+S0007 000000000000,800000 000000000003,000000 000000000000,000000 000000000000,000000 0003 S0003+B0005
D000021+S0019 000000000000,600000 000000000004,000000 000000000000,000000 000000000000,000000 0003 S0003+B0005
D000021+S0021 000000000004,200000 000000000002,000000 000000000000,000000 000000000000,000000 0003 S0003+B0005
D000022+S0004 000000000001,200000 000000000002,000000 000000000000,000000 000000000000,000000 0003 S0003+B0005
D000022+S0007 000000000001,900000 000000000010,000000 000000000000,000000 000000000000,000000 0003 S0003+B0005
D000022+S0011 000000000008,500000 000000000097,000000 000000000000,000000 000000000000,000000 0003 S0003+B0005
D000022+S0013 000000000000,900000 000000000025,000000 000000000000,000000 000000000000,000000 0003 S0003+B0005
D000022+S0015 000000000000,700000 000000000010,000000 000000000000,000000 000000000000,000000 0003 S0003+B0005
D000022+S0019 000000000001,500000 000000000009,000000 000000000000,000000 000000000000,000000 0003 S0003+B0005
D000023+S0007 000000000000,200000 000000000004,000000 000000000000,000000 000000000000,000000 0003 S0003+B0002
D000023+S0008 000000000000,900000 000000000004,000000 000000000000,000000 000000000000,000000 0003 S0003+B0002
D000023+S0009 000000000005,200000 000000000036,000000 000000000000,000000 000000000000,000000 0003 S0003+B0002
D000023+S0011 000000000000,700000 000000000007,000000 000000000000,000000 000000000000,000000 0003 S0003+B0002
D000023+S0013 000000000000,400000 000000000029,000000 000000000000,000000 000000000000,000000 0003 S0003+B0002
D000023+S0015 000000000000,100000 000000000006,000000 000000000000,000000 000000000000,000000 0003 S0003+B0002
D000024+S0007 000000000000,100000 000000000002,000000 000000000000,000000 000000000000,000000 0003 S0003+B0002
D000024+S0009 000000000002,100000 000000000059,000000 000000000000,000000 000000000000,000000 0003 S0003+B0002
D000024+S0011 000000000000,200000 000000000006,000000 000000000000,000000 000000000000,000000 0003 S0003+B0002
D000024+S0013 000000000000,300000 000000000037,000000 000000000000,000000 000000000000,000000 0003 S0003+B0002
D000024+S0015 000000000000,800000 000000000015,000000 000000000000,000000 000000000000,000000 0003 S0003+B0002
D000024+S0018 000000000000,200000 000000000006,000000 000000000000,000000 000000000000,000000 0003 S0003+B0002
D000025+S0007 000000000000,900000 000000000006,000000 000000000000,000000 000000000000,000000 0003 S0003+B0002
D000025+S0008 000000000000,600000 000000000001,000000 000000000000,000000 000000000000,000000 0003 S0003+B0002
D000025+S0009 000000000004,300000 000000000027,000000 000000000000,000000 000000000000,000000 0003 S0003+B0002
D000025+S0013 000000000000,200000 000000000016,000000 000000000000,000000 000000000000,000000 0003 S0003+B0002
D000026+S0007 000000000000,100000 000000000001,000000 000000000000,000000 000000000000,000000 0003 S0003+B0002
D000026+S0008 000000000000,300000 000000000003,000000 000000000000,000000 000000000000,000000 0003 S0003+B0002
D000026+S0009 000000000004,000000 000000000076,000000 000000000000,000000 000000000000,000000 0003 S0003+B0002
D000026+S0014 000000000000,100000 000000000001,000000 000000000000,000000 000000000000,000000 0003 S0003+B0002
D000027+S0004 000000000000,300000 000000000002,000000 000000000000,000000 000000000000,000000 0003 S0003+B0002
D000020+S0009 000000000002,500000 000000000010,000000 000000000000,000000 000000000000,000000 0003 S0003+B0005
D000020+S0011 000000000003,500000 000000000035,000000 000000000000,000000 000000000000,000000 0003 S0003+B0005
D000020+S0015 000000000000,600000 000000000007,000000 000000000000,000000 000000000000,000000 0003 S0003+B0005
D000020+S0018 000000000000,400000 000000000003,000000 000000000000,000000 000000000000,000000 0003 S0003+B0005
D000020+S0019 000000000000,500000 000000000003,000000 000000000000,000000 000000000000,000000 0003 S0003+B0005
D000021+S0004 000000000001,700000 000000000002,000000 000000000000,000000 000000000000,000000 0003 S0003+B0005
D000021+S0007 000000000002,900000 000000000007,000000 000000000000,000000 000000000000,000000 0003 S0003+B0005
D000021+S0009 000000000004,700000 000000000025,000000 000000000000,000000 000000000000,000000 0003 S0003+B0005
D000021+S0011 000000000010,500000 000000000144,000000 000000000000,000000 000000000000,000000 0003 S0003+B0005
D000021+S0012 000000000000,500000 000000000002,000000 000000000000,000000 000000000000,000000 0003 S0003+B0005
D000021+S0013 000000000000,400000 000000000010,000000 000000000000,000000 000000000000,000000 0003 S0003+B0005
D000021+S0015 000000000001,900000 000000000025,000000 000000000000,000000 000000000000,000000 0003 S0003+B0005
D000027+S0008 000000000000,500000 000000000002,000000 000000000000,000000 000000000000,000000 0003 S0003+B0002
D000027+S0009 000000000003,500000 000000000049,000000 000000000000,000000 000000000000,000000 0003 S0003+B0002
D000027+S0011 000000000000,100000 000000000005,000000 000000000000,000000 000000000000,000000 0003 S0003+B0002
D000027+S0013 000000000000,100000 000000000015,000000 000000000000,000000 000000000000,000000 0003 S0003+B0002
D000027+S0015 000000000000,100000 000000000007,000000 000000000000,000000 000000000000,000000 0003 S0003+B0002
D000028+S0007 000000000000,800000 000000000009,000000 000000000000,000000 000000000000,000000 0003 S0003+B0002
D000028+S0008 000000000000,200000 000000000002,000000 000000000000,000000 000000000000,000000 0003 S0003+B0002
D000028+S0009 000000000006,900000 000000000079,000000 000000000000,000000 000000000000,000000 0003 S0003+B0002
D000028+S0011 000000000000,400000 000000000008,000000 000000000000,000000 000000000000,000000 0003 S0003+B0002
D000029+S0004 000000000000,200000 000000000001,000000 000000000000,000000 000000000000,000000 0003 S0003+B0002
D000029+S0007 000000000000,600000 000000000003,000000 000000000000,000000 000000000000,000000 0003 S0003+B0002
D000029+S0008 000000000001,700000 000000000006,000000 000000000000,000000 000000000000,000000 0003 S0003+B0002
D000029+S0009 000000000007,700000 000000000025,000000 000000000000,000000 000000000000,000000 0003 S0003+B0002
D000029+S0011 000000000000,400000 000000000003,000000 000000000000,000000 000000000000,000000 0003 S0003+B0002
D000029+S0013 000000000001,000000 000000000030,000000 000000000000,000000 000000000000,000000 0003 S0003+B0002
D000029+S0015 000000000000,200000 000000000004,000000 000000000000,000000 000000000000,000000 0003 S0003+B0002
D000030+S0004 000000000000,900000 000000000002,000000 000000000000,000000 000000000000,000000 0003 S0003+B0002
D000030+S0007 000000000000,900000 000000000003,000000 000000000000,000000 000000000000,000000 0003 S0003+B0002
D000030+S0008 000000000001,200000 000000000009,000000 000000000000,000000 000000000000,000000 0003 S0003+B0002
D000030+S0009 000000000001,500000 000000000013,000000 000000000000,000000 000000000000,000000 0003 S0003+B0002
D000030+S0011 000000000000,300000 000000000004,000000 000000000000,000000 000000000000,000000 0003 S0003+B0002
D000030+S0013 000000000000,400000 000000000010,000000 000000000000,000000 000000000000,000000 0003 S0003+B0002
D000030+S0015 000000000000,200000 000000000007,000000 000000000000,000000 000000000000,000000 0003 S0003+B0002
D000030+S0019 000000000000,900000 000000000003,000000 000000000000,000000 000000000000,000000 0003 S0003+B0002
D000031+S0004 000000000001,500000 000000000004,000000 000000000000,000000 000000000000,000000 0003 S0003+B0002
D000031+S0007 000000000003,570000 000000000000,000000 000000000000,000000 000000000000,000000 0003 S0003+B0002
D000031+S0009 000000000004,500000 000000000019,000000 000000000000,000000 000000000000,000000 0003 S0003+B0002
D000031+S0011 000000000000,900000 000000000004,000000 000000000000,000000 000000000000,000000 0003 S0003+B0002
D000031+S0013 000000000000,900000 000000000025,000000 000000000000,000000 000000000000,000000 0003 S0003+B0002
D000031+S0014 000000000000,900000 000000000001,000000 000000000000,000000 000000000000,000000 0003 S0003+B0002
D000031+S0015 000000000000,700000 000000000007,000000 000000000000,000000 000000000000,000000 0003 S0003+B0002
D000031+S0019 000000000000,900000 000000000003,000000 000000000000,000000 000000000000,000000 0003 S0003+B0002
D000032+S0002 000000000000,800000 000000000005,000000 000000000000,000000 000000000000,000000 0004 S0004+B0001
D000032+S0009 000000000001,300000 000000000012,000000 000000000000,000000 000000000000,000000 0004 S0004+B0001
D000032+S0011 000000000000,900000 000000000017,000000 000000000000,000000 000000000000,000000 0004 S0004+B0001
D000032+S0016 000000000001,600000 000000000013,000000 000000000000,000000 000000000000,000000 0004 S0004+B0001
D000033+S0004 000000000001,700000 000000000004,000000 000000000000,000000 000000000000,000000 0004 S0004+B0001
D000033+S0006 000000000000,700000 000000000001,000000 000000000000,000000 000000000000,000000 0004 S0004+B0001
D000033+S0009 000000000000,900000 000000000007,000000 000000000000,000000 000000000000,000000 0004 S0004+B0001
D000033+S0011 000000000001,900000 000000000011,000000 000000000000,000000 000000000000,000000 0004 S0004+B0001
D000033+S0017 000000000001,100000 000000000003,000000 000000000000,000000 000000000000,000000 0004 S0004+B0001
D000034+S0002 000000000000,900000 000000000006,000000 000000000000,000000 000000000000,000000 0004 S0004+B0001
D000034+S0006 000000000000,300000 000000000001,000000 000000000000,000000 000000000000,000000 0004 S0004+B0001
D000034+S0011 000000000001,900000 000000000026,000000 000000000000,000000 000000000000,000000 0004 S0004+B0001
D000034+S0016 000000000001,000000 000000000011,000000 000000000000,000000 000000000000,000000 0004 S0004+B0001
D000109+S0009 000000000002,500000 000000000124,000000 000000000000,200000 000000000000,500000 0006 S0009+B0005
D000110+S0009 000000000003,000000 000000000150,000000 000000000000,200000 000000000000,600000 0006 S0009+B0005
D000111+S0009 000000000004,000000 000000000166,000000 000000000000,200000 000000000000,800000 0006 S0009+B0005
D000112+S0009 000000000007,500000 000000000463,000000 000000000000,200000 000000000001,500000 0006 S0009+B0005
D000113+S0004 000000000000,500000 000000000003,000000 000000000000,400000 000000000000,200000 0006 S0009+B0005
D000113+S0009 000000000002,000000 000000000144,000000 000000000000,200000 000000000000,400000 0006 S0009+B0005
D000115+S0009 000000000004,000000 000000000277,000000 000000000000,200000 000000000000,800000 0006 S0009+B0005
D000115+S0021 000000000000,500000 000000000003,000000 000000000000,300000 000000000000,150000 0006 S0009+B0005
D000116+S0009 000000000005,500000 000000000308,000000 000000000000,200000 000000000001,100000 0006 S0009+B0005
D000117+S0009 000000000002,500000 000000000138,000000 000000000000,200000 000000000000,500000 0006 S0009+B0005
D000118+S0009 000000000003,500000 000000000159,000000 000000000000,200000 000000000000,700000 0006 S0009+B0005
D000119+S0009 000000000002,000000 000000000105,000000 000000000000,000000 000000000000,000000 0006 S0009+B0005
D000120+S0009 000000000001,500000 000000000062,000000 000000000000,200000 000000000000,300000 0006 S0009+B0005
D000080+S0017 000000000001,100000 000000000002,000000 000000000000,350000 000000000000,385000 0008 S0013+B0003
D000081+S0004 000000000002,100000 000000000002,000000 000000000000,000000 000000000000,000000 0008 S0013+B0003
D000082+S0004 000000000001,300000 000000000001,000000 000000000000,500000 000000000000,650000 0008 S0013+B0003
D000083+S0004 000000000003,400000 000000000003,000000 000000000000,500000 000000000001,700000 0008 S0013+B0003
D000084+S0004 000000000002,700000 000000000002,000000 000000000000,500000 000000000001,350000 0008 S0013+B0003
D000085+S0004 000000000003,000000 000000000003,000000 000000000000,500000 000000000001,500000 0008 S0013+B0003
D000085+S0017 000000000002,300000 000000000003,000000 000000000000,350000 000000000000,805000 0008 S0013+B0003
D000086+S0004 000000000002,600000 000000000002,000000 000000000000,500000 000000000001,300000 0008 S0013+B0003
D000086+S0017 000000000000,800000 000000000001,000000 000000000000,350000 000000000000,280000 0008 S0013+B0003
D000087+S0004 000000000003,400000 000000000003,000000 000000000000,500000 000000000001,700000 0008 S0013+B0003
D000088+S0004 000000000004,100000 000000000003,000000 000000000000,500000 000000000002,050000 0008 S0013+B0003
D000089+S0004 000000000001,300000 000000000001,000000 000000000000,500000 000000000000,650000 0008 S0013+B0003
D000089+S0017 000000000001,500000 000000000003,000000 000000000000,350000 000000000000,525000 0008 S0013+B0003
D000090+S0004 000000000003,800000 000000000003,000000 000000000000,500000 000000000001,900000 0008 S0013+B0003
D000057+S0008 000000000000,500000 000000000007,000000 000000000000,000000 000000000000,000000 0005 S0008+B0001
D000057+S0020 000000000002,000000 000000000002,000000 000000000000,000000 000000000000,000000 0005 S0008+B0001
D000058+S0004 000000000001,500000 000000000002,000000 000000000000,000000 000000000000,000000 0005 S0008+B0001
D000058+S0013 000000000002,500000 000000000047,000000 000000000000,000000 000000000000,000000 0005 S0008+B0001
D000058+S0019 000000000000,500000 000000000001,000000 000000000000,000000 000000000000,000000 0005 S0008+B0001
D000059+S0004 000000000002,000000 000000000003,000000 000000000000,000000 000000000000,000000 0005 S0008+B0001
D000059+S0010 000000000001,000000 000000000013,000000 000000000000,000000 000000000000,000000 0005 S0008+B0001
D000059+S0013 000000000001,500000 000000000030,000000 000000000000,000000 000000000000,000000 0005 S0008+B0001
D000060+S0013 000000000004,500000 000000000152,000000 000000000000,000000 000000000000,000000 0005 S0008+B0001
D000061+S0008 000000000001,000000 000000000010,000000 000000000000,000000 000000000000,000000 0005 S0008+B0001
D000061+S0011 000000000000,500000 000000000006,000000 000000000000,000000 000000000000,000000 0005 S0008+B0001
D000061+S0018 000000000000,500000 000000000007,000000 000000000000,000000 000000000000,000000 0005 S0008+B0001
D000061+S0020 000000000000,500000 000000000005,000000 000000000000,000000 000000000000,000000 0005 S0008+B0001
D000062+S0008 000000000002,000000 000000000098,000000 000000000000,000000 000000000000,000000 0005 S0008+B0001
D000062+S0020 000000000002,500000 000000000001,000000 000000000000,000000 000000000000,000000 0005 S0008+B0001
D000063+S0004 000000000001,000000 000000000004,000000 000000000000,000000 000000000000,000000 0005 S0008+B0001
D000063+S0006 000000000001,000000 000000000003,000000 000000000000,000000 000000000000,000000 0005 S0008+B0001
D000063+S0018 000000000003,000000 000000000041,000000 000000000000,000000 000000000000,000000 0005 S0008+B0001
D000064+S0008 000000000001,500000 000000000017,000000 000000000000,000000 000000000000,000000 0005 S0008+B0001
D000064+S0011 000000000000,500000 000000000007,000000 000000000000,000000 000000000000,000000 0005 S0008+B0001
D000065+S0004 000000000001,000000 000000000007,000000 000000000000,000000 000000000000,000000 0005 S0008+B0001
D000065+S0008 000000000001,000000 000000000014,000000 000000000000,000000 000000000000,000000 0005 S0008+B0001
D000065+S0016 000000000000,500000 000000000005,000000 000000000000,000000 000000000000,000000 0005 S0008+B0001
D000066+S0011 000000000002,500000 000000000005,000000 000000000000,000000 000000000000,000000 0005 S0007+B0001
D000066+S0018 000000000000,500000 000000000001,000000 000000000000,000000 000000000000,000000 0005 S0007+B0001
D000066+S0020 000000000000,500000 000000000001,000000 000000000000,000000 000000000000,000000 0005 S0007+B0001
D000068+S0018 000000000001,000000 000000000002,000000 000000000000,000000 000000000000,000000 0005 S0007+B0001
D000034+S0018 000000000001,300000 000000000002,000000 000000000000,000000 000000000000,000000 0004 S0004+B0001
D000035+S0002 000000000000,900000 000000000007,000000 000000000000,000000 000000000000,000000 0004 S0004+B0001
D000035+S0003 000000000001,100000 000000000006,000000 000000000000,000000 000000000000,000000 0004 S0004+B0001
D000035+S0008 000000000000,700000 000000000003,000000 000000000000,000000 000000000000,000000 0004 S0004+B0001
D000035+S0009 000000000000,900000 000000000011,000000 000000000000,000000 000000000000,000000 0004 S0004+B0001
D000035+S0012 000000000000,700000 000000000002,000000 000000000000,000000 000000000000,000000 0004 S0004+B0001
D000035+S0018 000000000001,400000 000000000007,000000 000000000000,000000 000000000000,000000 0004 S0004+B0001
D000036+S0004 000000000000,800000 000000000006,000000 000000000000,000000 000000000000,000000 0004 S0004+B0001
D000036+S0009 000000000001,900000 000000000022,000000 000000000000,000000 000000000000,000000 0004 S0004+B0001
D000036+S0011 000000000001,100000 000000000012,000000 000000000000,000000 000000000000,000000 0004 S0004+B0001
D000036+S0016 000000000001,400000 000000000012,000000 000000000000,000000 000000000000,000000 0004 S0004+B0001
D000036+S0018 000000000000,900000 000000000010,000000 000000000000,000000 000000000000,000000 0004 S0004+B0001
D000037+S0002 000000000000,900000 000000000007,000000 000000000000,000000 000000000000,000000 0004 S0004+B0001
D000037+S0009 000000000001,300000 000000000014,000000 000000000000,000000 000000000000,000000 0004 S0004+B0001
D000037+S0011 000000000001,100000 000000000009,000000 000000000000,000000 000000000000,000000 0004 S0004+B0001
D000037+S0016 000000000000,900000 000000000007,000000 000000000000,000000 000000000000,000000 0004 S0004+B0001
D000037+S0018 000000000000,700000 000000000007,000000 000000000000,000000 000000000000,000000 0004 S0004+B0001
D000038+S0003 000000000001,000000 000000000002,000000 000000000000,000000 000000000000,000000 0004 S0004+B0001
D000038+S0007 000000000001,700000 000000000007,000000 000000000000,000000 000000000000,000000 0004 S0004+B0001
D000038+S0009 000000000001,200000 000000000008,000000 000000000000,000000 000000000000,000000 0004 S0004+B0001
D000038+S0011 000000000001,400000 000000000009,000000 000000000000,000000 000000000000,000000 0004 S0004+B0001
D000038+S0017 000000000002,100000 000000000002,000000 000000000000,000000 000000000000,000000 0004 S0004+B0001
D000039+S0002 000000000001,300000 000000000007,000000 000000000000,000000 000000000000,000000 0004 S0004+B0001
D000039+S0004 000000000001,700000 000000000002,000000 000000000000,000000 000000000000,000000 0004 S0004+B0001
D000039+S0007 000000000001,000000 000000000003,000000 000000000000,000000 000000000000,000000 0004 S0004+B0001
D000039+S0008 000000000001,700000 000000000004,000000 000000000000,000000 000000000000,000000 0004 S0004+B0001
D000039+S0009 000000000001,900000 000000000006,000000 000000000000,000000 000000000000,000000 0004 S0004+B0001
D000039+S0011 000000000001,900000 000000000014,000000 000000000000,000000 000000000000,000000 0004 S0004+B0001
D000040+S0002 000000000001,000000 000000000009,000000 000000000000,000000 000000000000,000000 0004 S0004+B0001
D000040+S0011 000000000001,600000 000000000018,000000 000000000000,000000 000000000000,000000 0004 S0004+B0001
D000040+S0013 000000000001,100000 000000000003,000000 000000000000,000000 000000000000,000000 0004 S0004+B0001
D000040+S0018 000000000001,800000 000000000011,000000 000000000000,000000 000000000000,000000 0004 S0004+B0001
D000041+S0002 000000000000,700000 000000000002,000000 000000000000,000000 000000000000,000000 0004 S0004+B0001
D000041+S0005 000000000000,900000 000000000002,000000 000000000000,000000 000000000000,000000 0004 S0004+B0001
D000041+S0009 000000000001,800000 000000000006,000000 000000000000,000000 000000000000,000000 0004 S0004+B0001
D000041+S0011 000000000001,300000 000000000009,000000 000000000000,000000 000000000000,000000 0004 S0004+B0001
D000041+S0018 000000000001,300000 000000000006,000000 000000000000,000000 000000000000,000000 0004 S0004+B0001
D000042+S0003 000000000000,900000 000000000003,000000 000000000000,000000 000000000000,000000 0004 S0004+B0001
D000042+S0009 000000000001,300000 000000000017,000000 000000000000,000000 000000000000,000000 0004 S0004+B0001
D000042+S0011 000000000000,900000 000000000012,000000 000000000000,000000 000000000000,000000 0004 S0004+B0001
D000042+S0017 000000000001,100000 000000000005,000000 000000000000,000000 000000000000,000000 0004 S0004+B0001
D000042+S0018 000000000001,300000 000000000011,000000 000000000000,000000 000000000000,000000 0004 S0004+B0001
D000043+S0004 000000000000,900000 000000000004,000000 000000000000,000000 000000000000,000000 0004 S0004+B0001
D000043+S0011 000000000001,900000 000000000011,000000 000000000000,000000 000000000000,000000 0004 S0004+B0001
D000043+S0012 000000000000,800000 000000000001,000000 000000000000,000000 000000000000,000000 0004 S0004+B0001
D000043+S0017 000000000000,800000 000000000003,000000 000000000000,000000 000000000000,000000 0004 S0004+B0001
D000043+S0018 000000000000,900000 000000000005,000000 000000000000,000000 000000000000,000000 0004 S0004+B0001
D000043+S0020 000000000001,300000 000000000005,000000 000000000000,000000 000000000000,000000 0004 S0004+B0001
D000044+S0002 000000000000,900000 000000000008,000000 000000000000,000000 000000000000,000000 0004 S0004+B0001
D000044+S0008 000000000000,500000 000000000003,000000 000000000000,000000 000000000000,000000 0004 S0004+B0001
D000044+S0011 000000000001,900000 000000000011,000000 000000000000,000000 000000000000,000000 0004 S0004+B0001
D000044+S0016 000000000002,000000 000000000018,000000 000000000000,000000 000000000000,000000 0004 S0004+B0001
D000044+S0018 000000000001,500000 000000000007,000000 000000000000,000000 000000000000,000000 0004 S0004+B0001
D000045+S0005 000000000001,700000 000000000003,000000 000000000000,000000 000000000000,000000 0004 S0004+B0001
D000045+S0006 000000000001,900000 000000000004,000000 000000000000,000000 000000000000,000000 0004 S0004+B0001
D000045+S0011 000000000001,800000 000000000005,000000 000000000000,000000 000000000000,000000 0004 S0004+B0001
D000045+S0017 000000000002,100000 000000000005,000000 000000000000,000000 000000000000,000000 0004 S0004+B0001
D000046+S0003 000000000000,700000 000000000004,000000 000000000000,000000 000000000000,000000 0004 S0004+B0001
D000046+S0005 000000000000,400000 000000000001,000000 000000000000,000000 000000000000,000000 0004 S0004+B0001
D000046+S0011 000000000001,900000 000000000012,000000 000000000000,000000 000000000000,000000 0004 S0004+B0001
D000046+S0016 000000000000,700000 000000000003,000000 000000000000,000000 000000000000,000000 0004 S0004+B0001
D000046+S0017 000000000001,900000 000000000005,000000 000000000000,000000 000000000000,000000 0004 S0004+B0001
D000046+S0018 000000000000,500000 000000000003,000000 000000000000,000000 000000000000,000000 0004 S0004+B0001
D000046+S0020 000000000000,900000 000000000007,000000 000000000000,000000 000000000000,000000 0004 S0004+B0001
D000047+S0006 000000000000,700000 000000000002,000000 000000000000,000000 000000000000,000000 0004 S0004+B0001
D000047+S0011 000000000001,200000 000000000009,000000 000000000000,000000 000000000000,000000 0004 S0004+B0001
D000047+S0012 000000000001,300000 000000000005,000000 000000000000,000000 000000000000,000000 0004 S0004+B0001
D000047+S0016 000000000001,500000 000000000012,000000 000000000000,000000 000000000000,000000 0004 S0004+B0001
D000047+S0017 000000000000,800000 000000000004,000000 000000000000,000000 000000000000,000000 0004 S0004+B0001
D000049+S0008 000000000000,900000 000000000002,000000 000000000000,000000 000000000000,000000 0004 S0004+B0001
D000049+S0009 000000000001,300000 000000000008,000000 000000000000,000000 000000000000,000000 0004 S0004+B0001
D000049+S0011 000000000001,700000 000000000009,000000 000000000000,000000 000000000000,000000 0004 S0004+B0001
D000049+S0017 000000000000,800000 000000000003,000000 000000000000,000000 000000000000,000000 0004 S0004+B0001
D000049+S0020 000000000000,900000 000000000003,000000 000000000000,000000 000000000000,000000 0004 S0004+B0001
D000047+S0018 000000000000,900000 000000000003,000000 000000000000,000000 000000000000,000000 0004 S0004+B0001
D000048+S0002 000000000000,600000 000000000002,000000 000000000000,000000 000000000000,000000 0004 S0004+B0001
D000048+S0004 000000000001,300000 000000000006,000000 000000000000,000000 000000000000,000000 0004 S0004+B0001
D000048+S0009 000000000001,000000 000000000006,000000 000000000000,000000 000000000000,000000 0004 S0004+B0001
D000048+S0011 000000000000,900000 000000000008,000000 000000000000,000000 000000000000,000000 0004 S0004+B0001
D000048+S0013 000000000000,500000 000000000002,000000 000000000000,000000 000000000000,000000 0004 S0004+B0001
D000049+S0003 000000000000,900000 000000000003,000000 000000000000,000000 000000000000,000000 0004 S0004+B0001
D000050+S0008 000000000000,500000 000000000009,000000 000000000000,000000 000000000000,000000 0005 S0008+B0001
D000050+S0011 000000000001,000000 000000000007,000000 000000000000,000000 000000000000,000000 0005 S0008+B0001
D000050+S0018 000000000001,500000 000000000017,000000 000000000000,000000 000000000000,000000 0005 S0008+B0001
D000051+S0002 000000000001,000000 000000000007,000000 000000000000,000000 000000000000,000000 0005 S0008+B0001
D000051+S0008 000000000001,500000 000000000013,000000 000000000000,000000 000000000000,000000 0005 S0008+B0001
D000051+S0012 000000000000,500000 000000000001,000000 000000000000,000000 000000000000,000000 0005 S0008+B0001
D000051+S0020 000000000000,500000 000000000001,000000 000000000000,000000 000000000000,000000 0005 S0008+B0001
D000052+S0011 000000000001,000000 000000000008,000000 000000000000,000000 000000000000,000000 0005 S0008+B0001
D000052+S0016 000000000000,500000 000000000009,000000 000000000000,000000 000000000000,000000 0005 S0008+B0001
D000052+S0020 000000000001,000000 000000000020,000000 000000000000,000000 000000000000,000000 0005 S0008+B0001
D000053+S0004 000000000000,500000 000000000007,000000 000000000000,000000 000000000000,000000 0005 S0008+B0001
D000053+S0009 000000000001,000000 000000000011,000000 000000000000,000000 000000000000,000000 0005 S0008+B0001
D000053+S0011 000000000000,500000 000000000006,000000 000000000000,000000 000000000000,000000 0005 S0008+B0001
D000054+S0017 000000000003,500000 000000000001,000000 000000000000,000000 000000000000,000000 0005 S0008+B0001
D000054+S0020 000000000003,000000 000000000001,000000 000000000000,000000 000000000000,000000 0005 S0008+B0001
D000055+S0008 000000000002,500000 000000000030,000000 000000000000,000000 000000000000,000000 0005 S0008+B0001
D000055+S0009 000000000002,000000 000000000023,000000 000000000000,000000 000000000000,000000 0005 S0008+B0001
D000056+S0004 000000000001,000000 000000000009,000000 000000000000,000000 000000000000,000000 0005 S0008+B0001
D000056+S0015 000000000000,500000 000000000019,000000 000000000000,000000 000000000000,000000 0005 S0008+B0001
D000070+S0008 000000000000,500000 000000000001,000000 000000000000,000000 000000000000,000000 0005 S0007+B0001
D000070+S0018 000000000001,500000 000000000002,000000 000000000000,000000 000000000000,000000 0005 S0007+B0001
D000071+S0020 000000000002,500000 000000000001,000000 000000000000,000000 000000000000,000000 0005 S0007+B0001
D000072+S0009 000000000000,500000 000000000003,000000 000000000000,000000 000000000000,000000 0005 S0007+B0001
D000072+S0018 000000000000,500000 000000000001,000000 000000000000,000000 000000000000,000000 0005 S0007+B0001
D000073+S0011 000000000001,000000 000000000002,000000 000000000000,000000 000000000000,000000 0005 S0007+B0001
D000074+S0016 000000000000,500000 000000000001,000000 000000000000,000000 000000000000,000000 0005 S0007+B0001
D000074+S0020 000000000004,500000 000000000002,000000 000000000000,000000 000000000000,000000 0005 S0007+B0001
D000075+S0018 000000000003,500000 000000000012,000000 000000000000,000000 000000000000,000000 0005 S0007+B0001
D000076+S0004 000000000002,600000 000000000002,000000 000000000000,500000 000000000001,300000 0008 S0013+B0003
D000076+S0017 000000000001,700000 000000000001,000000 000000000000,350000 000000000000,595000 0008 S0013+B0003
D000077+S0004 000000000001,200000 000000000001,000000 000000000000,500000 000000000000,600000 0008 S0013+B0003
D000078+S0004 000000000001,900000 000000000002,000000 000000000000,500000 000000000000,950000 0008 S0013+B0003
D000079+S0004 000000000002,000000 000000000003,000000 000000000000,500000 000000000001,000000 0008 S0013+B0003
D000079+S0017 000000000000,850000 000000000002,000000 000000000000,350000 000000000000,297500 0008 S0013+B0003
D000080+S0004 000000000004,200000 000000000003,000000 000000000000,500000 000000000002,100000 0008 S0013+B0003
D000091+S0004 000000000001,400000 000000000001,000000 000000000000,500000 000000000000,700000 0008 S0013+B0003
D000092+S0004 000000000009,000000 000000000057,000000 000000000000,300000 000000000002,700000 0008 S0012+B0001
D000092+S0009 000000000007,000000 000000000039,000000 000000000000,200000 000000000001,400000 0008 S0012+B0001
D000093+S0006 000000000011,000000 000000000006,000000 000000000000,600000 000000000006,600000 0008 S0012+B0001
D000093+S0017 000000000003,500000 000000000005,000000 000000000000,650000 000000000002,275000 0008 S0012+B0001
D000094+S0004 000000000009,000000 000000000057,000000 000000000000,300000 000000000002,700000 0008 S0012+B0001
D000094+S0009 000000000005,500000 000000000038,000000 000000000000,200000 000000000001,100000 0008 S0012+B0001
D000094+S0017 000000000002,000000 000000000004,000000 000000000000,650000 000000000001,300000 0008 S0012+B0001
D000095+S0009 000000000003,000000 000000000043,000000 000000000000,200000 000000000000,600000 0008 S0012+B0001
D000095+S0017 000000000001,000000 000000000001,000000 000000000000,650000 000000000000,650000 0008 S0012+B0001
D000095+S0021 000000000005,000000 000000000008,000000 000000000000,300000 000000000001,500000 0008 S0012+B0001
D000096+S0006 000000000001,000000 000000000001,000000 000000000000,600000 000000000000,600000 0008 S0012+B0001
D000096+S0009 000000000008,000000 000000000057,000000 000000000000,200000 000000000001,600000 0008 S0012+B0001
D000096+S0017 000000000001,000000 000000000002,000000 000000000000,650000 000000000000,650000 0008 S0012+B0001
D000097+S0004 000000000001,000000 000000000004,000000 000000000000,300000 000000000000,300000 0008 S0012+B0001
D000097+S0009 000000000009,500000 000000000082,000000 000000000000,200000 000000000001,900000 0008 S0012+B0001
D000098+S0006 000000000008,000000 000000000005,000000 000000000000,600000 000000000004,800000 0008 S0012+B0001
D000098+S0009 000000000004,000000 000000000013,000000 000000000000,200000 000000000000,800000 0008 S0012+B0001
D000098+S0017 000000000003,000000 000000000007,000000 000000000000,650000 000000000001,950000 0008 S0012+B0001
D000099+S0004 000000000009,000000 000000000043,000000 000000000000,300000 000000000002,700000 0008 S0012+B0001
D000099+S0009 000000000006,000000 000000000021,000000 000000000000,200000 000000000001,200000 0008 S0012+B0001
D000099+S0017 000000000002,500000 000000000005,000000 000000000000,650000 000000000001,625000 0008 S0012+B0001
D000099+S0021 000000000003,000000 000000000004,000000 000000000000,300000 000000000000,900000 0008 S0012+B0001
D000100+S0006 000000000006,000000 000000000008,000000 000000000000,600000 000000000003,600000 0008 S0012+B0001
D000100+S0009 000000000012,000000 000000000047,000000 000000000000,200000 000000000002,400000 0008 S0012+B0001
D000100+S0017 000000000005,500000 000000000009,000000 000000000000,650000 000000000003,575000 0008 S0012+B0001
D000101+S0004 000000000008,000000 000000000021,000000 000000000000,300000 000000000002,400000 0008 S0012+B0001
D000101+S0009 000000000009,000000 000000000038,000000 000000000000,200000 000000000001,800000 0008 S0012+B0001
D000101+S0017 000000000002,000000 000000000004,000000 000000000000,650000 000000000001,300000 0008 S0012+B0001
D000102+S0006 000000000002,000000 000000000007,000000 000000000000,600000 000000000001,200000 0008 S0012+B0001
D000102+S0009 000000000007,000000 000000000060,000000 000000000000,200000 000000000001,400000 0008 S0012+B0001
D000102+S0021 000000000002,500000 000000000003,000000 000000000000,300000 000000000000,750000 0008 S0012+B0001
D000103+S0006 000000000005,500000 000000000009,000000 000000000000,600000 000000000003,300000 0008 S0012+B0001
D000103+S0009 000000000005,000000 000000000040,000000 000000000000,200000 000000000001,000000 0008 S0012+B0001
D000103+S0017 000000000004,500000 000000000007,000000 000000000000,650000 000000000002,925000 0008 S0012+B0001
D000104+S0006 000000000002,000000 000000000005,000000 000000000000,600000 000000000001,200000 0008 S0012+B0001
D000104+S0009 000000000003,000000 000000000012,000000 000000000000,200000 000000000000,600000 0008 S0012+B0001
D000105+S0006 000000000005,000000 000000000008,000000 000000000000,600000 000000000003,000000 0008 S0012+B0001
D000105+S0009 000000000008,000000 000000000039,000000 000000000000,200000 000000000001,600000 0008 S0012+B0001
D000105+S0017 000000000003,500000 000000000006,000000 000000000000,650000 000000000002,275000 0008 S0012+B0001
D000106+S0004 000000000005,000000 000000000013,000000 000000000000,300000 000000000001,500000 0008 S0012+B0001
D000106+S0009 000000000009,000000 000000000063,000000 000000000000,200000 000000000001,800000 0008 S0012+B0001
D000106+S0017 000000000003,500000 000000000004,000000 000000000000,650000 000000000002,275000 0008 S0012+B0001
D000107+S0004 000000000005,000000 000000000014,000000 000000000000,300000 000000000001,500000 0008 S0012+B0001
D000107+S0006 000000000007,000000 000000000004,000000 000000000000,600000 000000000004,200000 0008 S0012+B0001
D000107+S0009 000000000010,000000 000000000051,000000 000000000000,200000 000000000002,000000 0008 S0012+B0001
D000108+S0009 000000000002,000000 000000000108,000000 000000000000,200000 000000000000,400000 0006 S0009+B0005
D000114+S0004 000000000000,500000 000000000002,000000 000000000000,400000 000000000000,200000 0006 S0009+B0005
D000114+S0009 000000000003,000000 000000000142,000000 000000000000,200000 000000000000,600000 0006 S0009+B0005
D000121+S0009 000000000004,000000 000000000137,000000 000000000000,200000 000000000000,800000 0006 S0009+B0005
D000122+S0009 000000000002,500000 000000000083,000000 000000000000,000000 000000000000,000000 0006 S0009+B0005
D000123+S0009 000000000001,500000 000000000046,000000 000000000000,200000 000000000000,300000 0006 S0009+B0005
D000124+S0004 000000000001,000000 000000000002,000000 000000000000,350000 000000000000,350000 0006 S0009+B0005
D000124+S0021 000000000001,250000 000000000002,000000 000000000000,300000 000000000000,375000 0006 S0009+B0005
D000125+S0004 000000000001,500000 000000000003,000000 000000000000,350000 000000000000,525000 0006 S0009+B0005
D000126+S0004 000000000001,250000 000000000002,000000 000000000000,350000 000000000000,437500 0006 S0009+B0005
D000126+S0021 000000000002,000000 000000000001,000000 000000000000,300000 000000000000,600000 0006 S0009+B0005
D000127+S0021 000000000005,000000 000000000003,000000 000000000000,300000 000000000001,500000 0006 S0009+B0005
D000128+S0021 000000000002,500000 000000000004,000000 000000000000,300000 000000000000,750000 0006 S0009+B0005
D000129+S0004 000000000001,500000 000000000003,000000 000000000000,350000 000000000000,525000 0006 S0009+B0005
D000129+S0021 000000000003,000000 000000000002,000000 000000000000,300000 000000000000,900000 0006 S0009+B0005
D000130+S0004 000000000000,750000 000000000001,000000 000000000000,350000 000000000000,262500 0006 S0009+B0005
D000130+S0021 000000000001,500000 000000000003,000000 000000000000,300000 000000000000,450000 0006 S0009+B0005
D000131+S0003 000000000005,000000 000000000002,000000 000000000000,350000 000000000001,750000 0006 S0009+B0005
D000131+S0021 000000000000,500000 000000000001,000000 000000000000,300000 000000000000,150000 0006 S0009+B0005
D000132+S0004 000000000000,500000 000000000001,000000 000000000000,400000 000000000000,200000 0006 S0009+B0001
D000132+S0009 000000000000,500000 000000000014,000000 000000000000,300000 000000000000,150000 0006 S0009+B0001
D000135+S0006 000000000001,000000 000000000001,000000 000000000000,500000 000000000000,500000 0006 S0009+B0001
D000135+S0009 000000000001,500000 000000000042,000000 000000000000,300000 000000000000,450000 0006 S0009+B0001
D000136+S0004 000000000001,000000 000000000006,000000 000000000000,400000 000000000000,400000 0006 S0009+B0001
D000136+S0009 000000000001,000000 000000000019,000000 000000000000,300000 000000000000,300000 0006 S0009+B0001
D000137+S0004 000000000000,500000 000000000003,000000 000000000000,400000 000000000000,200000 0006 S0009+B0001
D000137+S0009 000000000001,000000 000000000022,000000 000000000000,300000 000000000000,300000 0006 S0009+B0001
D000138+S0004 000000000000,500000 000000000002,000000 000000000000,400000 000000000000,200000 0006 S0009+B0001
D000138+S0009 000000000001,000000 000000000012,000000 000000000000,300000 000000000000,300000 0006 S0009+B0001
D000139+S0009 000000000000,500000 000000000005,000000 000000000000,300000 000000000000,150000 0006 S0009+B0001
D000142+S0004 000000000001,500000 000000000005,000000 000000000000,300000 000000000000,450000 0006 S0009+B0001
D000142+S0009 000000000001,000000 000000000016,000000 000000000000,300000 000000000000,300000 0006 S0009+B0001
D000143+S0006 000000000001,500000 000000000001,000000 000000000000,500000 000000000000,750000 0006 S0009+B0001
D000143+S0009 000000000002,000000 000000000038,000000 000000000000,300000 000000000000,600000 0006 S0009+B0001
D000144+S0004 000000000000,500000 000000000002,000000 000000000000,400000 000000000000,200000 0006 S0009+B0001
D000144+S0009 000000000002,000000 000000000033,000000 000000000000,300000 000000000000,600000 0006 S0009+B0001
D000145+S0006 000000000001,000000 000000000001,000000 000000000000,500000 000000000000,500000 0006 S0009+B0001
D000145+S0009 000000000002,000000 000000000029,000000 000000000000,300000 000000000000,600000 0006 S0009+B0001
D000133+S0006 000000000001,500000 000000000001,000000 000000000000,500000 000000000000,750000 0006 S0009+B0001
D000133+S0009 000000000001,000000 000000000022,000000 000000000000,300000 000000000000,300000 0006 S0009+B0001
D000134+S0004 000000000001,000000 000000000004,000000 000000000000,400000 000000000000,400000 0006 S0009+B0001
D000134+S0009 000000000000,500000 000000000013,000000 000000000000,300000 000000000000,150000 0006 S0009+B0001
D000140+S0004 000000000001,000000 000000000003,000000 000000000000,400000 000000000000,400000 0006 S0009+B0001
D000140+S0006 000000000001,500000 000000000002,000000 000000000000,500000 000000000000,750000 0006 S0009+B0001
D000140+S0009 000000000001,500000 000000000023,000000 000000000000,300000 000000000000,450000 0006 S0009+B0001
D000141+S0004 000000000000,500000 000000000002,000000 000000000000,400000 000000000000,200000 0006 S0009+B0001
D000141+S0009 000000000002,000000 000000000033,000000 000000000000,300000 000000000000,600000 0006 S0009+B0001
D000146+S0009 000000000001,500000 000000000022,000000 000000000000,500000 000000000000,750000 0006 S0009+B0001
D000147+S0004 000000000001,000000 000000000002,000000 000000000000,400000 000000000000,400000 0006 S0009+B0001
D000147+S0009 000000000002,000000 000000000019,000000 000000000000,300000 000000000000,600000 0006 S0009+B0001
D000148+S0004 000000000011,000000 000000000204,000000 000000000000,400000 000000000004,400000 0006 S0009+B0001
D000148+S0021 000000000006,000000 000000000017,000000 000000000000,300000 000000000001,800000 0006 S0009+B0001
D000149+S0004 000000000007,000000 000000000086,000000 000000000000,400000 000000000002,800000 0006 S0009+B0001
D000149+S0021 000000000005,000000 000000000015,000000 000000000000,300000 000000000001,500000 0006 S0009+B0001
D000150+S0004 000000000008,000000 000000000093,000000 000000000000,400000 000000000003,200000 0006 S0009+B0001
D000150+S0021 000000000005,000000 000000000021,000000 000000000000,300000 000000000001,500000 0006 S0009+B0001
D000151+S0004 000000000006,000000 000000000075,000000 000000000000,400000 000000000002,400000 0006 S0009+B0001
D000151+S0021 000000000004,500000 000000000013,000000 000000000000,300000 000000000001,350000 0006 S0009+B0001
D000152+S0004 000000000007,000000 000000000180,000000 000000000000,400000 000000000002,800000 0006 S0009+B0001
D000152+S0021 000000000002,000000 000000000042,000000 000000000000,300000 000000000000,600000 0006 S0009+B0001
D000153+S0004 000000000003,000000 000000000061,000000 000000000000,400000 000000000001,200000 0006 S0009+B0001
D000153+S0021 000000000001,500000 000000000003,000000 000000000000,300000 000000000000,450000 0006 S0009+B0001
D000154+S0004 000000000006,000000 000000000102,000000 000000000000,400000 000000000002,400000 0006 S0009+B0001
D000154+S0021 000000000001,000000 000000000004,000000 000000000000,300000 000000000000,300000 0006 S0009+B0001
D000155+S0004 000000000003,000000 000000000049,000000 000000000000,400000 000000000001,200000 0006 S0009+B0001
D000155+S0021 000000000001,000000 000000000003,000000 000000000000,300000 000000000000,300000 0006 S0009+B0001
D000156+S0004 000000000040,000000 000000000253,000000 000000000000,500000 000000000020,000000 0004 S0005+B0001
D000157+S0014 000000000024,000000 000000000073,000000 000000000000,500000 000000000012,000000 0004 S0005+B0001
D000158+S0014 000000000015,000000 000000000050,000000 000000000000,250000 000000000003,750000 0004 S0005+B0001
D000159+S0002 000000000003,000000 000000000002,000000 000000000000,500000 000000000001,500000 0004 S0005+B0001
D000159+S0012 000000000004,000000 000000000001,000000 000000000000,200000 000000000000,800000 0004 S0005+B0001
D000159+S0014 000000000030,000000 000000000059,000000 000000000000,250000 000000000007,500000 0004 S0005+B0001
D000160+S0015 000000000003,000000 000000000010,000000 000000000000,400000 000000000001,200000 0004 S0005+B0001
D000160+S0018 000000000007,000000 000000000012,000000 000000000000,400000 000000000002,800000 0004 S0005+B0001
D000161+S0014 000000000005,000000 000000000011,000000 000000000000,250000 000000000001,250000 0004 S0005+B0001
D000161+S0017 000000000001,000000 000000000001,000000 000000000000,000000 000000000000,000000 0004 S0005+B0001
D000161+S0020 000000000005,000000 000000000004,000000 000000000000,500000 000000000002,500000 0004 S0005+B0001
D000162+S0014 000000000006,000000 000000000013,000000 000000000000,250000 000000000001,500000 0004 S0005+B0001
D000163+S0014 000000000015,000000 000000000035,000000 000000000000,250000 000000000003,750000 0004 S0005+B0001
D000164+S0004 000000000045,000000 000000001035,000000 000000000000,500000 000000000022,500000 0004 S0005+B0005
D000165+S0004 000000000065,000000 000000000998,000000 000000000000,500000 000000000032,500000 0004 S0005+B0005
D000166+S0005 000000000040,000000 000000000615,000000 000000000000,500000 000000000020,000000 0004 S0005+B0005
D000167+S0005 000000000060,000000 000000000900,000000 000000000000,900000 000000000054,000000 0004 S0005+B0005
D000168+S0004 000000000010,000000 000000000034,000000 000000000000,500000 000000000005,000000 0004 S0005+B0005
D000169+S0004 000000000020,000000 000000000057,000000 000000000000,500000 000000000010,000000 0004 S0005+B0005
D000170+S0004 000000000035,000000 000000000172,000000 000000000000,500000 000000000017,500000 0004 S0005+B0005
D000171+S0004 000000000025,000000 000000000085,000000 000000000000,500000 000000000012,500000 0004 S0005+B0005
