D000001+S0008 000000000000,900000 000000000003,000000 000000000000,000000 000000000000,000000 0004 S0004+B0001
D000001+S0011 000000000003,700000 000000000037,000000 000000000000,000000 000000000000,000000 0004 S0004+B0001
D000001+S0018 000000000000,800000 000000000005,000000 000000000000,000000 000000000000,000000 0004 S0004+B0001
D000002+S0008 000000000000,300000 000000000003,000000 000000000000,000000 000000000000,000000 0004 S0004+B0001
D000002+S0011 000000000004,500000 000000000039,000000 000000000000,435000 000000000001,957500 0004 S0004+B0001
D000002+S0018 000000000001,200000 000000000008,000000 000000000000,000000 000000000000,000000 0004 S0004+B0001
D000004+S0008 000000000000,250000 000000000002,000000 000000000000,960000 000000000000,240000 0004 S0004+B0001
D000004+S0009 000000000000,100000 000000000002,000000 000000000000,000000 000000000000,000000 0004 S0004+B0001
D000004+S0011 000000000001,900000 000000000008,000000 000000000000,960000 000000000001,824000 0004 S0004+B0001
D000004+S0017 000000000001,250000 000000000002,000000 000000000000,960000 000000000001,200000 0004 S0004+B0001
D000004+S0018 000000000000,150000 000000000002,000000 000000000000,960000 000000000000,144000 0004 S0004+B0001
D000005+S0008 000000000001,700000 000000000003,000000 000000000000,000000 000000000000,000000 0004 S0004+B0001
D000005+S0009 000000000001,600000 000000000004,000000 000000000000,000000 000000000000,000000 0004 S0004+B0001
D000005+S0011 000000000001,900000 000000000003,000000 000000000000,000000 000000000000,000000 0004 S0004+B0001
D000005+S0018 000000000002,500000 000000000004,000000 000000000000,000000 000000000000,000000 0004 S0004+B0001
D000007+S0004 000000000003,200000 000000000002,000000 000000000000,000000 000000000000,000000 0004 S0004+B0002
D000007+S0011 000000000004,500000 000000000023,000000 000000000000,000000 000000000000,000000 0004 S0004+B0002
D000007+S0018 000000000003,000000 000000000027,000000 000000000000,000000 000000000000,000000 0004 S0004+B0002
D000008+S0004 000000000001,800000 000000000002,000000 000000000000,000000 000000000000,000000 0004 S0004+B0002
D000008+S0011 000000000001,900000 000000000013,000000 000000000000,000000 000000000000,000000 0004 S0004+B0002
D000008+S0018 000000000003,700000 000000000041,000000 000000000000,000000 000000000000,000000 0004 S0004+B0002
D000008+S0021 000000000005,200000 000000000000,000000 000000000000,000000 000000000000,000000 0004 S0004+B0002
D000009+S0011 000000000001,600000 000000000030,000000 000000000000,000000 000000000000,000000 0004 S0004+B0002
D000009+S0017 000000000011,500000 000000000001,000000 000000000001,200000 000000000013,800000 0004 S0004+B0002
D000009+S0018 000000000006,500000 000000000040,000000 000000000000,000000 000000000000,000000 0004 S0004+B0002
D000009+S0021 000000000003,600000 000000000000,000000 000000000000,000000 000000000000,000000 0004 S0004+B0002
D000010+S0004 000000000000,300000 000000000001,000000 000000000000,000000 000000000000,000000 0004 S0004+B0002
D000010+S0011 000000000006,500000 000000000104,000000 000000000000,000000 000000000000,000000 0004 S0004+B0002
D000010+S0018 000000000019,500000 000000000162,000000 000000000000,000000 000000000000,000000 0004 S0004+B0002
D000010+S0021 000000000001,300000 000000000000,000000 000000000000,000000 000000000000,000000 0004 S0004+B0002
D000011+S0011 000000000000,400000 000000000006,000000 000000000000,000000 000000000000,000000 0004 S0004+B0002
D000011+S0018 000000000000,800000 000000000011,000000 000000000000,000000 000000000000,000000 0004 S0004+B0002
D000011+S0021 000000000002,100000 000000000087,000000 000000000000,000000 000000000000,000000 0004 S0004+B0002
D000012+S0009 000000000000,100000 000000000001,000000 000000000000,000000 000000000000,000000 0004 S0004+B0002
D000012+S0011 000000000004,900000 000000000107,000000 000000000000,000000 000000000000,000000 0004 S0004+B0002
D000012+S0018 000000000001,200000 000000000019,000000 000000000000,000000 000000000000,000000 0004 S0004+B0002
D000013+S0004 000000000007,500000 000000000005,000000 000000000000,000000 000000000000,000000 0004 S0004+B0002
D000013+S0011 000000000006,000000 000000000043,000000 000000000000,000000 000000000000,000000 0004 S0004+B0002
D000013+S0018 000000000008,000000 000000000062,000000 000000000000,000000 000000000000,000000 0004 S0004+B0002
D000013+S0021 000000000021,500000 000000000000,000000 000000000000,000000 000000000000,000000 0004 S0004+B0002
D000014+S0003 000000000010,000000 000000000004,000000 000000000000,000000 000000000000,000000 0004 S0004+B0002
D000014+S0011 000000000007,250000 000000000038,000000 000000000000,000000 000000000000,000000 0004 S0004+B0002
D000014+S0018 000000000011,500000 000000000069,000000 000000000000,000000 000000000000,000000 0004 S0004+B0002
D000014+S0021 000000000012,500000 000000000000,000000 000000000000,000000 000000000000,000000 0004 S0004+B0002
D000015+S0015 000000000000,800000 000000000011,000000 000000000000,000000 000000000000,000000 0004 S0004+B0002
D000015+S0018 000000000001,000000 000000000016,000000 000000000000,000000 000000000000,000000 0004 S0004+B0002
D000016+S0005 000000000006,500000 000000000001,000000 000000000000,000000 000000000000,000000 0004 S0004+B0002
D000016+S0008 000000000001,000000 000000000002,000000 000000000000,000000 000000000000,000000 0004 S0004+B0002
D000017+S0011 000000000003,900000 000000000027,000000 000000000000,340000 000000000001,326000 0004 S0004+B0002
D000017+S0018 000000000006,800000 000000000022,000000 000000000000,340000 000000000002,312000 0004 S0004+B0002
D000019+S0011 000000000000,900000 000000000008,000000 000000000000,000000 000000000000,000000 0004 S0004+B0002
D000019+S0018 000000000001,800000 000000000007,000000 000000000000,000000 000000000000,000000 0004 S0004+B0002
D000019+S0021 000000000003,900000 000000000000,000000 000000000000,000000 000000000000,000000 0004 S0004+B0002
D000021+S0011 000000000010,200000 000000000072,000000 000000000000,000000 000000000000,000000 0004 S0004+B0003
D000021+S0018 000000000000,400000 000000000004,000000 000000000000,000000 000000000000,000000 0004 S0004+B0003
D000021+S0021 000000000000,800000 000000000002,000000 000000000000,000000 000000000000,000000 0004 S0004+B0003
D000022+S0009 000000000000,250000 000000000001,000000 000000000000,000000 000000000000,000000 0004 S0004+B0003
D000022+S0011 000000000011,200000 000000000069,000000 000000000000,000000 000000000000,000000 0004 S0004+B0003
D000022+S0018 000000000000,300000 000000000001,000000 000000000000,000000 000000000000,000000 0004 S0004+B0003
D000023+S0007 000000000006,000000 000000000001,000000 000000000000,500000 000000000003,000000 0004 S0005+B0001
D000023+S0018 000000000005,000000 000000000023,000000 000000000000,500000 000000000002,500000 0004 S0005+B0001
D000024+S0009 000000000002,000000 000000000005,000000 000000000000,500000 000000000001,000000 0004 S0005+B0001
D000024+S0018 000000000005,000000 000000000026,000000 000000000000,500000 000000000002,500000 0004 S0005+B0001
D000025+S0002 000000000001,000000 000000000001,000000 000000000000,500000 000000000000,500000 0004 S0005+B0001
D000026+S0011 000000000001,000000 000000000007,000000 000000000000,250000 000000000000,250000 0004 S0005+B0001
D000027+S0002 000000000004,500000 000000000001,000000 000000000000,500000 000000000002,250000 0004 S0005+B0001
D000027+S0016 000000000003,500000 000000000001,000000 000000000000,500000 000000000001,750000 0004 S0005+B0001
D000028+S0005 000000000007,000000 000000000003,000000 000000000000,500000 000000000003,500000 0004 S0005+B0001
D000028+S0018 000000000006,000000 000000000001,000000 000000000000,500000 000000000003,000000 0004 S0005+B0001
D000029+S0003 000000000002,000000 000000000001,000000 000000000000,250000 000000000000,500000 0004 S0005+B0001
D000030+S0004 000000000004,000000 000000000001,000000 000000000000,500000 000000000002,000000 0004 S0005+B0001
D000031+S0006 000000000002,500000 000000000002,000000 000000000000,500000 000000000001,250000 0004 S0005+B0002
D000031+S0018 000000000003,000000 000000000030,000000 000000000000,350000 000000000001,050000 0004 S0005+B0002
D000032+S0008 000000000001,000000 000000000001,000000 000000000000,500000 000000000000,500000 0004 S0005+B0002
D000032+S0017 000000000002,500000 000000000002,000000 000000000001,000000 000000000002,500000 0004 S0005+B0002
D000032+S0018 000000000003,000000 000000000005,000000 000000000000,500000 000000000001,500000 0004 S0005+B0002
D000033+S0011 000000000001,000000 000000000060,000000 000000000000,200000 000000000000,200000 0004 S0005+B0002
D000034+S0018 000000000003,000000 000000000107,000000 000000000000,400000 000000000001,200000 0004 S0005+B0002
D000035+S0008 000000000010,000000 000000000311,000000 000000000000,350000 000000000003,500000 0004 S0005+B0002
D000035+S0011 000000000003,000000 000000000005,000000 000000000000,500000 000000000001,500000 0004 S0005+B0002
D000035+S0018 000000000002,500000 000000000002,000000 000000000000,500000 000000000001,250000 0004 S0005+B0002
D000036+S0018 000000000010,000000 000000000158,000000 000000000000,500000 000000000005,000000 0004 S0005+B0002
D000037+S0018 000000000004,000000 000000000095,000000 000000000000,250000 000000000001,000000 0004 S0005+B0002
D000038+S0008 000000000003,000000 000000000074,000000 000000000000,200000 000000000000,600000 0004 S0005+B0002
D000038+S0009 000000000004,000000 000000000107,000000 000000000000,200000 000000000000,800000 0004 S0005+B0002
D000039+S0018 000000000002,000000 000000000004,000000 000000000000,500000 000000000001,000000 0004 S0005+B0003
D000040+S0003 000000000007,000000 000000000001,000000 000000000000,500000 000000000003,500000 0004 S0005+B0003
D000040+S0018 000000000002,500000 000000000004,000000 000000000000,500000 000000000001,250000 0004 S0005+B0003
D000043+S0017 000000000001,000000 000000000001,000000 000000000001,000000 000000000001,000000 0004 S0005+B0003
D000046+S0010 000000000005,000000 000000000001,000000 000000000000,500000 000000000002,500000 0004 S0005+B0003
D000041+S0012 000000000005,000000 000000000001,000000 000000000000,250000 000000000001,250000 0004 S0005+B0003
D000047+S0017 000000000009,000000 000000000001,000000 000000000001,000000 000000000009,000000 0004 S0005+B0003
D000048+S0004 000000000001,000000 000000000009,000000 000000000000,400000 000000000000,400000 0004 S0005+B0005
D000049+S0011 000000000004,000000 000000000143,000000 000000000000,250000 000000000001,000000 0004 S0005+B0005
D000050+S0004 000000000010,000000 000000000310,000000 000000000000,200000 000000000002,000000 0004 S0005+B0005
D000051+S0011 000000000010,000000 000000000407,000000 000000000000,200000 000000000002,000000 0004 S0005+B0005
D000052+S0011 000000000000,750000 000000000007,000000 000000000000,000000 000000000000,000000 0005 S0007+B0001
D000053+S0008 000000000003,000000 000000000001,000000 000000000000,840000 000000000002,520000 0005 S0007+B0001
D000053+S0011 000000000001,500000 000000000010,000000 000000000000,840000 000000000001,260000 0005 S0007+B0001
D000053+S0021 000000000000,500000 000000000011,000000 000000000000,840000 000000000000,420000 0005 S0007+B0001
D000054+S0008 000000000001,000000 000000000009,000000 000000000000,750000 000000000000,750000 0005 S0007+B0001
D000054+S0011 000000000001,000000 000000000007,000000 000000000000,750000 000000000000,750000 0005 S0007+B0001
D000055+S0019 000000000002,000000 000000000003,000000 000000000000,500000 000000000001,000000 0005 S0007+B0001
D000056+S0011 000000000002,000000 000000000010,000000 000000000000,575000 000000000001,150000 0005 S0007+B0001
D000057+S0019 000000000004,000000 000000000001,000000 000000000000,500000 000000000002,000000 0005 S0007+B0001
D000058+S0011 000000000001,500000 000000000006,000000 000000000000,575000 000000000000,862500 0005 S0007+B0001
D000058+S0015 000000000001,000000 000000000006,000000 000000000000,000000 000000000000,000000 0005 S0007+B0001
D000058+S0017 000000000001,000000 000000000003,000000 000000000001,000000 000000000001,000000 0005 S0007+B0001
D000059+S0011 000000000002,500000 000000000010,000000 000000000000,575000 000000000001,437500 0005 S0007+B0001
D000060+S0011 000000000003,000000 000000000013,000000 000000000000,575000 000000000001,725000 0005 S0007+B0001
D000060+S0018 000000000001,500000 000000000005,000000 000000000000,000000 000000000000,000000 0005 S0007+B0001
D000061+S0011 000000000000,500000 000000000001,000000 000000000000,575000 000000000000,287500 0005 S0007+B0001
D000061+S0020 000000000001,500000 000000000001,000000 000000000000,415000 000000000000,622500 0005 S0007+B0001
D000062+S0008 000000000000,500000 000000000004,000000 000000000000,000000 000000000000,000000 0005 S0007+B0001
D000062+S0015 000000000000,500000 000000000002,000000 000000000000,415000 000000000000,207500 0005 S0007+B0001
D000063+S0008 000000000001,000000 000000000003,000000 000000000000,440000 000000000000,440000 0005 S0007+B0001
D000063+S0011 000000000002,000000 000000000008,000000 000000000000,575000 000000000001,150000 0005 S0007+B0001
D000063+S0016 000000000000,500000 000000000002,000000 000000000000,440000 000000000000,220000 0005 S0007+B0001
D000063+S0018 000000000001,000000 000000000003,000000 000000000000,440000 000000000000,440000 0005 S0007+B0001
D000064+S0004 000000000001,000000 000000000001,000000 000000000000,440000 000000000000,440000 0005 S0007+B0001
D000064+S0011 000000000001,000000 000000000005,000000 000000000000,575000 000000000000,575000 0005 S0007+B0001
D000064+S0018 000000000002,000000 000000000006,000000 000000000000,440000 000000000000,880000 0005 S0007+B0001
D000065+S0011 000000000001,500000 000000000004,000000 000000000000,575000 000000000000,862500 0005 S0007+B0001
D000065+S0018 000000000003,000000 000000000006,000000 000000000000,440000 000000000001,320000 0005 S0007+B0001
D000066+S0008 000000000000,500000 000000000003,000000 000000000000,000000 000000000000,000000 0005 S0007+B0001
D000066+S0011 000000000003,000000 000000000010,000000 000000000000,475000 000000000001,425000 0005 S0007+B0001
D000066+S0016 000000000004,500000 000000000001,000000 000000000000,440000 000000000001,980000 0005 S0007+B0001
D000066+S0018 000000000002,500000 000000000008,000000 000000000000,440000 000000000001,100000 0005 S0007+B0001
D000067+S0011 000000000001,000000 000000000007,000000 000000000000,475000 000000000000,475000 0005 S0007+B0001
D000067+S0018 000000000000,500000 000000000005,000000 000000000000,440000 000000000000,220000 0005 S0007+B0001
D000068+S0003 000000000003,500000 000000000001,000000 000000000000,000000 000000000000,000000 0005 S0007+B0003
D000068+S0019 000000000001,000000 000000000001,000000 000000000000,000000 000000000000,000000 0005 S0007+B0003
D000081+S0009 000000000001,500000 000000000140,000000 000000000000,200000 000000000000,300000 0008 S0011+B0002
D000082+S0015 000000000000,750000 000000000002,000000 000000000000,200000 000000000000,150000 0008 S0011+B0002
D000082+S0017 000000000001,500000 000000000001,000000 000000000000,750000 000000000001,125000 0008 S0011+B0002
D000083+S0021 000000000000,500000 000000000003,000000 000000000000,250000 000000000000,125000 0008 S0011+B0002
D000084+S0021 000000000003,000000 000000000052,000000 000000000000,250000 000000000000,750000 0008 S0011+B0002
D000085+S0009 000000000002,000000 000000000032,000000 000000000000,250000 000000000000,500000 0008 S0011+B0002
D000085+S0017 000000000001,000000 000000000003,000000 000000000000,750000 000000000000,750000 0008 S0011+B0002
D000086+S0009 000000000001,500000 000000000012,000000 000000000000,250000 000000000000,375000 0008 S0011+B0002
D000087+S0009 000000000005,000000 000000000108,000000 000000000000,250000 000000000001,250000 0008 S0011+B0002
D000100+S0009 000000000001,750000 000000000008,000000 000000000000,250000 000000000000,437500 0008 S0011+B0001
D000102+S0009 000000000003,500000 000000000072,000000 000000000000,250000 000000000000,875000 0008 S0011+B0001
D000103+S0009 000000000002,000000 000000000027,000000 000000000000,250000 000000000000,500000 0008 S0011+B0001
D000103+S0021 000000000000,500000 000000000010,000000 000000000000,250000 000000000000,125000 0008 S0011+B0001
D000104+S0015 000000000001,000000 000000000012,000000 000000000000,200000 000000000000,200000 0008 S0011+B0001
D000105+S0009 000000000002,000000 000000000013,000000 000000000000,250000 000000000000,500000 0008 S0011+B0001
D000105+S0017 000000000002,000000 000000000004,000000 000000000000,750000 000000000001,500000 0008 S0011+B0001
D000106+S0009 000000000004,000000 000000000025,000000 000000000000,250000 000000000001,000000 0008 S0011+B0001
D000107+S0004 000000000000,500000 000000000005,000000 000000000000,350000 000000000000,175000 0008 S0011+B0001
D000107+S0009 000000000001,000000 000000000013,000000 000000000000,250000 000000000000,250000 0008 S0011+B0001
D000118+S0004 000000000006,000000 000000000084,000000 000000000000,300000 000000000001,800000 0008 S0012+B0003
D000118+S0011 000000000003,000000 000000000034,000000 000000000000,100000 000000000000,300000 0008 S0012+B0003
D000119+S0004 000000000005,000000 000000000049,000000 000000000000,300000 000000000001,500000 0008 S0012+B0003
D000119+S0006 000000000002,500000 000000000001,000000 000000000000,600000 000000000001,500000 0008 S0012+B0003
D000119+S0009 000000000002,000000 000000000012,000000 000000000000,200000 000000000000,400000 0008 S0012+B0003
D000120+S0004 000000000005,000000 000000000014,000000 000000000000,300000 000000000001,500000 0008 S0012+B0001
D000120+S0006 000000000021,000000 000000000007,000000 000000000000,600000 000000000012,600000 0008 S0012+B0001
D000121+S0004 000000000004,000000 000000000012,000000 000000000000,300000 000000000001,200000 0008 S0012+B0001
D000121+S0009 000000000002,500000 000000000012,000000 000000000000,200000 000000000000,500000 0008 S0012+B0001
D000121+S0011 000000000003,000000 000000000038,000000 000000000000,100000 000000000000,300000 0008 S0012+B0001
D000122+S0004 000000000004,000000 000000000008,000000 000000000000,300000 000000000001,200000 0008 S0012+B0001
D000122+S0006 000000000002,500000 000000000004,000000 000000000000,600000 000000000001,500000 0008 S0012+B0001
D000122+S0009 000000000009,000000 000000000091,000000 000000000000,200000 000000000001,800000 0008 S0012+B0001
D000122+S0011 000000000003,000000 000000000038,000000 000000000000,100000 000000000000,300000 0008 S0012+B0001
D000123+S0006 000000000007,000000 000000000005,000000 000000000000,600000 000000000004,200000 0008 S0012+B0001
D000123+S0009 000000000004,000000 000000000026,000000 000000000000,200000 000000000000,800000 0008 S0012+B0001
D000123+S0011 000000000002,000000 000000000027,000000 000000000000,100000 000000000000,200000 0008 S0012+B0001
D000124+S0006 000000000013,000000 000000000008,000000 000000000000,600000 000000000007,800000 0008 S0012+B0001
D000124+S0009 000000000007,000000 000000000047,000000 000000000000,200000 000000000001,400000 0008 S0012+B0001
D000124+S0011 000000000002,000000 000000000023,000000 000000000000,100000 000000000000,200000 0008 S0012+B0001
D000125+S0004 000000000009,000000 000000000038,000000 000000000000,300000 000000000002,700000 0008 S0012+B0001
D000125+S0009 000000000003,000000 000000000026,000000 000000000000,200000 000000000000,600000 0008 S0012+B0001
D000125+S0011 000000000001,500000 000000000016,000000 000000000000,100000 000000000000,150000 0008 S0012+B0001
D000126+S0004 000000000002,000000 000000000008,000000 000000000000,300000 000000000000,600000 0008 S0012+B0001
D000126+S0009 000000000004,000000 000000000041,000000 000000000000,200000 000000000000,800000 0008 S0012+B0001
D000127+S0004 000000000005,000000 000000000021,000000 000000000000,300000 000000000001,500000 0008 S0012+B0001
D000127+S0006 000000000002,000000 000000000005,000000 000000000000,600000 000000000001,200000 0008 S0012+B0001
D000127+S0009 000000000006,000000 000000000071,000000 000000000000,200000 000000000001,200000 0008 S0012+B0001
D000088+S0021 000000000001,750000 000000000017,000000 000000000000,250000 000000000000,437500 0008 S0011+B0002
D000089+S0017 000000000003,000000 000000000001,000000 000000000000,750000 000000000002,250000 0008 S0011+B0002
D000090+S0021 000000000004,000000 000000000060,000000 000000000000,250000 000000000001,000000 0008 S0011+B0002
D000091+S0021 000000000005,000000 000000000215,000000 000000000000,250000 000000000001,250000 0008 S0011+B0002
D000092+S0009 000000000001,000000 000000000008,000000 000000000000,250000 000000000000,250000 0008 S0011+B0002
D000092+S0015 000000000000,500000 000000000011,000000 000000000200,000000 000000000100,000000 0008 S0011+B0002
D000093+S0004 000000000002,000000 000000000007,000000 000000000000,350000 000000000000,700000 0008 S0011+B0002
D000093+S0009 000000000002,000000 000000000012,000000 000000000000,250000 000000000000,500000 0008 S0011+B0002
D000094+S0021 000000000003,000000 000000000052,000000 000000000000,250000 000000000000,750000 0008 S0011+B0002
D000095+S0015 000000000000,500000 000000000018,000000 000000000000,250000 000000000000,125000 0008 S0011+B0001
D000096+S0015 000000000000,500000 000000000008,000000 000000000000,250000 000000000000,125000 0008 S0011+B0001
D000096+S0021 000000000000,500000 000000000011,000000 000000000000,250000 000000000000,125000 0008 S0011+B0001
D000097+S0004 000000000001,000000 000000000003,000000 000000000000,350000 000000000000,350000 0008 S0011+B0001
D000097+S0009 000000000000,500000 000000000013,000000 000000000000,250000 000000000000,125000 0008 S0011+B0001
D000098+S0017 000000000001,500000 000000000001,000000 000000000000,750000 000000000001,125000 0008 S0011+B0001
D000099+S0004 000000000000,500000 000000000005,000000 000000000000,350000 000000000000,175000 0008 S0011+B0001
D000099+S0009 000000000003,000000 000000000025,000000 000000000000,250000 000000000000,750000 0008 S0011+B0001
D000101+S0021 000000000005,000000 000000000032,000000 000000000000,250000 000000000001,250000 0008 S0011+B0001
D000108+S0009 000000000002,000000 000000000040,000000 000000000000,250000 000000000000,500000 0008 S0011+B0001
D000108+S0015 000000000001,500000 000000000052,000000 000000000000,200000 000000000000,300000 0008 S0011+B0001
D000112+S0004 000000000008,000000 000000000089,000000 000000000000,300000 000000000002,400000 0008 S0012+B0003
D000112+S0009 000000000002,000000 000000000012,000000 000000000000,200000 000000000000,400000 0008 S0012+B0003
D000112+S0011 000000000003,000000 000000000043,000000 000000000000,100000 000000000000,300000 0008 S0012+B0003
D000113+S0004 000000000012,000000 000000000094,000000 000000000000,300000 000000000003,600000 0008 S0012+B0003
D000113+S0011 000000000004,000000 000000000057,000000 000000000000,100000 000000000000,400000 0008 S0012+B0003
D000114+S0004 000000000038,000000 000000000218,000000 000000000000,300000 000000000011,400000 0008 S0012+B0003
D000114+S0009 000000000004,000000 000000000019,000000 000000000000,200000 000000000000,800000 0008 S0012+B0003
D000114+S0011 000000000002,000000 000000000021,000000 000000000000,100000 000000000000,200000 0008 S0012+B0003
D000115+S0004 000000000004,000000 000000000018,000000 000000000000,300000 000000000001,200000 0008 S0012+B0003
D000115+S0009 000000000003,000000 000000000021,000000 000000000000,200000 000000000000,600000 0008 S0012+B0003
D000115+S0011 000000000001,000000 000000000012,000000 000000000000,100000 000000000000,100000 0008 S0012+B0003
D000116+S0004 000000000006,000000 000000000087,000000 000000000000,300000 000000000001,800000 0008 S0012+B0003
D000116+S0009 000000000005,000000 000000000019,000000 000000000002,000000 000000000010,000000 0008 S0012+B0003
D000116+S0011 000000000002,000000 000000000018,000000 000000000000,100000 000000000000,200000 0008 S0012+B0003
D000117+S0004 000000000004,500000 000000000088,000000 000000000000,300000 000000000001,350000 0008 S0012+B0003
D000117+S0009 000000000004,000000 000000000022,000000 000000000000,200000 000000000000,800000 0008 S0012+B0003
D000117+S0011 000000000001,500000 000000000014,000000 000000000000,100000 000000000000,150000 0008 S0012+B0003
D000128+S0011 000000000003,000000 000000000036,000000 000000000000,200000 000000000000,600000 0004 S0005+B0005
D000129+S0011 000000000007,000000 000000000104,000000 000000000000,200000 000000000001,400000 0004 S0005+B0005
D000130+S0011 000000000007,000000 000000000196,000000 000000000000,500000 000000000003,500000 0004 S0005+B0005
D000131+S0007 000000000002,000000 000000000002,000000 000000000000,500000 000000000001,000000 0004 S0005+B0003
D000132+S0011 000000000003,000000 000000000001,000000 000000000000,500000 000000000001,500000 0004 S0005+B0003
D000133+S0004 000000000003,000000 000000000001,000000 000000000000,400000 000000000001,200000 0004 S0005+B0003
D000134+S0003 000000000009,000000 000000000002,000000 000000000000,250000 000000000002,250000 0004 S0005+B0003
D000135+S0008 000000000007,000000 000000000105,000000 000000000000,350000 000000000002,450000 0004 S0005+B0002
D000136+S0011 000000000003,000000 000000000085,000000 000000000000,200000 000000000000,600000 0004 S0005+B0002
D000137+S0011 000000000003,500000 000000000013,000000 000000000000,500000 000000000001,750000 0004 S0005+B0002
D000138+S0008 000000000002,000000 000000000005,000000 000000000000,300000 000000000000,600000 0004 S0005+B0002
D000138+S0011 000000000001,000000 000000000003,000000 000000000000,500000 000000000000,500000 0004 S0005+B0002
D000139+S0017 000000000004,000000 000000000001,000000 000000000001,000000 000000000004,000000 0004 S0005+B0001
D000140+S0020 000000000002,000000 000000000001,000000 000000000000,500000 000000000001,000000 0004 S0005+B0001
D000141+S0011 000000000000,500000 000000000001,000000 000000000000,500000 000000000000,250000 0004 S0005+B0001
D000141+S0016 000000000000,500000 000000000001,000000 000000000000,500000 000000000000,250000 0004 S0005+B0001
D000237+S0018 000000000002,800000 000000000000,000000 000000000000,550000 000000000001,540000 0007 S0010+B0005
D000238+S0009 000000000002,500000 000000000025,000000 000000000000,550000 000000000001,375000 0007 S0010+B0005
D000238+S0018 000000000001,750000 000000000000,000000 000000000000,550000 000000000000,962500 0007 S0010+B0005
D000239+S0009 000000000001,800000 000000000009,000000 000000000000,550000 000000000000,990000 0007 S0010+B0005
D000240+S0006 000000000000,900000 000000000006,000000 000000000000,550000 000000000000,495000 0007 S0010+B0005
D000240+S0018 000000000000,100000 000000000001,000000 000000000000,550000 000000000000,055000 0007 S0010+B0005
D000241+S0009 000000000002,000000 000000000023,000000 000000000000,550000 000000000001,100000 0007 S0010+B0005
D000241+S0018 000000000000,650000 000000000002,000000 000000000000,550000 000000000000,357500 0007 S0010+B0005
D000242+S0006 000000000002,600000 000000000030,000000 000000000000,550000 000000000001,430000 0007 S0010+B0005
D000242+S0009 000000000001,350000 000000000016,000000 000000000000,550000 000000000000,742500 0007 S0010+B0005
D000243+S0004 000000000001,500000 000000000018,000000 000000000000,550000 000000000000,825000 0007 S0010+B0005
D000243+S0009 000000000000,800000 000000000010,000000 000000000000,550000 000000000000,440000 0007 S0010+B0005
D000244+S0004 000000000000,650000 000000000004,000000 000000000000,550000 000000000000,357500 0007 S0010+B0005
D000244+S0006 000000000000,100000 000000000002,000000 000000000000,550000 000000000000,055000 0007 S0010+B0005
D000244+S0009 000000000001,600000 000000000026,000000 000000000000,550000 000000000000,880000 0007 S0010+B0005
D000244+S0011 000000000000,600000 000000000014,000000 000000000000,550000 000000000000,330000 0007 S0010+B0005
D000244+S0017 000000000000,100000 000000000001,000000 000000000000,550000 000000000000,055000 0007 S0010+B0005
D000245+S0008 000000000000,015000 000000000001,000000 000000000000,300000 000000000000,004500 0007 S0010+B0005
D000245+S0009 000000000003,150000 000000000031,000000 000000000000,550000 000000000001,732500 0007 S0010+B0005
D000245+S0018 000000000000,800000 000000000016,000000 000000000000,500000 000000000000,400000 0007 S0010+B0005
D000199+S0014 000000000000,200000 000000000020,000000 000000000000,300000 000000000000,060000 0007 S0010+B0002
D000199+S0021 000000000000,450000 000000000013,000000 000000000000,300000 000000000000,135000 0007 S0010+B0002
D000200+S0021 000000000000,400000 000000000053,000000 000000000000,300000 000000000000,120000 0007 S0010+B0002
D000201+S0009 000000000000,650000 000000000019,000000 000000000000,400000 000000000000,260000 0007 S0010+B0002
D000201+S0021 000000000000,900000 000000000011,000000 000000000000,300000 000000000000,270000 0007 S0010+B0002
D000202+S0009 000000000000,200000 000000000032,000000 000000000000,300000 000000000000,060000 0007 S0010+B0002
D000202+S0014 000000000000,100000 000000000012,000000 000000000000,300000 000000000000,030000 0007 S0010+B0002
D000202+S0018 000000000000,250000 000000000020,000000 000000000000,300000 000000000000,075000 0007 S0010+B0002
D000202+S0019 000000000000,200000 000000000060,000000 000000000000,300000 000000000000,060000 0007 S0010+B0002
D000202+S0021 000000000000,150000 000000000035,000000 000000000000,300000 000000000000,045000 0007 S0010+B0002
D000203+S0006 000000000000,800000 000000000027,000000 000000000000,400000 000000000000,320000 0007 S0010+B0002
D000203+S0019 000000000000,400000 000000000009,000000 000000000000,300000 000000000000,120000 0007 S0010+B0002
D000203+S0021 000000000000,060000 000000000002,000000 000000000000,300000 000000000000,018000 0007 S0010+B0002
D000204+S0008 000000000000,150000 000000000035,000000 000000000000,300000 000000000000,045000 0007 S0010+B0002
D000204+S0009 000000000000,150000 000000000022,000000 000000000000,300000 000000000000,045000 0007 S0010+B0002
D000141+S0020 000000000000,500000 000000000001,000000 000000000000,500000 000000000000,250000 0004 S0005+B0001
D000142+S0011 000000000005,000000 000000000091,000000 000000000000,200000 000000000001,000000 0004 S0005+B0001
D000142+S0017 000000000007,000000 000000000001,000000 000000000001,000000 000000000007,000000 0004 S0005+B0001
D000143+S0009 000000000001,500000 000000000008,000000 000000000000,000000 000000000000,000000 0005 S0008+B0001
D000145+S0008 000000000003,000000 000000000001,000000 000000000000,000000 000000000000,000000 0005 S0008+B0001
D000145+S0011 000000000002,500000 000000000001,000000 000000000000,000000 000000000000,000000 0005 S0008+B0001
D000146+S0011 000000000001,500000 000000000022,000000 000000000000,000000 000000000000,000000 0005 S0008+B0001
D000146+S0013 000000000002,500000 000000000018,000000 000000000000,000000 000000000000,000000 0005 S0008+B0001
D000147+S0008 000000000001,500000 000000000018,000000 000000000000,000000 000000000000,000000 0005 S0008+B0001
D000147+S0011 000000000001,000000 000000000008,000000 000000000000,000000 000000000000,000000 0005 S0008+B0001
D000148+S0018 000000000001,500000 000000000067,000000 000000000000,000000 000000000000,000000 0005 S0008+B0001
D000149+S0008 000000000001,000000 000000000008,000000 000000000000,620000 000000000000,620000 0005 S0008+B0001
D000149+S0011 000000000001,500000 000000000011,000000 000000000000,620000 000000000000,930000 0005 S0008+B0001
D000150+S0008 000000000001,500000 000000000006,000000 000000000000,658000 000000000000,987000 0005 S0008+B0001
D000150+S0011 000000000001,000000 000000000008,000000 000000000000,658000 000000000000,658000 0005 S0008+B0001
D000152+S0004 000000000001,000000 000000000002,000000 000000000000,000000 000000000000,000000 0005 S0008+B0001
D000152+S0008 000000000002,000000 000000000045,000000 000000000000,000000 000000000000,000000 0005 S0008+B0001
D000152+S0011 000000000001,500000 000000000021,000000 000000000000,000000 000000000000,000000 0005 S0008+B0001
D000152+S0021 000000000001,000000 000000000024,000000 000000000000,000000 000000000000,000000 0005 S0008+B0001
D000153+S0008 000000000000,500000 000000000003,000000 000000000000,000000 000000000000,000000 0005 S0008+B0001
D000153+S0011 000000000003,500000 000000000008,000000 000000000000,000000 000000000000,000000 0005 S0008+B0001
D000153+S0016 000000000002,500000 000000000001,000000 000000000000,000000 000000000000,000000 0005 S0008+B0001
D000153+S0018 000000000003,500000 000000000010,000000 000000000000,000000 000000000000,000000 0005 S0008+B0001
D000154+S0002 000000000003,000000 000000000001,000000 000000000000,000000 000000000000,000000 0005 S0008+B0001
D000154+S0008 000000000001,500000 000000000001,000000 000000000000,000000 000000000000,000000 0005 S0008+B0001
D000154+S0020 000000000009,500000 000000000002,000000 000000000000,000000 000000000000,000000 0005 S0008+B0001
D000155+S0008 000000000003,500000 000000000013,000000 000000000000,000000 000000000000,000000 0005 S0008+B0001
D000155+S0016 000000000001,000000 000000000004,000000 000000000000,000000 000000000000,000000 0005 S0008+B0001
D000150+S0018 000000000000,500000 000000000005,000000 000000000000,658000 000000000000,329000 0005 S0008+B0001
D000151+S0004 000000000004,500000 000000000001,000000 000000000000,000000 000000000000,000000 0005 S0008+B0001
D000151+S0016 000000000002,000000 000000000001,000000 000000000000,000000 000000000000,000000 0005 S0008+B0001
D000156+S0011 000000000002,500000 000000000010,000000 000000000000,000000 000000000000,000000 0005 S0008+B0001
D000156+S0018 000000000001,000000 000000000003,000000 000000000000,000000 000000000000,000000 0005 S0008+B0001
D000157+S0003 000000000003,500000 000000000001,000000 000000000000,000000 000000000000,000000 0005 S0008+B0003
D000159+S0011 000000000004,500000 000000000033,000000 000000000000,000000 000000000000,000000 0005 S0008+B0003
D000159+S0012 000000000002,500000 000000000005,000000 000000000000,000000 000000000000,000000 0005 S0008+B0003
D000159+S0021 000000000001,500000 000000000089,000000 000000000000,000000 000000000000,000000 0005 S0008+B0003
D000160+S0003 000000000005,000000 000000000001,000000 000000000000,000000 000000000000,000000 0005 S0008+B0003
D000160+S0004 000000000003,500000 000000000017,000000 000000000000,000000 000000000000,000000 0005 S0008+B0003
D000162+S0017 000000000024,000000 000000000001,000000 000000000000,000000 000000000000,000000 0005 S0008+B0003
D000163+S0017 000000000000,700000 000000000001,000000 000000000000,350000 000000000000,245000 0008 S0013+B0003
D000164+S0017 000000000000,300000 000000000004,000000 000000000000,350000 000000000000,105000 0008 S0013+B0003
D000165+S0004 000000000002,300000 000000000003,000000 000000000000,500000 000000000001,150000 0008 S0013+B0003
D000165+S0017 000000000003,500000 000000000022,000000 000000000000,350000 000000000001,225000 0008 S0013+B0003
D000166+S0004 000000000000,800000 000000000001,000000 000000000000,500000 000000000000,400000 0008 S0013+B0003
D000166+S0017 000000000000,400000 000000000003,000000 000000000000,350000 000000000000,140000 0008 S0013+B0003
D000167+S0017 000000000001,200000 000000000009,000000 000000000000,350000 000000000000,420000 0008 S0013+B0003
D000168+S0004 000000000000,800000 000000000001,000000 000000000000,500000 000000000000,400000 0008 S0013+B0003
D000168+S0017 000000000001,500000 000000000009,000000 000000000000,350000 000000000000,525000 0008 S0013+B0003
D000169+S0004 000000000001,500000 000000000002,000000 000000000000,500000 000000000000,750000 0008 S0013+B0003
D000170+S0017 000000000000,500000 000000000002,000000 000000000000,350000 000000000000,175000 0008 S0013+B0003
D000171+S0004 000000000001,500000 000000000004,000000 000000000000,500000 000000000000,750000 0008 S0013+B0003
D000172+S0004 000000000005,800000 000000000007,000000 000000000000,500000 000000000002,900000 0008 S0013+B0003
D000173+S0004 000000000001,000000 000000000001,000000 000000000000,500000 000000000000,500000 0008 S0013+B0003
D000170+S0004 000000000000,900000 000000000002,000000 000000000000,500000 000000000000,450000 0008 S0013+B0003
D000174+S0004 000000000002,000000 000000000002,000000 000000000000,500000 000000000001,000000 0008 S0013+B0003
D000174+S0017 000000000000,500000 000000000003,000000 000000000000,350000 000000000000,175000 0008 S0013+B0003
D000175+S0004 000000000001,600000 000000000006,000000 000000000000,500000 000000000000,800000 0008 S0013+B0003
D000175+S0017 000000000000,300000 000000000001,000000 000000000000,350000 000000000000,105000 0008 S0013+B0003
D000176+S0004 000000000004,000000 000000000007,000000 000000000000,500000 000000000002,000000 0008 S0013+B0003
D000177+S0004 000000000007,600000 000000000009,000000 000000000000,500000 000000000003,800000 0008 S0013+B0003
D000177+S0017 000000000001,200000 000000000003,000000 000000000000,350000 000000000000,420000 0008 S0013+B0003
D000178+S0004 000000000006,000000 000000000022,000000 000000000000,500000 000000000003,000000 0008 S0013+B0003
D000179+S0004 000000000000,100000 000000000001,000000 000000000000,550000 000000000000,055000 0007 S0010+B0001
D000179+S0006 000000000000,900000 000000000001,000000 000000000000,550000 000000000000,495000 0007 S0010+B0001
D000179+S0009 000000000001,300000 000000000012,000000 000000000000,550000 000000000000,715000 0007 S0010+B0001
D000179+S0017 000000000000,050000 000000000001,000000 000000000000,550000 000000000000,027500 0007 S0010+B0001
D000179+S0018 000000000000,100000 000000000001,000000 000000000000,550000 000000000000,055000 0007 S0010+B0001
D000180+S0004 000000000000,090000 000000000002,000000 000000000000,300000 000000000000,027000 0007 S0010+B0001
D000180+S0009 000000000000,900000 000000000012,000000 000000000000,550000 000000000000,495000 0007 S0010+B0001
D000181+S0011 000000000000,250000 000000000004,000000 000000000003,500000 000000000000,875000 0007 S0010+B0001
D000181+S0017 000000000000,100000 000000000001,000000 000000000000,550000 000000000000,055000 0007 S0010+B0001
D000181+S0018 000000000000,050000 000000000001,000000 000000000000,550000 000000000000,027500 0007 S0010+B0001
D000182+S0009 000000000001,000000 000000000006,000000 000000000000,550000 000000000000,550000 0007 S0010+B0001
D000182+S0017 000000000000,650000 000000000003,000000 000000000000,600000 000000000000,390000 0007 S0010+B0001
D000182+S0018 000000000000,250000 000000000001,000000 000000000000,550000 000000000000,137500 0007 S0010+B0001
D000183+S0009 000000000000,100000 000000000001,000000 000000000000,550000 000000000000,055000 0007 S0010+B0001
D000183+S0019 000000000000,200000 000000000002,000000 000000000000,550000 000000000000,110000 0007 S0010+B0001
D000185+S0017 000000000000,400000 000000000002,000000 000000000000,600000 000000000000,240000 0007 S0010+B0001
D000186+S0006 000000000000,450000 000000000001,000000 000000000000,550000 000000000000,247500 0007 S0010+B0001
D000187+S0017 000000000007,000000 000000000001,000000 000000000001,250000 000000000008,750000 0007 S0010+B0001
D000188+S0001 000000000000,150000 000000000003,000000 000000000000,550000 000000000000,082500 0007 S0010+B0001
D000188+S0009 000000000002,500000 000000000038,000000 000000000000,550000 000000000001,375000 0007 S0010+B0001
D000184+S0009 000000000000,300000 000000000001,000000 000000000000,550000 000000000000,165000 0007 S0010+B0001
D000185+S0009 000000000000,900000 000000000003,000000 000000000000,550000 000000000000,495000 0007 S0010+B0001
D000188+S0012 000000000000,050000 000000000001,000000 000000000000,000000 000000000000,000000 0007 S0010+B0001
D000189+S0009 000000000001,150000 000000000012,000000 000000000000,550000 000000000000,632500 0007 S0010+B0001
D000189+S0017 000000000000,250000 000000000002,000000 000000000000,550000 000000000000,137500 0007 S0010+B0001
D000189+S0018 000000000000,100000 000000000001,000000 000000000000,550000 000000000000,055000 0007 S0010+B0001
D000190+S0002 000000000000,150000 000000000001,000000 000000000000,550000 000000000000,082500 0007 S0010+B0001
D000190+S0006 000000000000,150000 000000000001,000000 000000000000,550000 000000000000,082500 0007 S0010+B0001
D000190+S0009 000000000001,750000 000000000010,000000 000000000000,550000 000000000000,962500 0007 S0010+B0001
D000190+S0011 000000000000,100000 000000000004,000000 000000000004,500000 000000000000,450000 0007 S0010+B0001
D000190+S0017 000000000000,150000 000000000001,000000 000000000000,550000 000000000000,082500 0007 S0010+B0001
D000190+S0021 000000000000,020000 000000000001,000000 000000000000,400000 000000000000,008000 0007 S0010+B0001
D000191+S0009 000000000001,000000 000000000003,000000 000000000000,550000 000000000000,550000 0007 S0010+B0001
D000191+S0017 000000000001,350000 000000000003,000000 000000000001,250000 000000000001,687500 0007 S0010+B0001
D000192+S0006 000000000000,100000 000000000001,000000 000000000000,550000 000000000000,055000 0007 S0010+B0001
D000192+S0018 000000000000,150000 000000000001,000000 000000000000,550000 000000000000,082500 0007 S0010+B0001
D000193+S0008 000000000000,050000 000000000002,000000 000000000000,400000 000000000000,020000 0007 S0010+B0001
D000193+S0009 000000000002,050000 000000000028,000000 000000000000,550000 000000000001,127500 0007 S0010+B0001
D000194+S0009 000000000000,600000 000000000008,000000 000000000000,400000 000000000000,240000 0007 S0010+B0001
D000195+S0008 000000000000,050000 000000000003,000000 000000000000,300000 000000000000,015000 0007 S0010+B0002
D000195+S0019 000000000000,015000 000000000001,000000 000000000000,350000 000000000000,005250 0007 S0010+B0002
D000195+S0021 000000000000,350000 000000000052,000000 000000000000,300000 000000000000,105000 0007 S0010+B0002
D000197+S0009 000000000000,200000 000000000012,000000 000000000000,400000 000000000000,080000 0007 S0010+B0002
D000197+S0011 000000000000,050000 000000000002,000000 000000000000,300000 000000000000,015000 0007 S0010+B0002
D000197+S0021 000000000000,250000 000000000051,000000 000000000000,300000 000000000000,075000 0007 S0010+B0002
D000198+S0009 000000000000,250000 000000000027,000000 000000000000,300000 000000000000,075000 0007 S0010+B0002
D000198+S0021 000000000000,150000 000000000006,000000 000000000000,300000 000000000000,045000 0007 S0010+B0002
D000204+S0021 000000000000,200000 000000000050,000000 000000000000,300000 000000000000,060000 0007 S0010+B0002
D000205+S0006 000000000001,500000 000000000022,000000 000000000000,500000 000000000000,750000 0007 S0010+B0004
D000205+S0009 000000000001,650000 000000000036,000000 000000000000,550000 000000000000,907500 0007 S0010+B0004
D000206+S0002 000000000000,010000 000000000001,000000 000000000000,550000 000000000000,005500 0007 S0010+B0004
D000206+S0006 000000000000,800000 000000000010,000000 000000000000,500000 000000000000,400000 0007 S0010+B0004
D000206+S0009 000000000000,750000 000000000010,000000 000000000000,550000 000000000000,412500 0007 S0010+B0004
D000206+S0011 000000000000,500000 000000000018,000000 000000000000,550000 000000000000,275000 0007 S0010+B0004
D000206+S0018 000000000000,500000 000000000003,000000 000000000000,300000 000000000000,150000 0007 S0010+B0004
D000207+S0006 000000000000,400000 000000000002,000000 000000000000,550000 000000000000,220000 0007 S0010+B0004
D000207+S0009 000000000002,000000 000000000042,000000 000000000000,550000 000000000001,100000 0007 S0010+B0004
D000208+S0006 000000000000,700000 000000000003,000000 000000000000,550000 000000000000,385000 0007 S0010+B0004
D000208+S0009 000000000001,900000 000000000015,000000 000000000000,550000 000000000001,045000 0007 S0010+B0004
D000208+S0018 000000000000,600000 000000000005,000000 000000000000,300000 000000000000,180000 0007 S0010+B0004
D000209+S0006 000000000000,700000 000000000008,000000 000000000000,550000 000000000000,385000 0007 S0010+B0004
D000210+S0002 000000000001,500000 000000000010,000000 000000000000,550000 000000000000,825000 0007 S0010+B0004
D000210+S0006 000000000000,200000 000000000004,000000 000000000000,550000 000000000000,110000 0007 S0010+B0004
D000210+S0020 000000000000,500000 000000000003,000000 000000000000,550000 000000000000,275000 0007 S0010+B0004
D000211+S0004 000000000001,500000 000000000018,000000 000000000000,550000 000000000000,825000 0007 S0010+B0004
D000211+S0006 000000000000,500000 000000000010,000000 000000000000,300000 000000000000,150000 0007 S0010+B0004
D000212+S0006 000000000001,000000 000000000020,000000 000000000000,300000 000000000000,300000 0007 S0010+B0004
D000212+S0017 000000000000,200000 000000000003,000000 000000000000,550000 000000000000,110000 0007 S0010+B0004
D000212+S0018 000000000000,050000 000000000002,000000 000000000000,550000 000000000000,027500 0007 S0010+B0004
D000213+S0006 000000000000,600000 000000000003,000000 000000000000,550000 000000000000,330000 0007 S0010+B0004
D000213+S0018 000000000000,100000 000000000001,000000 000000000000,550000 000000000000,055000 0007 S0010+B0004
D000214+S0006 000000000001,250000 000000000007,000000 000000000000,550000 000000000000,687500 0007 S0010+B0004
D000214+S0017 000000000000,620000 000000000001,000000 000000000000,450000 000000000000,279000 0007 S0010+B0004
D000215+S0006 000000000000,800000 000000000010,000000 000000000000,550000 000000000000,440000 0007 S0010+B0004
D000215+S0009 000000000001,800000 000000000015,000000 000000000000,550000 000000000000,990000 0007 S0010+B0004
D000215+S0018 000000000000,550000 000000000006,000000 000000000000,550000 000000000000,302500 0007 S0010+B0004
D000216+S0006 000000000000,300000 000000000003,000000 000000000000,550000 000000000000,165000 0007 S0010+B0004
D000216+S0018 000000000000,400000 000000000002,000000 000000000000,550000 000000000000,220000 0007 S0010+B0004
D000217+S0006 000000000000,150000 000000000001,000000 000000000000,550000 000000000000,082500 0007 S0010+B0004
D000217+S0012 000000000000,050000 000000000002,000000 000000000000,000000 000000000000,000000 0007 S0010+B0004
D000217+S0021 000000000000,020000 000000000001,000000 000000000000,300000 000000000000,006000 0007 S0010+B0004
D000218+S0006 000000000000,300000 000000000001,000000 000000000000,550000 000000000000,165000 0007 S0010+B0004
D000219+S0009 000000000001,700000 000000000043,000000 000000000000,550000 000000000000,935000 0007 S0010+B0003
D000219+S0017 000000000000,500000 000000000002,000000 000000000000,550000 000000000000,275000 0007 S0010+B0003
D000220+S0004 000000000000,700000 000000000003,000000 000000000000,550000 000000000000,385000 0007 S0010+B0003
D000220+S0009 000000000000,500000 000000000004,000000 000000000000,550000 000000000000,275000 0007 S0010+B0003
D000220+S0018 000000000001,200000 000000000013,000000 000000000000,550000 000000000000,660000 0007 S0010+B0003
D000221+S0009 000000000001,600000 000000000004,000000 000000000000,550000 000000000000,880000 0007 S0010+B0003
D000221+S0018 000000000000,900000 000000000003,000000 000000000001,250000 000000000001,125000 0007 S0010+B0003
D000222+S0006 000000000000,050000 000000000001,000000 000000000000,400000 000000000000,020000 0007 S0010+B0003
D000222+S0009 000000000002,000000 000000000028,000000 000000000000,550000 000000000001,100000 0007 S0010+B0003
D000222+S0012 000000000000,025000 000000000002,000000 000000000000,400000 000000000000,010000 0007 S0010+B0003
D000222+S0017 000000000001,600000 000000000008,000000 000000000000,550000 000000000000,880000 0007 S0010+B0003
D000223+S0006 000000000000,250000 000000000002,000000 000000000000,550000 000000000000,137500 0007 S0010+B0003
D000223+S0009 000000000003,250000 000000000042,000000 000000000000,550000 000000000001,787500 0007 S0010+B0003
D000224+S0004 000000000000,900000 000000000002,000000 000000000000,550000 000000000000,495000 0007 S0010+B0003
D000224+S0011 000000000000,080000 000000000002,000000 000000000000,400000 000000000000,032000 0007 S0010+B0003
D000224+S0017 000000000001,800000 000000000005,000000 000000000000,550000 000000000000,990000 0007 S0010+B0003
D000224+S0021 000000000000,019000 000000000001,000000 000000000000,400000 000000000000,007600 0007 S0010+B0003
D000225+S0006 000000000001,500000 000000000016,000000 000000000000,550000 000000000000,825000 0007 S0010+B0003
D000225+S0009 000000000000,800000 000000000005,000000 000000000000,550000 000000000000,440000 0007 S0010+B0003
D000226+S0018 000000000001,250000 000000000010,000000 000000000000,550000 000000000000,687500 0007 S0010+B0003
D000227+S0009 000000000000,950000 000000000001,000000 000000000000,550000 000000000000,522500 0007 S0010+B0003
D000227+S0018 000000000001,200000 000000000002,000000 000000000000,550000 000000000000,660000 0007 S0010+B0003
D000228+S0004 000000000001,350000 000000000009,000000 000000000000,550000 000000000000,742500 0007 S0010+B0003
D000229+S0009 000000000000,700000 000000000012,000000 000000000000,400000 000000000000,280000 0007 S0010+B0003
D000229+S0011 000000000000,100000 000000000004,000000 000000000000,400000 000000000000,040000 0007 S0010+B0003
D000229+S0017 000000000000,310000 000000000003,000000 000000000000,550000 000000000000,170500 0007 S0010+B0003
D000230+S0009 000000000001,450000 000000000010,000000 000000000000,550000 000000000000,797500 0007 S0010+B0003
D000230+S0013 000000000000,600000 000000000001,000000 000000000000,400000 000000000000,240000 0007 S0010+B0003
D000230+S0018 000000000000,800000 000000000010,000000 000000000000,550000 000000000000,440000 0007 S0010+B0003
D000231+S0006 000000000000,800000 000000000005,000000 000000000000,550000 000000000000,440000 0007 S0010+B0003
D000231+S0018 000000000001,250000 000000000011,000000 000000000000,550000 000000000000,687500 0007 S0010+B0003
D000232+S0006 000000000001,000000 000000000012,000000 000000000000,550000 000000000000,550000 0007 S0010+B0003
D000232+S0009 000000000000,650000 000000000002,000000 000000000000,550000 000000000000,357500 0007 S0010+B0003
D000232+S0017 000000000000,150000 000000000002,000000 000000000000,550000 000000000000,082500 0007 S0010+B0003
D000233+S0017 000000000018,000000 000000000001,000000 000000000001,250000 000000000022,500000 0007 S0010+B0003
D000234+S0009 000000000000,800000 000000000006,000000 000000000000,550000 000000000000,440000 0007 S0010+B0003
D000234+S0011 000000000000,080000 000000000002,000000 000000000000,300000 000000000000,024000 0007 S0010+B0003
D000234+S0018 000000000001,500000 000000000013,000000 000000000000,550000 000000000000,825000 0007 S0010+B0003
D000235+S0006 000000000000,600000 000000000004,000000 000000000000,550000 000000000000,330000 0007 S0010+B0004
D000235+S0009 000000000001,060000 000000000014,000000 000000000000,550000 000000000000,583000 0007 S0010+B0004
D000235+S0018 000000000000,080000 000000000001,000000 000000000000,550000 000000000000,044000 0007 S0010+B0004
D000236+S0004 000000000000,900000 000000000001,000000 000000000000,550000 000000000000,495000 0007 S0010+B0004
D000236+S0009 000000000002,000000 000000000034,000000 000000000000,550000 000000000001,100000 0007 S0010+B0004
D000237+S0009 000000000003,000000 000000000036,000000 000000000000,550000 000000000001,650000 0007 S0010+B0005
