D000001+S0008 000000000002,500000 000000000003,000000 000000000000,000000 000000000000,000000 0005 S0008+B0001
D000002+S0008 000000000001,500000 000000000021,000000 000000000000,000000 000000000000,000000 0005 S0008+B0001
D000002+S0009 000000000002,000000 000000000032,000000 000000000000,000000 000000000000,000000 0005 S0008+B0001
D000002+S0011 000000000002,500000 000000000025,000000 000000000000,000000 000000000000,000000 0005 S0008+B0001
D000003+S0008 000000000001,000000 000000000007,000000 000000000000,000000 000000000000,000000 0005 S0008+B0001
D000004+S0021 000000000002,000000 000000000073,000000 000000000000,000000 000000000000,000000 0005 S0008+B0001
D000005+S0013 000000000001,000000 000000000014,000000 000000000000,000000 000000000000,000000 0005 S0008+B0001
D000005+S0015 000000000001,500000 000000000009,000000 000000000000,000000 000000000000,000000 0005 S0008+B0001
D000005+S0017 000000000000,500000 000000000001,000000 000000000000,000000 000000000000,000000 0005 S0008+B0001
D000006+S0011 000000000001,500000 000000000017,000000 000000000000,000000 000000000000,000000 0005 S0008+B0001
D000006+S0013 000000000000,500000 000000000006,000000 000000000000,000000 000000000000,000000 0005 S0008+B0001
D000006+S0016 000000000001,500000 000000000004,000000 000000000000,000000 000000000000,000000 0005 S0008+B0001
D000007+S0004 000000000000,500000 000000000004,000000 000000000000,000000 000000000000,000000 0005 S0008+B0001
D000007+S0008 000000000001,000000 000000000011,000000 000000000000,000000 000000000000,000000 0005 S0008+B0001
D000007+S0013 000000000002,000000 000000000021,000000 000000000000,000000 000000000000,000000 0005 S0008+B0001
D000007+S0016 000000000000,500000 000000000002,000000 000000000000,000000 000000000000,000000 0005 S0008+B0001
D000008+S0004 000000000003,500000 000000000037,000000 000000000000,000000 000000000000,000000 0005 S0008+B0001
D000009+S0004 000000000001,500000 000000000003,000000 000000000000,000000 000000000000,000000 0005 S0008+B0001
D000009+S0017 000000000001,000000 000000000001,000000 000000000000,000000 000000000000,000000 0005 S0008+B0001
D000009+S0021 000000000012,500000 000000000213,000000 000000000000,000000 000000000000,000000 0005 S0008+B0001
D000010+S0009 000000000005,500000 000000000057,000000 000000000000,000000 000000000000,000000 0005 S0008+B0001
D000011+S0009 000000000005,000000 000000000075,000000 000000000000,000000 000000000000,000000 0005 S0008+B0001
D000012+S0007 000000000002,000000 000000000010,000000 000000000000,000000 000000000000,000000 0005 S0008+B0001
D000012+S0008 000000000001,500000 000000000009,000000 000000000000,000000 000000000000,000000 0005 S0008+B0001
D000013+S0013 000000000007,000000 000000000122,000000 000000000000,000000 000000000000,000000 0005 S0008+B0001
D000014+S0007 000000000002,500000 000000000043,000000 000000000000,000000 000000000000,000000 0005 S0008+B0001
D000015+S0013 000000000007,000000 000000000245,000000 000000000000,000000 000000000000,000000 0005 S0008+B0001
D000016+S0008 000000000005,000000 000000000125,000000 000000000000,000000 000000000000,000000 0005 S0008+B0001
D000017+S0007 000000000002,000000 000000000003,000000 000000000000,000000 000000000000,000000 0005 S0007+B0001
D000017+S0008 000000000002,000000 000000000005,000000 000000000000,000000 000000000000,000000 0005 S0007+B0001
D000018+S0011 000000000004,000000 000000000035,000000 000000000000,000000 000000000000,000000 0005 S0007+B0001
D000019+S0007 000000000002,500000 000000000025,000000 000000000000,000000 000000000000,000000 0005 S0007+B0001
D000021+S0017 000000000001,500000 000000000002,000000 000000000000,000000 000000000000,000000 0005 S0007+B0001
D000022+S0008 000000000004,500000 000000000037,000000 000000000000,000000 000000000000,000000 0005 S0007+B0001
D000022+S0015 000000000000,500000 000000000004,000000 000000000000,000000 000000000000,000000 0005 S0007+B0001
D000023+S0007 000000000002,500000 000000000009,000000 000000000000,000000 000000000000,000000 0005 S0007+B0001
D000023+S0011 000000000001,000000 000000000007,000000 000000000000,000000 000000000000,000000 0005 S0007+B0001
D000024+S0004 000000000001,500000 000000000006,000000 000000000000,000000 000000000000,000000 0005 S0007+B0001
D000024+S0009 000000000000,500000 000000000000,000000 000000000000,000000 000000000000,000000 0005 S0007+B0001
D000024+S0015 000000000001,000000 000000000000,000000 000000000000,000000 000000000000,000000 0005 S0007+B0001
D000025+S0008 000000000000,500000 000000000003,000000 000000000000,000000 000000000000,000000 0005 S0007+B0001
D000025+S0016 000000000000,500000 000000000001,000000 000000000000,000000 000000000000,000000 0005 S0007+B0001
D000026+S0008 000000000002,500000 000000000013,000000 000000000000,000000 000000000000,000000 0005 S0007+B0001
D000026+S0011 000000000001,000000 000000000006,000000 000000000000,600000 000000000000,600000 0005 S0007+B0001
D000026+S0017 000000000001,500000 000000000007,000000 000000000000,750000 000000000001,125000 0005 S0007+B0001
D000020+S0011 000000000001,500000 000000000017,000000 000000000000,000000 000000000000,000000 0005 S0007+B0001
D000020+S0018 000000000001,000000 000000000004,000000 000000000000,000000 000000000000,000000 0005 S0007+B0001
D000021+S0004 000000000003,000000 000000000023,000000 000000000000,000000 000000000000,000000 0005 S0007+B0001
D000021+S0007 000000000000,500000 000000000001,000000 000000000000,000000 000000000000,000000 0005 S0007+B0001
D000021+S0008 000000000001,500000 000000000007,000000 000000000000,000000 000000000000,000000 0005 S0007+B0001
D000027+S0009 000000000004,000000 000000000026,000000 000000000000,000000 000000000000,000000 0005 S0007+B0001
D000028+S0017 000000000005,000000 000000000006,000000 000000000000,000000 000000000000,000000 0005 S0007+B0001
D000029+S0021 000000000004,500000 000000000052,000000 000000000000,000000 000000000000,000000 0005 S0007+B0001
D000030+S0021 000000000006,000000 000000000060,000000 000000000000,000000 000000000000,000000 0005 S0007+B0001
D000031+S0007 000000000003,000000 000000000011,000000 000000000000,000000 000000000000,000000 0005 S0007+B0001
D000031+S0008 000000000004,500000 000000000043,000000 000000000000,000000 000000000000,000000 0005 S0007+B0001
D000032+S0017 000000000004,500000 000000000001,000000 000000000000,000000 000000000000,000000 0005 S0007+B0001
D000032+S0020 000000000005,000000 000000000001,000000 000000000000,000000 000000000000,000000 0005 S0007+B0001
D000033+S0009 000000000002,500000 000000000196,000000 000000000000,200000 000000000000,500000 0006 S0009+B0005
D000034+S0009 000000000004,000000 000000000318,000000 000000000000,200000 000000000000,800000 0006 S0009+B0005
D000035+S0009 000000000003,000000 000000000245,000000 000000000000,200000 000000000000,600000 0006 S0009+B0005
D000036+S0009 000000000003,500000 000000000264,000000 000000000000,200000 000000000000,700000 0006 S0009+B0005
D000037+S0009 000000000002,500000 000000000178,000000 000000000000,200000 000000000000,500000 0006 S0009+B0005
D000038+S0009 000000000003,000000 000000000204,000000 000000000000,200000 000000000000,600000 0006 S0009+B0005
D000039+S0009 000000000001,500000 000000000178,000000 000000000000,000000 000000000000,000000 0006 S0009+B0005
D000040+S0009 000000000002,500000 000000000128,000000 000000000000,000000 000000000000,000000 0006 S0009+B0005
D000041+S0009 000000000002,000000 000000000154,000000 000000000000,200000 000000000000,400000 0006 S0009+B0005
D000042+S0009 000000000003,000000 000000000188,000000 000000000000,200000 000000000000,600000 0006 S0009+B0005
D000043+S0009 000000000004,000000 000000000308,000000 000000000000,200000 000000000000,800000 0006 S0009+B0005
D000044+S0009 000000000002,000000 000000000208,000000 000000000000,200000 000000000000,400000 0006 S0009+B0005
D000045+S0009 000000000003,000000 000000000264,000000 000000000000,200000 000000000000,600000 0006 S0009+B0005
D000046+S0009 000000000003,000000 000000000177,000000 000000000000,200000 000000000000,600000 0006 S0009+B0005
D000047+S0009 000000000001,000000 000000000052,000000 000000000000,200000 000000000000,200000 0006 S0009+B0005
D000048+S0009 000000000002,500000 000000000127,000000 000000000000,200000 000000000000,500000 0006 S0009+B0005
D000049+S0004 000000000001,000000 000000000005,000000 000000000000,500000 000000000000,500000 0008 S0013+B0003
D000049+S0017 000000000001,000000 000000000004,000000 000000000000,350000 000000000000,350000 0008 S0013+B0003
D000050+S0017 000000000002,000000 000000000018,000000 000000000000,350000 000000000000,700000 0008 S0013+B0003
D000051+S0004 000000000002,500000 000000000003,000000 000000000000,500000 000000000001,250000 0008 S0013+B0003
D000051+S0017 000000000007,000000 000000000059,000000 000000000000,350000 000000000002,450000 0008 S0013+B0003
D000052+S0004 000000000001,500000 000000000004,000000 000000000000,500000 000000000000,750000 0008 S0013+B0003
D000052+S0017 000000000000,500000 000000000002,000000 000000000000,350000 000000000000,175000 0008 S0013+B0003
D000053+S0017 000000000020,000000 000000000163,000000 000000000000,350000 000000000007,000000 0008 S0013+B0003
D000054+S0017 000000000008,000000 000000000064,000000 000000000000,350000 000000000002,800000 0008 S0013+B0003
D000055+S0017 000000000011,000000 000000000083,000000 000000000000,350000 000000000003,850000 0008 S0013+B0003
D000056+S0017 000000000008,000000 000000000059,000000 000000000000,350000 000000000002,800000 0008 S0013+B0003
D000057+S0004 000000000002,000000 000000000004,000000 000000000000,500000 000000000001,000000 0008 S0013+B0003
D000057+S0017 000000000005,000000 000000000032,000000 000000000000,350000 000000000001,750000 0008 S0013+B0003
D000058+S0004 000000000001,000000 000000000001,000000 000000000000,500000 000000000000,500000 0008 S0013+B0003
D000058+S0017 000000000005,000000 000000000034,000000 000000000000,350000 000000000001,750000 0008 S0013+B0003
D000059+S0004 000000000001,000000 000000000003,000000 000000000000,500000 000000000000,500000 0008 S0013+B0003
D000070+S0009 000000000010,500000 000000000069,000000 000000000000,125000 000000000001,312500 0008 S0011+B0001
D000070+S0017 000000000006,500000 000000000079,000000 000000000000,750000 000000000004,875000 0008 S0011+B0001
D000071+S0004 000000000006,500000 000000000062,000000 000000000000,125000 000000000000,812500 0008 S0011+B0001
D000071+S0009 000000000020,500000 000000002052,000000 000000000000,125000 000000000002,562500 0008 S0011+B0001
D000071+S0017 000000000004,500000 000000000040,000000 000000000000,750000 000000000003,375000 0008 S0011+B0001
D000072+S0009 000000000002,500000 000000002160,000000 000000000000,125000 000000000000,312500 0008 S0011+B0001
D000072+S0017 000000000002,000000 000000000017,000000 000000000000,350000 000000000000,700000 0008 S0011+B0001
D000073+S0004 000000000007,000000 000000000015,000000 000000000000,125000 000000000000,875000 0008 S0011+B0001
D000073+S0009 000000000009,000000 000000000472,000000 000000000000,125000 000000000001,125000 0008 S0011+B0001
D000073+S0017 000000000003,500000 000000000014,000000 000000000000,750000 000000000002,625000 0008 S0011+B0001
D000074+S0009 000000000009,500000 000000000072,000000 000000000000,125000 000000000001,187500 0008 S0011+B0001
D000074+S0017 000000000007,000000 000000000082,000000 000000000000,750000 000000000005,250000 0008 S0011+B0001
D000075+S0009 000000000030,500000 000000002090,000000 000000000000,125000 000000000003,812500 0008 S0011+B0001
D000075+S0017 000000000007,000000 000000000018,000000 000000000000,750000 000000000005,250000 0008 S0011+B0001
D000076+S0009 000000000019,000000 000000001077,000000 000000000000,125000 000000000002,375000 0008 S0011+B0001
D000076+S0017 000000000004,500000 000000000012,000000 000000000000,750000 000000000003,375000 0008 S0011+B0001
D000077+S0009 000000000004,500000 000000000360,000000 000000000000,125000 000000000000,562500 0008 S0011+B0001
D000077+S0017 000000000001,500000 000000000011,000000 000000000000,750000 000000000001,125000 0008 S0011+B0001
D000078+S0009 000000000009,500000 000000000068,000000 000000000000,125000 000000000001,187500 0008 S0011+B0001
D000078+S0017 000000000006,500000 000000000079,000000 000000000000,750000 000000000004,875000 0008 S0011+B0001
D000079+S0009 000000000020,500000 000000002050,000000 000000000000,125000 000000000002,562500 0008 S0011+B0001
D000079+S0017 000000000003,500000 000000000040,000000 000000000000,750000 000000000002,625000 0008 S0011+B0001
D000080+S0009 000000000024,000000 000000002160,000000 000000000000,125000 000000000003,000000 0008 S0011+B0001
D000080+S0017 000000000002,000000 000000000020,000000 000000000000,350000 000000000000,700000 0008 S0011+B0001
D000059+S0017 000000000006,000000 000000000048,000000 000000000000,350000 000000000002,100000 0008 S0013+B0003
D000060+S0004 000000000002,000000 000000000009,000000 000000000000,500000 000000000001,000000 0008 S0013+B0003
D000060+S0017 000000000008,000000 000000000067,000000 000000000000,350000 000000000002,800000 0008 S0013+B0003
D000061+S0004 000000000004,000000 000000000003,000000 000000000000,500000 000000000002,000000 0008 S0013+B0003
D000061+S0017 000000000005,000000 000000000040,000000 000000000000,350000 000000000001,750000 0008 S0013+B0003
D000062+S0004 000000000000,800000 000000000001,000000 000000000000,500000 000000000000,400000 0008 S0013+B0003
D000062+S0017 000000000003,000000 000000000024,000000 000000000000,350000 000000000001,050000 0008 S0013+B0003
D000063+S0004 000000000003,000000 000000000008,000000 000000000000,500000 000000000001,500000 0008 S0013+B0003
D000063+S0017 000000000008,000000 000000000048,000000 000000000000,350000 000000000002,800000 0008 S0013+B0003
D000064+S0004 000000000001,000000 000000000001,000000 000000000000,500000 000000000000,500000 0008 S0013+B0003
D000064+S0017 000000000004,000000 000000000032,000000 000000000000,350000 000000000001,400000 0008 S0013+B0003
D000065+S0004 000000000002,500000 000000000012,000000 000000000000,175000 000000000000,437500 0008 S0011+B0001
D000065+S0009 000000000018,000000 000000001097,000000 000000000000,125000 000000000002,250000 0008 S0011+B0001
D000065+S0017 000000000002,000000 000000000009,000000 000000000000,750000 000000000001,500000 0008 S0011+B0001
D000066+S0009 000000000012,000000 000000000970,000000 000000000000,125000 000000000001,500000 0008 S0011+B0001
D000066+S0017 000000000004,000000 000000000015,000000 000000000000,750000 000000000003,000000 0008 S0011+B0001
D000067+S0009 000000000011,000000 000000002020,000000 000000000000,125000 000000000001,375000 0008 S0011+B0001
D000067+S0017 000000000001,500000 000000000015,000000 000000000000,250000 000000000000,375000 0008 S0011+B0001
D000068+S0009 000000000010,500000 000000001872,000000 000000000000,125000 000000000001,312500 0008 S0011+B0001
D000069+S0009 000000000005,500000 000000000362,000000 000000000000,125000 000000000000,687500 0008 S0011+B0001
D000069+S0017 000000000001,500000 000000000012,000000 000000000000,750000 000000000001,125000 0008 S0011+B0001
D000081+S0006 000000000021,000000 000000000012,000000 000000000000,600000 000000000012,600000 0008 S0012+B0001
D000081+S0009 000000000025,000000 000000000147,000000 000000000000,200000 000000000005,000000 0008 S0012+B0001
D000081+S0017 000000000002,500000 000000000002,000000 000000000000,650000 000000000001,625000 0008 S0012+B0001
D000082+S0006 000000000007,500000 000000000004,000000 000000000000,600000 000000000004,500000 0008 S0012+B0001
D000082+S0009 000000000013,000000 000000000087,000000 000000000000,200000 000000000002,600000 0008 S0012+B0001
D000082+S0021 000000000002,000000 000000000005,000000 000000000000,300000 000000000000,600000 0008 S0012+B0001
D000083+S0006 000000000004,000000 000000000003,000000 000000000000,600000 000000000002,400000 0008 S0012+B0001
D000083+S0009 000000000005,000000 000000000081,000000 000000000000,200000 000000000001,000000 0008 S0012+B0001
D000083+S0017 000000000001,000000 000000000002,000000 000000000000,650000 000000000000,650000 0008 S0012+B0001
D000084+S0006 000000000002,500000 000000000001,000000 000000000000,600000 000000000001,500000 0008 S0012+B0001
D000084+S0009 000000000003,000000 000000000018,000000 000000000000,200000 000000000000,600000 0008 S0012+B0001
D000084+S0017 000000000003,000000 000000000005,000000 000000000000,650000 000000000001,950000 0008 S0012+B0001
D000085+S0004 000000000001,000000 000000000004,000000 000000000000,300000 000000000000,300000 0008 S0012+B0001
D000085+S0006 000000000002,000000 000000000001,000000 000000000000,600000 000000000001,200000 0008 S0012+B0001
D000085+S0009 000000000001,000000 000000000004,000000 000000000000,200000 000000000000,200000 0008 S0012+B0001
D000086+S0004 000000000008,000000 000000000041,000000 000000000000,300000 000000000002,400000 0008 S0012+B0001
D000086+S0006 000000000011,000000 000000000007,000000 000000000000,200000 000000000002,200000 0008 S0012+B0001
D000086+S0009 000000000005,000000 000000000052,000000 000000000000,000000 000000000000,000000 0008 S0012+B0001
D000086+S0017 000000000003,000000 000000000002,000000 000000000000,650000 000000000001,950000 0008 S0012+B0001
D000087+S0006 000000000023,000000 000000000012,000000 000000000000,600000 000000000013,800000 0008 S0012+B0001
D000087+S0009 000000000004,000000 000000000045,000000 000000000000,200000 000000000000,800000 0008 S0012+B0001
D000087+S0017 000000000006,000000 000000000012,000000 000000000000,650000 000000000003,900000 0008 S0012+B0001
D000088+S0006 000000000007,500000 000000000005,000000 000000000000,600000 000000000004,500000 0008 S0012+B0001
D000088+S0009 000000000002,500000 000000000023,000000 000000000000,200000 000000000000,500000 0008 S0012+B0001
D000088+S0021 000000000003,000000 000000000009,000000 000000000000,300000 000000000000,900000 0008 S0012+B0001
D000089+S0006 000000000015,000000 000000000009,000000 000000000000,600000 000000000009,000000 0008 S0012+B0001
D000089+S0009 000000000026,000000 000000000125,000000 000000000000,200000 000000000005,200000 0008 S0012+B0001
D000089+S0017 000000000004,500000 000000000003,000000 000000000000,650000 000000000002,925000 0008 S0012+B0001
D000090+S0006 000000000008,000000 000000000006,000000 000000000000,600000 000000000004,800000 0008 S0012+B0001
D000090+S0009 000000000016,000000 000000000081,000000 000000000000,200000 000000000003,200000 0008 S0012+B0001
D000091+S0004 000000000012,000000 000000000090,000000 000000000000,300000 000000000003,600000 0008 S0012+B0001
D000091+S0009 000000000005,000000 000000000080,000000 000000000000,200000 000000000001,000000 0008 S0012+B0001
D000092+S0006 000000000013,500000 000000000007,000000 000000000000,600000 000000000008,100000 0008 S0012+B0001
D000092+S0009 000000000002,500000 000000000028,000000 000000000000,200000 000000000000,500000 0008 S0012+B0001
D000092+S0021 000000000005,000000 000000000011,000000 000000000000,300000 000000000001,500000 0008 S0012+B0001
D000093+S0006 000000000021,000000 000000000012,000000 000000000000,600000 000000000012,600000 0008 S0012+B0001
D000093+S0009 000000000025,000000 000000000147,000000 000000000000,200000 000000000005,000000 0008 S0012+B0001
D000093+S0017 000000000002,500000 000000000002,000000 000000000000,650000 000000000001,625000 0008 S0012+B0001
D000094+S0006 000000000007,500000 000000000004,000000 000000000000,600000 000000000004,500000 0008 S0012+B0001
D000094+S0009 000000000013,000000 000000000087,000000 000000000000,200000 000000000002,600000 0008 S0012+B0001
D000094+S0021 000000000002,000000 000000000005,000000 000000000000,300000 000000000000,600000 0008 S0012+B0001
D000095+S0002 000000000002,500000 000000000002,000000 000000000000,750000 000000000001,875000 0003 S0003+B0001
D000095+S0004 000000000003,000000 000000000004,000000 000000000000,750000 000000000002,250000 0003 S0003+B0001
D000095+S0006 000000000001,000000 000000000001,000000 000000000000,750000 000000000000,750000 0003 S0003+B0001
D000095+S0011 000000000000,700000 000000000005,000000 000000000000,750000 000000000000,525000 0003 S0003+B0001
D000096+S0002 000000000001,000000 000000000001,000000 000000000000,750000 000000000000,750000 0003 S0003+B0001
D000096+S0005 000000000000,900000 000000000002,000000 000000000000,750000 000000000000,675000 0003 S0003+B0001
D000096+S0007 000000000003,000000 000000000004,000000 000000000000,750000 000000000002,250000 0003 S0003+B0001
D000096+S0009 000000000000,900000 000000000003,000000 000000000000,750000 000000000000,675000 0003 S0003+B0001
D000096+S0011 000000000001,000000 000000000001,000000 000000000000,750000 000000000000,750000 0003 S0003+B0001
D000096+S0017 000000000001,000000 000000000001,000000 000000000001,500000 000000000001,500000 0003 S0003+B0001
D000097+S0002 000000000001,000000 000000000001,000000 000000000000,750000 000000000000,750000 0003 S0003+B0001
D000097+S0007 000000000002,500000 000000000003,000000 000000000000,750000 000000000001,875000 0003 S0003+B0001
D000097+S0011 000000000005,900000 000000000004,000000 000000000000,750000 000000000004,425000 0003 S0003+B0001
D000097+S0018 000000000001,100000 000000000007,000000 000000000000,350000 000000000000,385000 0003 S0003+B0001
D000098+S0002 000000000003,500000 000000000003,000000 000000000000,750000 000000000002,625000 0003 S0003+B0001
D000098+S0007 000000000001,000000 000000000001,000000 000000000000,750000 000000000000,750000 0003 S0003+B0001
D000098+S0011 000000000002,500000 000000000003,000000 000000000000,750000 000000000001,875000 0003 S0003+B0001
D000099+S0002 000000000004,900000 000000000003,000000 000000000000,750000 000000000003,675000 0003 S0003+B0001
D000099+S0005 000000000001,900000 000000000003,000000 000000000000,750000 000000000001,425000 0003 S0003+B0001
D000099+S0007 000000000001,000000 000000000001,000000 000000000000,750000 000000000000,750000 0003 S0003+B0001
D000099+S0011 000000000002,900000 000000000007,000000 000000000000,750000 000000000002,175000 0003 S0003+B0001
D000100+S0002 000000000001,000000 000000000001,000000 000000000000,750000 000000000000,750000 0003 S0003+B0001
D000100+S0007 000000000000,900000 000000000003,000000 000000000000,750000 000000000000,675000 0003 S0003+B0001
D000100+S0009 000000000000,900000 000000000005,000000 000000000000,750000 000000000000,675000 0003 S0003+B0001
D000100+S0011 000000000001,700000 000000000004,000000 000000000000,750000 000000000001,275000 0003 S0003+B0001
D000101+S0008 000000000000,900000 000000000007,000000 000000000000,750000 000000000000,675000 0003 S0003+B0002
D000101+S0009 000000000003,500000 000000000004,000000 000000000000,750000 000000000002,625000 0003 S0003+B0002
D000101+S0011 000000000001,000000 000000000001,000000 000000000000,750000 000000000000,750000 0003 S0003+B0002
D000101+S0015 000000000000,900000 000000000006,000000 000000000000,015000 000000000000,013500 0003 S0003+B0002
D000101+S0017 000000000001,000000 000000000001,000000 000000000001,500000 000000000001,500000 0003 S0003+B0002
D000102+S0002 000000000001,000000 000000000001,000000 000000000000,750000 000000000000,750000 0003 S0003+B0002
D000102+S0007 000000000001,500000 000000000006,000000 000000000000,750000 000000000001,125000 0003 S0003+B0002
D000102+S0009 000000000005,500000 000000000025,000000 000000000000,750000 000000000004,125000 0003 S0003+B0002
D000102+S0011 000000000003,500000 000000000007,000000 000000000000,750000 000000000002,625000 0003 S0003+B0002
D000102+S0014 000000000001,900000 000000000004,000000 000000000000,750000 000000000001,425000 0003 S0003+B0002
D000103+S0008 000000000000,900000 000000000007,000000 000000000000,750000 000000000000,675000 0003 S0003+B0002
D000103+S0009 000000000003,500000 000000000004,000000 000000000000,750000 000000000002,625000 0003 S0003+B0002
D000103+S0011 000000000001,000000 000000000001,000000 000000000000,750000 000000000000,750000 0003 S0003+B0002
D000103+S0015 000000000000,900000 000000000006,000000 000000000000,015000 000000000000,013500 0003 S0003+B0002
D000103+S0017 000000000001,000000 000000000001,000000 000000000001,500000 000000000001,500000 0003 S0003+B0002
D000104+S0004 000000000000,400000 000000000001,000000 000000000000,300000 000000000000,120000 0003 S0003+B0002
D000104+S0008 000000000000,900000 000000000003,000000 000000000000,750000 000000000000,675000 0003 S0003+B0002
D000104+S0009 000000000003,400000 000000000005,000000 000000000000,750000 000000000002,550000 0003 S0003+B0002
D000104+S0011 000000000000,300000 000000000002,000000 000000000000,750000 000000000000,225000 0003 S0003+B0002
D000104+S0013 000000000000,200000 000000000002,000000 000000000000,000000 000000000000,000000 0003 S0003+B0002
D000105+S0009 000000000001,500000 000000000003,000000 000000000000,750000 000000000001,125000 0003 S0003+B0002
D000105+S0011 000000000001,000000 000000000001,000000 000000000000,750000 000000000000,750000 0003 S0003+B0002
D000105+S0017 000000000002,500000 000000000001,000000 000000000001,500000 000000000003,750000 0003 S0003+B0002
D000106+S0004 000000000001,100000 000000000002,000000 000000000000,300000 000000000000,330000 0003 S0003+B0002
D000106+S0008 000000000001,700000 000000000009,000000 000000000000,750000 000000000001,275000 0003 S0003+B0002
D000106+S0009 000000000003,100000 000000000096,000000 000000000000,750000 000000000002,325000 0003 S0003+B0002
D000106+S0013 000000000004,500000 000000000150,000000 000000000000,000000 000000000000,000000 0003 S0003+B0002
D000106+S0015 000000000000,100000 000000000003,000000 000000000000,000000 000000000000,000000 0003 S0003+B0002
D000107+S0004 000000000000,900000 000000000002,000000 000000000000,300000 000000000000,270000 0003 S0003+B0002
D000107+S0009 000000000005,900000 000000000112,000000 000000000000,750000 000000000004,425000 0003 S0003+B0002
D000107+S0011 000000000001,700000 000000000009,000000 000000000000,000000 000000000000,000000 0003 S0003+B0002
D000107+S0015 000000000000,700000 000000000010,000000 000000000000,000000 000000000000,000000 0003 S0003+B0002
D000107+S0018 000000000000,900000 000000000035,000000 000000000000,000000 000000000000,000000 0003 S0003+B0002
D000108+S0009 000000000007,500000 000000000096,000000 000000000000,750000 000000000005,625000 0003 S0003+B0002
D000108+S0011 000000000000,500000 000000000004,000000 000000000000,750000 000000000000,375000 0003 S0003+B0002
D000108+S0018 000000000000,400000 000000000015,000000 000000000000,000000 000000000000,000000 0003 S0003+B0002
D000109+S0007 000000000001,000000 000000000001,000000 000000000000,750000 000000000000,750000 0003 S0003+B0002
D000109+S0011 000000000000,700000 000000000004,000000 000000000000,750000 000000000000,525000 0003 S0003+B0002
D000109+S0013 000000000015,500000 000000000650,000000 000000000000,000000 000000000000,000000 0003 S0003+B0002
D000109+S0015 000000000000,500000 000000000007,000000 000000000000,000000 000000000000,000000 0003 S0003+B0002
D000109+S0019 000000000000,900000 000000000005,000000 000000000000,000000 000000000000,000000 0003 S0003+B0002
D000110+S0002 000000000001,500000 000000000001,000000 000000000000,750000 000000000001,125000 0003 S0003+B0002
D000110+S0008 000000000001,500000 000000000004,000000 000000000000,750000 000000000001,125000 0003 S0003+B0002
D000110+S0009 000000000005,900000 000000000035,000000 000000000000,750000 000000000004,425000 0003 S0003+B0002
D000110+S0011 000000000000,900000 000000000010,000000 000000000000,750000 000000000000,675000 0003 S0003+B0002
D000110+S0017 000000000001,500000 000000000001,000000 000000000001,500000 000000000002,250000 0003 S0003+B0002
D000110+S0018 000000000000,500000 000000000006,000000 000000000000,000000 000000000000,000000 0003 S0003+B0002
D000111+S0008 000000000004,300000 000000000005,000000 000000000000,750000 000000000003,225000 0003 S0003+B0002
D000111+S0009 000000000003,300000 000000000029,000000 000000000000,750000 000000000002,475000 0003 S0003+B0002
D000111+S0014 000000000000,200000 000000000700,000000 000000000000,000000 000000000000,000000 0003 S0003+B0002
D000111+S0018 000000000000,400000 000000000015,000000 000000000000,000000 000000000000,000000 0003 S0003+B0002
D000112+S0007 000000000000,500000 000000000004,000000 000000000000,750000 000000000000,375000 0003 S0003+B0002
D000112+S0009 000000000004,500000 000000000055,000000 000000000000,750000 000000000003,375000 0003 S0003+B0002
D000112+S0011 000000000000,900000 000000000010,000000 000000000000,750000 000000000000,675000 0003 S0003+B0002
D000112+S0013 000000000000,200000 000000000040,000000 000000000000,000000 000000000000,000000 0003 S0003+B0002
D000114+S0007 000000000000,600000 000000000003,000000 000000000000,000000 000000000000,000000 0003 S0003+B0005
D000114+S0009 000000000004,500000 000000000049,000000 000000000000,750000 000000000003,375000 0003 S0003+B0005
D000114+S0011 000000000007,500000 000000000175,000000 000000000000,750000 000000000005,625000 0003 S0003+B0005
D000114+S0015 000000000000,400000 000000000007,000000 000000000000,000000 000000000000,000000 0003 S0003+B0005
D000114+S0021 000000000001,000000 000000000003,000000 000000000000,750000 000000000000,750000 0003 S0003+B0005
D000115+S0001 000000000001,000000 000000000001,000000 000000000000,750000 000000000000,750000 0003 S0003+B0005
D000115+S0004 000000000001,000000 000000000001,000000 000000000000,300000 000000000000,300000 0003 S0003+B0005
D000115+S0007 000000000001,500000 000000000004,000000 000000000000,750000 000000000001,125000 0003 S0003+B0005
D000115+S0009 000000000008,500000 000000000279,000000 000000000000,750000 000000000006,375000 0003 S0003+B0005
D000115+S0011 000000000005,300000 000000000104,000000 000000000000,750000 000000000003,975000 0003 S0003+B0005
D000115+S0015 000000000000,900000 000000000005,000000 000000000000,000000 000000000000,000000 0003 S0003+B0005
D000115+S0021 000000000003,700000 000000000006,000000 000000000000,750000 000000000002,775000 0003 S0003+B0005
D000116+S0001 000000000001,000000 000000000002,000000 000000000000,750000 000000000000,750000 0003 S0003+B0005
D000116+S0004 000000000001,900000 000000000004,000000 000000000000,300000 000000000000,570000 0003 S0003+B0005
D000116+S0007 000000000001,000000 000000000006,000000 000000000000,750000 000000000000,750000 0003 S0003+B0005
D000116+S0008 000000000000,900000 000000000003,000000 000000000000,750000 000000000000,675000 0003 S0003+B0005
D000116+S0009 000000000001,900000 000000000097,000000 000000000000,750000 000000000001,425000 0003 S0003+B0005
D000116+S0011 000000000005,700000 000000000150,000000 000000000000,750000 000000000004,275000 0003 S0003+B0005
D000116+S0021 000000000002,500000 000000000003,000000 000000000000,750000 000000000001,875000 0003 S0003+B0005
D000117+S0002 000000000001,000000 000000000001,000000 000000000000,750000 000000000000,750000 0003 S0003+B0005
D000117+S0004 000000000005,500000 000000000003,000000 000000000000,300000 000000000001,650000 0003 S0003+B0005
D000117+S0008 000000000000,700000 000000000006,000000 000000000000,750000 000000000000,525000 0003 S0003+B0005
D000117+S0009 000000000003,400000 000000000059,000000 000000000000,750000 000000000002,550000 0003 S0003+B0005
D000117+S0011 000000000002,700000 000000000115,000000 000000000000,750000 000000000002,025000 0003 S0003+B0005
D000117+S0021 000000000001,500000 000000000003,000000 000000000000,750000 000000000001,125000 0003 S0003+B0005
D000118+S0004 000000000001,900000 000000000006,000000 000000000000,300000 000000000000,570000 0003 S0003+B0005
D000118+S0007 000000000000,300000 000000000002,000000 000000000000,750000 000000000000,225000 0003 S0003+B0005
D000118+S0008 000000000000,400000 000000000003,000000 000000000000,750000 000000000000,300000 0003 S0003+B0005
D000113+S0007 000000000001,700000 000000000007,000000 000000000000,750000 000000000001,275000 0003 S0003+B0002
D000113+S0008 000000000001,900000 000000000004,000000 000000000000,750000 000000000001,425000 0003 S0003+B0002
D000113+S0009 000000000009,900000 000000000097,000000 000000000000,750000 000000000007,425000 0003 S0003+B0002
D000113+S0011 000000000000,100000 000000000004,000000 000000000000,750000 000000000000,075000 0003 S0003+B0002
D000113+S0013 000000000000,700000 000000000047,000000 000000000000,000000 000000000000,000000 0003 S0003+B0002
D000114+S0001 000000000003,000000 000000000006,000000 000000000000,750000 000000000002,250000 0003 S0003+B0005
D000114+S0004 000000000000,900000 000000000001,000000 000000000000,300000 000000000000,270000 0003 S0003+B0005
D000118+S0009 000000000001,500000 000000000025,000000 000000000000,750000 000000000001,125000 0003 S0003+B0005
D000118+S0011 000000000005,100000 000000000155,000000 000000000000,750000 000000000003,825000 0003 S0003+B0005
D000118+S0013 000000000000,410000 000000000045,000000 000000000000,000000 000000000000,000000 0003 S0003+B0005
D000118+S0015 000000000000,900000 000000000007,000000 000000000000,000000 000000000000,000000 0003 S0003+B0005
D000119+S0001 000000000000,900000 000000000002,000000 000000000000,750000 000000000000,675000 0003 S0003+B0005
D000119+S0004 000000000001,500000 000000000003,000000 000000000000,300000 000000000000,450000 0003 S0003+B0005
D000119+S0011 000000000000,900000 000000000003,000000 000000000000,750000 000000000000,675000 0003 S0003+B0005
D000119+S0013 000000000007,500000 000000000407,000000 000000000000,000000 000000000000,000000 0003 S0003+B0005
D000119+S0015 000000000000,200000 000000000004,000000 000000000000,000000 000000000000,000000 0003 S0003+B0005
D000120+S0001 000000000002,000000 000000000003,000000 000000000000,750000 000000000001,500000 0003 S0003+B0005
D000120+S0004 000000000003,500000 000000000006,000000 000000000000,300000 000000000001,050000 0003 S0003+B0005
D000120+S0007 000000000001,000000 000000000001,000000 000000000000,750000 000000000000,750000 0003 S0003+B0005
D000120+S0008 000000000000,300000 000000000004,000000 000000000000,750000 000000000000,225000 0003 S0003+B0005
D000120+S0009 000000000005,100000 000000000097,000000 000000000000,750000 000000000003,825000 0003 S0003+B0005
D000120+S0011 000000000006,800000 000000000150,000000 000000000000,750000 000000000005,100000 0003 S0003+B0005
D000120+S0013 000000000000,200000 000000000035,000000 000000000000,000000 000000000000,000000 0003 S0003+B0005
D000120+S0015 000000000000,100000 000000000006,000000 000000000000,000000 000000000000,000000 0003 S0003+B0005
D000120+S0018 000000000000,100000 000000000002,000000 000000000000,000000 000000000000,000000 0003 S0003+B0005
D000120+S0019 000000000000,200000 000000000007,000000 000000000000,000000 000000000000,000000 0003 S0003+B0005
D000120+S0021 000000000003,500000 000000000005,000000 000000000000,750000 000000000002,625000 0003 S0003+B0005
D000121+S0001 000000000001,000000 000000000002,000000 000000000000,750000 000000000000,750000 0003 S0003+B0005
D000121+S0004 000000000002,500000 000000000003,000000 000000000000,300000 000000000000,750000 0003 S0003+B0005
D000121+S0005 000000000001,000000 000000000003,000000 000000000000,750000 000000000000,750000 0003 S0003+B0005
D000121+S0006 000000000003,500000 000000000019,000000 000000000000,750000 000000000002,625000 0003 S0003+B0005
D000121+S0007 000000000001,000000 000000000001,000000 000000000000,750000 000000000000,750000 0003 S0003+B0005
D000121+S0009 000000000001,500000 000000000019,000000 000000000000,750000 000000000001,125000 0003 S0003+B0005
D000121+S0011 000000000005,100000 000000000191,000000 000000000000,750000 000000000003,825000 0003 S0003+B0005
D000121+S0013 000000000000,900000 000000000030,000000 000000000000,000000 000000000000,000000 0003 S0003+B0005
D000121+S0015 000000000000,100000 000000000004,000000 000000000000,000000 000000000000,000000 0003 S0003+B0005
D000121+S0018 000000000000,200000 000000000003,000000 000000000000,000000 000000000000,000000 0003 S0003+B0005
D000121+S0021 000000000001,000000 000000000002,000000 000000000000,750000 000000000000,750000 0003 S0003+B0005
