D000001+S0005 000000000001,700000 000000000002,000000 000000000000,000000 000000000000,000000 0004 S0004+B0001
D000001+S0008 000000000002,600000 000000000007,000000 000000000000,000000 000000000000,000000 0004 S0004+B0001
D000001+S0017 000000000002,100000 000000000003,000000 000000000000,000000 000000000000,000000 0004 S0004+B0001
D000001+S0018 000000000001,300000 000000000004,000000 000000000000,000000 000000000000,000000 0004 S0004+B0001
D000002+S0006 000000000001,700000 000000000002,000000 000000000000,000000 000000000000,000000 0004 S0004+B0001
D000002+S0011 000000000000,900000 000000000001,000000 000000000000,000000 000000000000,000000 0004 S0004+B0001
D000002+S0017 000000000002,900000 000000000002,000000 000000000000,000000 000000000000,000000 0004 S0004+B0001
D000003+S0009 000000000000,500000 000000000003,000000 000000000000,000000 000000000000,000000 0004 S0004+B0001
D000003+S0013 000000000000,400000 000000000002,000000 000000000000,000000 000000000000,000000 0004 S0004+B0001
D000003+S0018 000000000000,600000 000000000007,000000 000000000000,000000 000000000000,000000 0004 S0004+B0001
D000003+S0021 000000000000,300000 000000000002,000000 000000000000,000000 000000000000,000000 0004 S0004+B0001
D000004+S0004 000000000000,700000 000000000001,000000 000000000000,000000 000000000000,000000 0004 S0004+B0001
D000004+S0009 000000000001,100000 000000000007,000000 000000000000,000000 000000000000,000000 0004 S0004+B0001
D000004+S0011 000000000000,700000 000000000009,000000 000000000000,000000 000000000000,000000 0004 S0004+B0001
D000004+S0018 000000000001,800000 000000000017,000000 000000000000,000000 000000000000,000000 0004 S0004+B0001
D000005+S0008 000000000002,400000 000000000005,000000 000000000000,000000 000000000000,000000 0004 S0004+B0001
D000005+S0011 000000000003,100000 000000000017,000000 000000000000,000000 000000000000,000000 0004 S0004+B0001
D000005+S0017 000000000001,100000 000000000001,000000 000000000000,000000 000000000000,000000 0004 S0004+B0001
D000006+S0007 000000000000,700000 000000000002,000000 000000000000,000000 000000000000,000000 0004 S0004+B0001
D000006+S0009 000000000001,100000 000000000007,000000 000000000000,000000 000000000000,000000 0004 S0004+B0001
D000006+S0011 000000000000,700000 000000000002,000000 000000000000,000000 000000000000,000000 0004 S0004+B0001
D000006+S0018 000000000000,900000 000000000006,000000 000000000000,000000 000000000000,000000 0004 S0004+B0001
D000007+S0006 000000000002,500000 000000000002,000000 000000000000,000000 000000000000,000000 0004 S0004+B0001
D000007+S0020 000000000005,800000 000000000001,000000 000000000000,000000 000000000000,000000 0004 S0004+B0001
D000008+S0004 000000000002,100000 000000000003,000000 000000000000,000000 000000000000,000000 0004 S0004+B0001
D000008+S0011 000000000001,300000 000000000007,000000 000000000000,000000 000000000000,000000 0004 S0004+B0001
D000008+S0017 000000000001,100000 000000000001,000000 000000000000,000000 000000000000,000000 0004 S0004+B0001
D000008+S0018 000000000001,800000 000000000006,000000 000000000000,000000 000000000000,000000 0004 S0004+B0001
D000009+S0002 000000000000,600000 000000000001,000000 000000000000,000000 000000000000,000000 0004 S0004+B0001
D000009+S0007 000000000000,700000 000000000003,000000 000000000000,000000 000000000000,000000 0004 S0004+B0001
D000009+S0008 000000000000,400000 000000000001,000000 000000000000,000000 000000000000,000000 0004 S0004+B0001
D000009+S0009 000000000001,300000 000000000017,000000 000000000000,000000 000000000000,000000 0004 S0004+B0001
D000009+S0011 000000000001,200000 000000000013,000000 000000000000,000000 000000000000,000000 0004 S0004+B0001
D000009+S0018 000000000000,700000 000000000003,000000 000000000000,000000 000000000000,000000 0004 S0004+B0001
D000010+S0006 000000000000,700000 000000000001,000000 000000000000,000000 000000000000,000000 0004 S0004+B0001
D000010+S0009 000000000000,700000 000000000002,000000 000000000000,000000 000000000000,000000 0004 S0004+B0001
D000010+S0011 000000000001,800000 000000000027,000000 000000000000,000000 000000000000,000000 0004 S0004+B0001
D000010+S0018 000000000001,200000 000000000007,000000 000000000000,000000 000000000000,000000 0004 S0004+B0001
D000011+S0003 000000000001,300000 000000000004,000000 000000000000,000000 000000000000,000000 0004 S0004+B0001
D000011+S0011 000000000004,300000 000000000028,000000 000000000000,000000 000000000000,000000 0004 S0004+B0001
D000011+S0012 000000000000,900000 000000000001,000000 000000000000,000000 000000000000,000000 0004 S0004+B0001
D000011+S0018 000000000001,900000 000000000006,000000 000000000000,000000 000000000000,000000 0004 S0004+B0001
D000012+S0009 000000000000,900000 000000000002,000000 000000000000,000000 000000000000,000000 0004 S0004+B0001
D000012+S0011 000000000003,800000 000000000027,000000 000000000000,000000 000000000000,000000 0004 S0004+B0001
D000012+S0018 000000000001,100000 000000000007,000000 000000000000,000000 000000000000,000000 0004 S0004+B0001
D000013+S0011 000000000000,900000 000000000007,000000 000000000000,000000 000000000000,000000 0004 S0004+B0002
D000013+S0018 000000000001,900000 000000000006,000000 000000000000,000000 000000000000,000000 0004 S0004+B0002
D000013+S0021 000000000002,600000 000000000000,000000 000000000000,000000 000000000000,000000 0004 S0004+B0002
D000014+S0004 000000000000,900000 000000000002,000000 000000000000,000000 000000000000,000000 0004 S0004+B0002
D000014+S0008 000000000002,300000 000000000007,000000 000000000000,000000 000000000000,000000 0004 S0004+B0002
D000014+S0009 000000000001,700000 000000000008,000000 000000000000,000000 000000000000,000000 0004 S0004+B0002
D000014+S0010 000000000000,700000 000000000006,000000 000000000000,000000 000000000000,000000 0004 S0004+B0002
D000014+S0018 000000000000,900000 000000000001,000000 000000000000,000000 000000000000,000000 0004 S0004+B0002
D000015+S0009 000000000000,900000 000000000004,000000 000000000000,000000 000000000000,000000 0004 S0004+B0002
D000015+S0011 000000000001,700000 000000000012,000000 000000000000,000000 000000000000,000000 0004 S0004+B0002
D000015+S0013 000000000000,500000 000000000002,000000 000000000000,000000 000000000000,000000 0004 S0004+B0002
D000015+S0018 000000000000,900000 000000000006,000000 000000000000,000000 000000000000,000000 0004 S0004+B0002
D000015+S0021 000000000000,700000 000000000008,000000 000000000000,000000 000000000000,000000 0004 S0004+B0002
D000016+S0008 000000000000,300000 000000000001,000000 000000000000,000000 000000000000,000000 0004 S0004+B0002
D000016+S0009 000000000000,900000 000000000004,000000 000000000000,000000 000000000000,000000 0004 S0004+B0002
D000016+S0011 000000000001,200000 000000000007,000000 000000000000,000000 000000000000,000000 0004 S0004+B0002
D000016+S0018 000000000001,600000 000000000009,000000 000000000000,000000 000000000000,000000 0004 S0004+B0002
D000016+S0021 000000000001,300000 000000000017,000000 000000000000,000000 000000000000,000000 0004 S0004+B0002
D000017+S0009 000000000000,600000 000000000003,000000 000000000000,000000 000000000000,000000 0004 S0004+B0002
D000017+S0011 000000000001,100000 000000000009,000000 000000000000,000000 000000000000,000000 0004 S0004+B0002
D000017+S0013 000000000000,700000 000000000006,000000 000000000000,000000 000000000000,000000 0004 S0004+B0002
D000017+S0018 000000000000,900000 000000000007,000000 000000000000,000000 000000000000,000000 0004 S0004+B0002
D000017+S0021 000000000001,200000 000000000000,000000 000000000000,000000 000000000000,000000 0004 S0004+B0002
D000018+S0006 000000000000,900000 000000000002,000000 000000000000,000000 000000000000,000000 0004 S0004+B0002
D000018+S0011 000000000001,300000 000000000007,000000 000000000000,000000 000000000000,000000 0004 S0004+B0002
D000018+S0013 000000000000,500000 000000000002,000000 000000000000,000000 000000000000,000000 0004 S0004+B0002
D000018+S0015 000000000000,600000 000000000004,000000 000000000000,000000 000000000000,000000 0004 S0004+B0002
D000018+S0018 000000000001,700000 000000000011,000000 000000000000,000000 000000000000,000000 0004 S0004+B0002
D000018+S0020 000000000000,700000 000000000002,000000 000000000000,000000 000000000000,000000 0004 S0004+B0002
D000018+S0021 000000000001,100000 000000000000,000000 000000000000,000000 000000000000,000000 0004 S0004+B0002
D000019+S0011 000000000001,900000 000000000005,000000 000000000000,000000 000000000000,000000 0004 S0004+B0002
D000019+S0013 000000000001,100000 000000000003,000000 000000000000,000000 000000000000,000000 0004 S0004+B0002
D000019+S0018 000000000004,300000 000000000087,000000 000000000000,000000 000000000000,000000 0004 S0004+B0002
D000020+S0004 000000000000,900000 000000000001,000000 000000000000,000000 000000000000,000000 0004 S0004+B0002
D000021+S0018 000000000006,700000 000000000021,000000 000000000000,000000 000000000000,000000 0004 S0004+B0002
D000021+S0021 000000000002,500000 000000000000,000000 000000000000,000000 000000000000,000000 0004 S0004+B0002
D000022+S0004 000000000001,100000 000000000002,000000 000000000000,000000 000000000000,000000 0004 S0004+B0002
D000022+S0011 000000000001,300000 000000000006,000000 000000000000,000000 000000000000,000000 0004 S0004+B0002
D000022+S0018 000000000002,900000 000000000017,000000 000000000000,000000 000000000000,000000 0004 S0004+B0002
D000022+S0020 000000000001,700000 000000000003,000000 000000000000,000000 000000000000,000000 0004 S0004+B0002
D000022+S0021 000000000002,300000 000000000000,000000 000000000000,000000 000000000000,000000 0004 S0004+B0002
D000023+S0011 000000000002,300000 000000000007,000000 000000000000,000000 000000000000,000000 0004 S0004+B0002
D000023+S0018 000000000007,900000 000000000028,000000 000000000000,000000 000000000000,000000 0004 S0004+B0002
D000023+S0021 000000000000,900000 000000000001,000000 000000000000,000000 000000000000,000000 0004 S0004+B0002
D000024+S0003 000000000001,100000 000000000008,000000 000000000000,000000 000000000000,000000 0004 S0004+B0002
D000024+S0009 000000000001,900000 000000000007,000000 000000000000,000000 000000000000,000000 0004 S0004+B0002
D000024+S0011 000000000000,900000 000000000011,000000 000000000000,000000 000000000000,000000 0004 S0004+B0002
D000024+S0017 000000000001,700000 000000000002,000000 000000000000,000000 000000000000,000000 0004 S0004+B0002
D000025+S0011 000000000002,400000 000000000008,000000 000000000000,000000 000000000000,000000 0004 S0004+B0002
D000025+S0018 000000000009,700000 000000000064,000000 000000000000,000000 000000000000,000000 0004 S0004+B0002
D000026+S0007 000000000001,100000 000000000003,000000 000000000000,000000 000000000000,000000 0004 S0004+B0002
D000026+S0011 000000000001,900000 000000000013,000000 000000000000,000000 000000000000,000000 0004 S0004+B0002
D000026+S0015 000000000000,700000 000000000002,000000 000000000000,000000 000000000000,000000 0004 S0004+B0002
D000026+S0021 000000000001,300000 000000000017,000000 000000000000,000000 000000000000,000000 0004 S0004+B0002
D000020+S0011 000000000002,100000 000000000012,000000 000000000000,000000 000000000000,000000 0004 S0004+B0002
D000020+S0018 000000000001,900000 000000000038,000000 000000000000,000000 000000000000,000000 0004 S0004+B0002
D000020+S0021 000000000002,400000 000000000000,000000 000000000000,000000 000000000000,000000 0004 S0004+B0002
D000021+S0011 000000000001,900000 000000000007,000000 000000000000,000000 000000000000,000000 0004 S0004+B0002
D000027+S0009 000000000001,900000 000000000009,000000 000000000000,000000 000000000000,000000 0004 S0004+B0002
D000027+S0011 000000000001,200000 000000000012,000000 000000000000,000000 000000000000,000000 0004 S0004+B0002
D000027+S0017 000000000000,700000 000000000001,000000 000000000000,000000 000000000000,000000 0004 S0004+B0002
D000027+S0018 000000000001,600000 000000000007,000000 000000000000,000000 000000000000,000000 0004 S0004+B0002
D000028+S0006 000000000000,600000 000000000001,000000 000000000000,000000 000000000000,000000 0004 S0004+B0002
D000028+S0011 000000000000,900000 000000000007,000000 000000000000,000000 000000000000,000000 0004 S0004+B0002
D000028+S0015 000000000000,600000 000000000004,000000 000000000000,000000 000000000000,000000 0004 S0004+B0002
D000028+S0018 000000000001,900000 000000000011,000000 000000000000,000000 000000000000,000000 0004 S0004+B0002
D000028+S0020 000000000000,800000 000000000002,000000 000000000000,000000 000000000000,000000 0004 S0004+B0002
D000029+S0021 000000000006,000000 000000000152,000000 000000000000,000000 000000000000,000000 0005 S0008+B0001
D000030+S0011 000000000002,000000 000000000014,000000 000000000000,000000 000000000000,000000 0005 S0008+B0001
D000031+S0007 000000000001,000000 000000000003,000000 000000000000,000000 000000000000,000000 0005 S0008+B0001
D000031+S0011 000000000002,500000 000000000027,000000 000000000000,000000 000000000000,000000 0005 S0008+B0001
D000031+S0015 000000000000,500000 000000000007,000000 000000000000,000000 000000000000,000000 0005 S0008+B0001
D000032+S0004 000000000002,000000 000000000014,000000 000000000000,000000 000000000000,000000 0005 S0008+B0001
D000032+S0011 000000000003,000000 000000000025,000000 000000000000,000000 000000000000,000000 0005 S0008+B0001
D000032+S0018 000000000001,500000 000000000012,000000 000000000000,000000 000000000000,000000 0005 S0008+B0001
D000033+S0020 000000000010,500000 000000000003,000000 000000000000,000000 000000000000,000000 0005 S0008+B0001
D000034+S0020 000000000005,000000 000000000001,000000 000000000000,000000 000000000000,000000 0005 S0008+B0001
D000035+S0008 000000000003,000000 000000000017,000000 000000000000,000000 000000000000,000000 0005 S0008+B0001
D000035+S0011 000000000002,000000 000000000013,000000 000000000000,000000 000000000000,000000 0005 S0008+B0001
D000036+S0011 000000000003,500000 000000000022,000000 000000000000,000000 000000000000,000000 0005 S0008+B0001
D000036+S0021 000000000004,000000 000000000029,000000 000000000000,000000 000000000000,000000 0005 S0008+B0001
D000037+S0011 000000000001,000000 000000000013,000000 000000000000,000000 000000000000,000000 0005 S0008+B0001
D000037+S0018 000000000000,500000 000000000007,000000 000000000000,000000 000000000000,000000 0005 S0008+B0001
D000038+S0021 000000000002,000000 000000000037,000000 000000000000,000000 000000000000,000000 0005 S0008+B0001
D000039+S0011 000000000002,000000 000000000011,000000 000000000000,000000 000000000000,000000 0005 S0008+B0001
D000040+S0021 000000000002,000000 000000000046,000000 000000000000,000000 000000000000,000000 0005 S0008+B0001
D000041+S0018 000000000001,500000 000000000005,000000 000000000000,000000 000000000000,000000 0005 S0008+B0001
D000042+S0021 000000000002,500000 000000000013,000000 000000000000,000000 000000000000,000000 0005 S0008+B0001
D000043+S0011 000000000001,000000 000000000015,000000 000000000000,000000 000000000000,000000 0005 S0008+B0001
D000043+S0018 000000000001,000000 000000000001,000000 000000000000,000000 000000000000,000000 0005 S0008+B0001
D000044+S0008 000000000003,000000 000000000082,000000 000000000000,000000 000000000000,000000 0005 S0008+B0001
D000044+S0009 000000000004,000000 000000000102,000000 000000000000,000000 000000000000,000000 0005 S0008+B0001
D000044+S0011 000000000001,000000 000000000019,000000 000000000000,000000 000000000000,000000 0005 S0008+B0001
D000045+S0015 000000000002,000000 000000000011,000000 000000000000,000000 000000000000,000000 0005 S0007+B0001
D000046+S0007 000000000002,000000 000000000003,000000 000000000000,000000 000000000000,000000 0005 S0007+B0001
D000046+S0008 000000000001,500000 000000000004,000000 000000000000,000000 000000000000,000000 0005 S0007+B0001
D000047+S0011 000000000003,500000 000000000034,000000 000000000000,000000 000000000000,000000 0005 S0007+B0001
D000048+S0006 000000000001,500000 000000000002,000000 000000000000,000000 000000000000,000000 0005 S0007+B0001
D000048+S0007 000000000000,500000 000000000001,000000 000000000000,000000 000000000000,000000 0005 S0007+B0001
D000048+S0011 000000000000,500000 000000000007,000000 000000000000,000000 000000000000,000000 0005 S0007+B0001
D000049+S0014 000000000001,500000 000000000001,000000 000000000000,000000 000000000000,000000 0005 S0007+B0001
D000049+S0017 000000000002,000000 000000000001,000000 000000000000,000000 000000000000,000000 0005 S0007+B0001
D000050+S0018 000000000001,000000 000000000004,000000 000000000000,000000 000000000000,000000 0005 S0007+B0001
D000051+S0011 000000000000,500000 000000000003,000000 000000000000,000000 000000000000,000000 0005 S0007+B0001
D000051+S0020 000000000002,000000 000000000003,000000 000000000000,000000 000000000000,000000 0005 S0007+B0001
D000053+S0008 000000000000,500000 000000000002,000000 000000000000,000000 000000000000,000000 0005 S0007+B0001
D000053+S0020 000000000000,500000 000000000001,000000 000000000000,000000 000000000000,000000 0005 S0007+B0001
D000054+S0008 000000000001,000000 000000000003,000000 000000000000,000000 000000000000,000000 0005 S0007+B0001
D000054+S0021 000000000000,500000 000000000004,000000 000000000000,000000 000000000000,000000 0005 S0007+B0001
D000055+S0011 000000000001,500000 000000000017,000000 000000000000,000000 000000000000,000000 0005 S0007+B0001
D000056+S0011 000000000002,500000 000000000010,000000 000000000000,000000 000000000000,000000 0005 S0007+B0001
D000057+S0018 000000000001,500000 000000000013,000000 000000000000,000000 000000000000,000000 0005 S0007+B0001
D000058+S0018 000000000002,000000 000000000006,000000 000000000000,000000 000000000000,000000 0005 S0007+B0001
D000059+S0009 000000000017,000000 000000000720,000000 000000000000,125000 000000000002,125000 0008 S0011+B0001
D000059+S0017 000000000003,500000 000000000012,000000 000000000000,350000 000000000001,225000 0008 S0011+B0001
D000060+S0009 000000000020,000000 000000000428,000000 000000000000,125000 000000000002,500000 0008 S0011+B0001
D000060+S0017 000000000002,000000 000000000003,000000 000000000000,350000 000000000000,700000 0008 S0011+B0001
D000061+S0009 000000000007,000000 000000000027,000000 000000000000,125000 000000000000,875000 0008 S0011+B0001
D000061+S0017 000000000003,000000 000000000009,000000 000000000000,350000 000000000001,050000 0008 S0011+B0001
D000062+S0009 000000000006,000000 000000000043,000000 000000000000,125000 000000000000,750000 0008 S0011+B0001
D000062+S0017 000000000002,000000 000000000005,000000 000000000000,350000 000000000000,700000 0008 S0011+B0001
D000063+S0009 000000000017,000000 000000000523,000000 000000000000,125000 000000000002,125000 0008 S0011+B0001
D000063+S0017 000000000003,500000 000000000004,000000 000000000000,350000 000000000001,225000 0008 S0011+B0001
D000063+S0021 000000000001,000000 000000000006,000000 000000000000,125000 000000000000,125000 0008 S0011+B0001
D000064+S0009 000000000016,000000 000000000427,000000 000000000000,125000 000000000002,000000 0008 S0011+B0001
D000064+S0017 000000000002,000000 000000000004,000000 000000000000,350000 000000000000,700000 0008 S0011+B0001
D000065+S0009 000000000027,000000 000000000924,000000 000000000000,125000 000000000003,375000 0008 S0011+B0001
D000065+S0017 000000000002,500000 000000000010,000000 000000000000,350000 000000000000,875000 0008 S0011+B0001
D000066+S0009 000000000017,000000 000000000214,000000 000000000000,125000 000000000002,125000 0008 S0011+B0001
D000066+S0017 000000000006,500000 000000000022,000000 000000000000,350000 000000000002,275000 0008 S0011+B0001
D000067+S0009 000000000019,000000 000000001029,000000 000000000000,125000 000000000002,375000 0008 S0011+B0001
D000067+S0017 000000000002,000000 000000000004,000000 000000000000,350000 000000000000,700000 0008 S0011+B0001
D000068+S0009 000000000006,500000 000000000452,000000 000000000000,125000 000000000000,812500 0008 S0011+B0001
D000068+S0017 000000000004,000000 000000000007,000000 000000000000,350000 000000000001,400000 0008 S0011+B0001
D000069+S0009 000000000005,500000 000000000437,000000 000000000000,125000 000000000000,687500 0008 S0011+B0001
D000070+S0009 000000000021,000000 000000000723,000000 000000000000,125000 000000000002,625000 0008 S0011+B0001
D000070+S0017 000000000002,000000 000000000004,000000 000000000000,350000 000000000000,700000 0008 S0011+B0001
D000072+S0009 000000000013,000000 000000000724,000000 000000000000,125000 000000000001,625000 0008 S0011+B0001
D000072+S0017 000000000002,000000 000000000006,000000 000000000000,350000 000000000000,700000 0008 S0011+B0001
D000073+S0009 000000000020,000000 000000000620,000000 000000000000,125000 000000000002,500000 0008 S0011+B0001
D000073+S0017 000000000006,000000 000000000013,000000 000000000000,350000 000000000002,100000 0008 S0011+B0001
D000074+S0009 000000000014,000000 000000000520,000000 000000000000,125000 000000000001,750000 0008 S0011+B0001
D000074+S0017 000000000003,500000 000000000007,000000 000000000000,350000 000000000001,225000 0008 S0011+B0001
D000071+S0009 000000000007,500000 000000000612,000000 000000000000,125000 000000000000,937500 0008 S0011+B0001
D000071+S0017 000000000003,500000 000000000004,000000 000000000000,350000 000000000001,225000 0008 S0011+B0001
D000075+S0004 000000000002,000000 000000000003,000000 000000000000,500000 000000000001,000000 0008 S0013+B0003
D000075+S0017 000000000000,500000 000000000004,000000 000000000000,350000 000000000000,175000 0008 S0013+B0003
D000076+S0004 000000000002,000000 000000000007,000000 000000000000,500000 000000000001,000000 0008 S0013+B0003
D000076+S0017 000000000003,000000 000000000016,000000 000000000000,350000 000000000001,050000 0008 S0013+B0003
D000077+S0004 000000000001,500000 000000000001,000000 000000000000,500000 000000000000,750000 0008 S0013+B0003
D000077+S0017 000000000002,000000 000000000008,000000 000000000000,350000 000000000000,700000 0008 S0013+B0003
D000078+S0004 000000000004,000000 000000000014,000000 000000000000,500000 000000000002,000000 0008 S0013+B0003
D000078+S0017 000000000001,000000 000000000003,000000 000000000000,350000 000000000000,350000 0008 S0013+B0003
D000079+S0004 000000000002,000000 000000000019,000000 000000000000,500000 000000000001,000000 0008 S0013+B0003
D000080+S0004 000000000004,200000 000000000003,000000 000000000000,500000 000000000002,100000 0008 S0013+B0003
D000080+S0017 000000000000,900000 000000000002,000000 000000000000,350000 000000000000,315000 0008 S0013+B0003
D000081+S0004 000000000008,500000 000000000030,000000 000000000000,500000 000000000004,250000 0008 S0013+B0003
D000081+S0017 000000000008,000000 000000000022,000000 000000000000,350000 000000000002,800000 0008 S0013+B0003
D000082+S0004 000000000006,000000 000000000020,000000 000000000000,500000 000000000003,000000 0008 S0013+B0003
D000082+S0017 000000000006,000000 000000000030,000000 000000000000,350000 000000000002,100000 0008 S0013+B0003
D000083+S0004 000000000007,000000 000000000015,000000 000000000000,500000 000000000003,500000 0008 S0013+B0003
D000083+S0017 000000000013,000000 000000000036,000000 000000000000,350000 000000000004,550000 0008 S0013+B0003
D000084+S0004 000000000004,500000 000000000014,000000 000000000000,500000 000000000002,250000 0008 S0013+B0003
D000084+S0017 000000000006,500000 000000000024,000000 000000000000,350000 000000000002,275000 0008 S0013+B0003
D000085+S0004 000000000011,000000 000000000014,000000 000000000000,500000 000000000005,500000 0008 S0013+B0003
D000085+S0017 000000000011,000000 000000000040,000000 000000000000,350000 000000000003,850000 0008 S0013+B0003
D000086+S0004 000000000010,500000 000000000010,000000 000000000000,500000 000000000005,250000 0008 S0013+B0003
D000087+S0004 000000000004,000000 000000000006,000000 000000000000,500000 000000000002,000000 0008 S0013+B0003
D000087+S0017 000000000004,000000 000000000001,000000 000000000000,350000 000000000001,400000 0008 S0013+B0003
D000088+S0004 000000000001,500000 000000000011,000000 000000000000,500000 000000000000,750000 0008 S0013+B0003
D000088+S0017 000000000003,000000 000000000005,000000 000000000000,350000 000000000001,050000 0008 S0013+B0003
D000089+S0004 000000000001,000000 000000000001,000000 000000000000,500000 000000000000,500000 0008 S0013+B0003
D000089+S0017 000000000004,000000 000000000002,000000 000000000000,350000 000000000001,400000 0008 S0013+B0003
D000090+S0004 000000000003,000000 000000000005,000000 000000000000,500000 000000000001,500000 0008 S0013+B0003
D000090+S0017 000000000002,000000 000000000003,000000 000000000000,350000 000000000000,700000 0008 S0013+B0003
D000091+S0001 000000000001,600000 000000000003,000000 000000000000,750000 000000000001,200000 0003 S0003+B0005
D000091+S0003 000000000002,000000 000000000004,000000 000000000000,300000 000000000000,600000 0003 S0003+B0005
D000091+S0007 000000000001,300000 000000000006,000000 000000000000,750000 000000000000,975000 0003 S0003+B0005
D000091+S0009 000000000004,900000 000000000045,000000 000000000000,750000 000000000003,675000 0003 S0003+B0005
D000091+S0011 000000000007,500000 000000000145,000000 000000000000,750000 000000000005,625000 0003 S0003+B0005
D000091+S0012 000000000000,900000 000000000001,000000 000000000000,750000 000000000000,675000 0003 S0003+B0005
D000091+S0014 000000000000,900000 000000000002,000000 000000000000,600000 000000000000,540000 0003 S0003+B0005
D000091+S0015 000000000000,300000 000000000006,000000 000000000000,000000 000000000000,000000 0003 S0003+B0005
D000091+S0019 000000000000,900000 000000000004,000000 000000000000,750000 000000000000,675000 0003 S0003+B0005
D000091+S0021 000000000002,000000 000000000003,000000 000000000000,750000 000000000001,500000 0003 S0003+B0005
D000092+S0011 000000000001,300000 000000000040,000000 000000000000,750000 000000000000,975000 0003 S0003+B0005
D000092+S0012 000000000002,500000 000000000002,000000 000000000000,750000 000000000001,875000 0003 S0003+B0005
D000092+S0021 000000000006,500000 000000000003,000000 000000000000,750000 000000000004,875000 0003 S0003+B0005
D000093+S0004 000000000001,500000 000000000003,000000 000000000000,300000 000000000000,450000 0003 S0003+B0005
D000093+S0009 000000000001,200000 000000000010,000000 000000000000,750000 000000000000,900000 0003 S0003+B0005
D000093+S0011 000000000001,900000 000000000025,000000 000000000000,750000 000000000001,425000 0003 S0003+B0005
D000093+S0012 000000000001,100000 000000000001,000000 000000000000,650000 000000000000,715000 0003 S0003+B0005
D000093+S0014 000000000003,000000 000000000006,000000 000000000000,750000 000000000002,250000 0003 S0003+B0005
D000093+S0018 000000000000,900000 000000000007,000000 000000000000,000000 000000000000,000000 0003 S0003+B0005
D000093+S0019 000000000001,800000 000000000006,000000 000000000000,000000 000000000000,000000 0003 S0003+B0005
D000093+S0021 000000000001,000000 000000000001,000000 000000000000,750000 000000000000,750000 0003 S0003+B0005
D000094+S0001 000000000001,900000 000000000003,000000 000000000000,750000 000000000001,425000 0003 S0003+B0005
D000094+S0004 000000000002,500000 000000000001,000000 000000000000,300000 000000000000,750000 0003 S0003+B0005
D000094+S0009 000000000001,900000 000000000015,000000 000000000000,750000 000000000001,425000 0003 S0003+B0005
D000094+S0011 000000000007,800000 000000000045,000000 000000000000,750000 000000000005,850000 0003 S0003+B0005
D000094+S0021 000000000002,500000 000000000002,000000 000000000000,750000 000000000001,875000 0003 S0003+B0005
D000095+S0004 000000000001,900000 000000000003,000000 000000000000,300000 000000000000,570000 0003 S0003+B0005
D000095+S0005 000000000001,500000 000000000007,000000 000000000000,750000 000000000001,125000 0003 S0003+B0005
D000095+S0007 000000000000,500000 000000000003,000000 000000000000,750000 000000000000,375000 0003 S0003+B0005
D000095+S0009 000000000010,500000 000000000197,000000 000000000000,750000 000000000007,875000 0003 S0003+B0005
D000095+S0011 000000000009,700000 000000000175,000000 000000000000,750000 000000000007,275000 0003 S0003+B0005
D000095+S0015 000000000001,900000 000000000010,000000 000000000000,000000 000000000000,000000 0003 S0003+B0005
D000095+S0019 000000000001,500000 000000000015,000000 000000000000,000000 000000000000,000000 0003 S0003+B0005
D000095+S0021 000000000001,000000 000000000001,000000 000000000000,750000 000000000000,750000 0003 S0003+B0005
D000096+S0001 000000000002,500000 000000000003,000000 000000000000,750000 000000000001,875000 0003 S0003+B0005
D000096+S0005 000000000000,900000 000000000004,000000 000000000000,750000 000000000000,675000 0003 S0003+B0005
D000096+S0006 000000000001,500000 000000000007,000000 000000000000,750000 000000000001,125000 0003 S0003+B0005
D000096+S0009 000000000001,900000 000000000025,000000 000000000000,750000 000000000001,425000 0003 S0003+B0005
D000096+S0011 000000000007,500000 000000000095,000000 000000000000,750000 000000000005,625000 0003 S0003+B0005
D000096+S0015 000000000006,200000 000000000045,000000 000000000000,000000 000000000000,000000 0003 S0003+B0005
D000096+S0019 000000000000,900000 000000000004,000000 000000000000,000000 000000000000,000000 0003 S0003+B0005
D000096+S0021 000000000002,900000 000000000003,000000 000000000000,750000 000000000002,175000 0003 S0003+B0005
D000097+S0001 000000000001,500000 000000000002,000000 000000000000,750000 000000000001,125000 0003 S0003+B0005
D000097+S0004 000000000003,100000 000000000007,000000 000000000000,300000 000000000000,930000 0003 S0003+B0005
D000097+S0009 000000000010,900000 000000000197,000000 000000000000,750000 000000000008,175000 0003 S0003+B0005
D000097+S0011 000000000005,900000 000000000075,000000 000000000000,750000 000000000004,425000 0003 S0003+B0005
D000097+S0014 000000000001,500000 000000000003,000000 000000000000,750000 000000000001,125000 0003 S0003+B0005
D000097+S0019 000000000000,700000 000000000006,000000 000000000000,750000 000000000000,525000 0003 S0003+B0005
D000097+S0021 000000000003,300000 000000000021,000000 000000000000,000000 000000000000,000000 0003 S0003+B0005
D000098+S0007 000000000000,300000 000000000002,000000 000000000000,750000 000000000000,225000 0003 S0003+B0002
D000098+S0008 000000000000,600000 000000000005,000000 000000000000,750000 000000000000,450000 0003 S0003+B0002
D000098+S0009 000000000001,500000 000000000004,000000 000000000000,750000 000000000001,125000 0003 S0003+B0002
D000098+S0013 000000000001,800000 000000000025,000000 000000000000,000000 000000000000,000000 0003 S0003+B0002
D000098+S0015 000000000000,900000 000000000009,000000 000000000000,000000 000000000000,000000 0003 S0003+B0002
D000099+S0003 000000000001,000000 000000000002,000000 000000000000,300000 000000000000,300000 0003 S0003+B0002
D000099+S0007 000000000000,900000 000000000004,000000 000000000000,750000 000000000000,675000 0003 S0003+B0002
D000099+S0008 000000000001,500000 000000000003,000000 000000000000,750000 000000000001,125000 0003 S0003+B0002
D000099+S0009 000000000005,500000 000000000008,000000 000000000000,750000 000000000004,125000 0003 S0003+B0002
D000099+S0019 000000000000,900000 000000000006,000000 000000000000,750000 000000000000,675000 0003 S0003+B0002
D000100+S0002 000000000002,000000 000000000002,000000 000000000000,750000 000000000001,500000 0003 S0003+B0002
D000100+S0003 000000000000,900000 000000000001,000000 000000000000,300000 000000000000,270000 0003 S0003+B0002
D000100+S0005 000000000000,800000 000000000004,000000 000000000000,750000 000000000000,600000 0003 S0003+B0002
D000100+S0007 000000000001,500000 000000000015,000000 000000000000,750000 000000000001,125000 0003 S0003+B0002
D000100+S0009 000000000003,700000 000000000035,000000 000000000000,750000 000000000002,775000 0003 S0003+B0002
D000100+S0011 000000000000,500000 000000000006,000000 000000000000,750000 000000000000,375000 0003 S0003+B0002
D000100+S0013 000000000000,900000 000000000015,000000 000000000000,000000 000000000000,000000 0003 S0003+B0002
D000101+S0008 000000000001,500000 000000000004,000000 000000000000,750000 000000000001,125000 0003 S0003+B0002
D000101+S0009 000000000004,800000 000000000025,000000 000000000000,750000 000000000003,600000 0003 S0003+B0002
D000101+S0011 000000000001,100000 000000000004,000000 000000000000,750000 000000000000,825000 0003 S0003+B0002
D000101+S0013 000000000001,600000 000000000057,000000 000000000000,000000 000000000000,000000 0003 S0003+B0002
D000101+S0015 000000000000,200000 000000000006,000000 000000000000,000000 000000000000,000000 0003 S0003+B0002
D000102+S0003 000000000001,500000 000000000002,000000 000000000000,300000 000000000000,450000 0003 S0003+B0002
D000102+S0007 000000000001,600000 000000000007,000000 000000000000,750000 000000000001,200000 0003 S0003+B0002
D000102+S0009 000000000011,600000 000000000025,000000 000000000000,750000 000000000008,700000 0003 S0003+B0002
D000102+S0011 000000000000,900000 000000000001,000000 000000000000,750000 000000000000,675000 0003 S0003+B0002
D000102+S0013 000000000000,600000 000000000010,000000 000000000000,750000 000000000000,450000 0003 S0003+B0002
D000102+S0015 000000000000,200000 000000000004,000000 000000000000,000000 000000000000,000000 0003 S0003+B0002
D000102+S0019 000000000000,900000 000000000004,000000 000000000000,000000 000000000000,000000 0003 S0003+B0002
D000103+S0005 000000000000,900000 000000000002,000000 000000000000,750000 000000000000,675000 0003 S0003+B0002
D000103+S0008 000000000001,100000 000000000003,000000 000000000000,750000 000000000000,825000 0003 S0003+B0002
D000103+S0009 000000000002,500000 000000000006,000000 000000000000,750000 000000000001,875000 0003 S0003+B0002
D000103+S0011 000000000000,500000 000000000002,000000 000000000000,750000 000000000000,375000 0003 S0003+B0002
D000103+S0017 000000000001,500000 000000000001,000000 000000000001,500000 000000000002,250000 0003 S0003+B0002
D000103+S0020 000000000001,100000 000000000002,000000 000000000000,750000 000000000000,825000 0003 S0003+B0002
D000104+S0003 000000000000,900000 000000000002,000000 000000000000,300000 000000000000,270000 0003 S0003+B0002
D000104+S0008 000000000001,900000 000000000007,000000 000000000000,750000 000000000001,425000 0003 S0003+B0002
D000104+S0009 000000000004,500000 000000000010,000000 000000000000,750000 000000000003,375000 0003 S0003+B0002
D000104+S0011 000000000000,900000 000000000002,000000 000000000000,750000 000000000000,675000 0003 S0003+B0002
D000104+S0013 000000000001,500000 000000000050,000000 000000000000,000000 000000000000,000000 0003 S0003+B0002
D000104+S0019 000000000001,100000 000000000009,000000 000000000000,750000 000000000000,825000 0003 S0003+B0002
D000105+S0001 000000000001,000000 000000000001,000000 000000000000,750000 000000000000,750000 0003 S0003+B0002
D000105+S0003 000000000001,000000 000000000002,000000 000000000000,300000 000000000000,300000 0003 S0003+B0002
D000105+S0009 000000000001,700000 000000000025,000000 000000000000,750000 000000000001,275000 0003 S0003+B0002
D000105+S0017 000000000001,500000 000000000001,000000 000000000001,500000 000000000002,250000 0003 S0003+B0002
D000106+S0007 000000000000,600000 000000000001,000000 000000000000,750000 000000000000,450000 0003 S0003+B0002
D000106+S0008 000000000000,900000 000000000007,000000 000000000000,750000 000000000000,675000 0003 S0003+B0002
D000106+S0009 000000000003,200000 000000000019,000000 000000000000,750000 000000000002,400000 0003 S0003+B0002
D000106+S0011 000000000001,200000 000000000009,000000 000000000000,750000 000000000000,900000 0003 S0003+B0002
D000106+S0013 000000000001,900000 000000000035,000000 000000000000,000000 000000000000,000000 0003 S0003+B0002
D000106+S0021 000000000000,200000 000000000010,000000 000000000000,000000 000000000000,000000 0003 S0003+B0002
D000107+S0004 000000000000,500000 000000000001,000000 000000000000,300000 000000000000,150000 0003 S0003+B0002
D000107+S0008 000000000000,700000 000000000004,000000 000000000000,750000 000000000000,525000 0003 S0003+B0002
D000107+S0009 000000000004,900000 000000000015,000000 000000000000,750000 000000000003,675000 0003 S0003+B0002
D000107+S0011 000000000000,700000 000000000004,000000 000000000000,750000 000000000000,525000 0003 S0003+B0002
D000107+S0013 000000000002,900000 000000000060,000000 000000000000,000000 000000000000,000000 0003 S0003+B0002
D000108+S0009 000000000007,900000 000000000037,000000 000000000000,750000 000000000005,925000 0003 S0003+B0002
D000108+S0011 000000000006,500000 000000000112,000000 000000000000,750000 000000000004,875000 0003 S0003+B0002
D000108+S0019 000000000001,500000 000000000010,000000 000000000000,000000 000000000000,000000 0003 S0003+B0002
D000108+S0021 000000000006,500000 000000000007,000000 000000000000,750000 000000000004,875000 0003 S0003+B0002
D000109+S0009 000000000004,900000 000000000039,000000 000000000000,750000 000000000003,675000 0003 S0003+B0002
D000109+S0011 000000000006,500000 000000000088,000000 000000000000,750000 000000000004,875000 0003 S0003+B0002
D000109+S0014 000000000000,900000 000000000002,000000 000000000000,000000 000000000000,000000 0003 S0003+B0002
D000109+S0015 000000000000,100000 000000000007,000000 000000000000,000000 000000000000,000000 0003 S0003+B0002
D000110+S0001 000000000000,600000 000000000001,000000 000000000000,750000 000000000000,450000 0003 S0003+B0001
D000110+S0005 000000000001,000000 000000000002,000000 000000000000,750000 000000000000,750000 0003 S0003+B0001
D000110+S0006 000000000001,500000 000000000004,000000 000000000000,750000 000000000001,125000 0003 S0003+B0001
D000110+S0009 000000000000,700000 000000000002,000000 000000000000,750000 000000000000,525000 0003 S0003+B0001
D000110+S0011 000000000004,500000 000000000012,000000 000000000000,750000 000000000003,375000 0003 S0003+B0001
D000110+S0018 000000000000,900000 000000000002,000000 000000000000,000000 000000000000,000000 0003 S0003+B0001
D000110+S0019 000000000005,500000 000000000007,000000 000000000000,750000 000000000004,125000 0003 S0003+B0001
D000110+S0020 000000000001,200000 000000000004,000000 000000000000,750000 000000000000,900000 0003 S0003+B0001
D000111+S0002 000000000004,500000 000000000003,000000 000000000000,750000 000000000003,375000 0003 S0003+B0001
D000111+S0004 000000000001,500000 000000000002,000000 000000000000,300000 000000000000,450000 0003 S0003+B0001
D000111+S0006 000000000001,900000 000000000004,000000 000000000000,750000 000000000001,425000 0003 S0003+B0001
D000111+S0008 000000000002,000000 000000000002,000000 000000000000,750000 000000000001,500000 0003 S0003+B0001
D000111+S0009 000000000001,900000 000000000003,000000 000000000000,750000 000000000001,425000 0003 S0003+B0001
D000111+S0016 000000000001,500000 000000000002,000000 000000000000,750000 000000000001,125000 0003 S0003+B0001
D000111+S0018 000000000000,500000 000000000001,000000 000000000000,000000 000000000000,000000 0003 S0003+B0001
D000112+S0002 000000000003,000000 000000000003,000000 000000000000,750000 000000000002,250000 0003 S0003+B0001
D000112+S0007 000000000001,500000 000000000002,000000 000000000000,750000 000000000001,125000 0003 S0003+B0001
D000112+S0011 000000000003,500000 000000000004,000000 000000000000,750000 000000000002,625000 0003 S0003+B0001
D000113+S0002 000000000002,000000 000000000002,000000 000000000000,750000 000000000001,500000 0003 S0003+B0001
D000113+S0005 000000000001,500000 000000000003,000000 000000000000,750000 000000000001,125000 0003 S0003+B0001
D000113+S0007 000000000003,500000 000000000004,000000 000000000000,750000 000000000002,625000 0003 S0003+B0001
D000113+S0011 000000000001,500000 000000000002,000000 000000000000,750000 000000000001,125000 0003 S0003+B0001
D000113+S0016 000000000001,500000 000000000003,000000 000000000000,000000 000000000000,000000 0003 S0003+B0001
D000114+S0005 000000000000,800000 000000000001,000000 000000000000,750000 000000000000,600000 0003 S0003+B0001
D000114+S0006 000000000001,500000 000000000006,000000 000000000000,750000 000000000001,125000 0003 S0003+B0001
D000114+S0007 000000000002,500000 000000000004,000000 000000000000,750000 000000000001,875000 0003 S0003+B0001
D000114+S0009 000000000000,900000 000000000002,000000 000000000000,750000 000000000000,675000 0003 S0003+B0001
D000114+S0011 000000000001,500000 000000000004,000000 000000000000,750000 000000000001,125000 0003 S0003+B0001
D000114+S0016 000000000001,100000 000000000002,000000 000000000000,750000 000000000000,825000 0003 S0003+B0001
D000114+S0018 000000000000,900000 000000000004,000000 000000000000,000000 000000000000,000000 0003 S0003+B0001
D000115+S0005 000000000000,800000 000000000001,000000 000000000000,750000 000000000000,600000 0003 S0003+B0001
D000115+S0006 000000000001,500000 000000000006,000000 000000000000,750000 000000000001,125000 0003 S0003+B0001
D000115+S0007 000000000002,500000 000000000004,000000 000000000000,750000 000000000001,875000 0003 S0003+B0001
D000115+S0009 000000000000,900000 000000000002,000000 000000000000,750000 000000000000,675000 0003 S0003+B0001
D000115+S0011 000000000001,500000 000000000004,000000 000000000000,750000 000000000001,125000 0003 S0003+B0001
D000115+S0016 000000000001,100000 000000000002,000000 000000000000,750000 000000000000,825000 0003 S0003+B0001
D000115+S0018 000000000000,900000 000000000004,000000 000000000000,000000 000000000000,000000 0003 S0003+B0001
D000116+S0005 000000000001,000000 000000000001,000000 000000000000,750000 000000000000,750000 0003 S0003+B0001
D000116+S0006 000000000005,600000 000000000007,000000 000000000000,750000 000000000004,200000 0003 S0003+B0001
D000116+S0007 000000000001,900000 000000000002,000000 000000000000,750000 000000000001,425000 0003 S0003+B0001
D000116+S0011 000000000001,900000 000000000003,000000 000000000000,750000 000000000001,425000 0003 S0003+B0001
D000116+S0018 000000000001,400000 000000000005,000000 000000000000,750000 000000000001,050000 0003 S0003+B0001
D000117+S0005 000000000001,200000 000000000006,000000 000000000000,750000 000000000000,900000 0003 S0003+B0001
D000117+S0006 000000000002,100000 000000000008,000000 000000000000,750000 000000000001,575000 0003 S0003+B0001
D000117+S0011 000000000001,800000 000000000004,000000 000000000000,750000 000000000001,350000 0003 S0003+B0001
D000118+S0002 000000000001,000000 000000000001,000000 000000000000,750000 000000000000,750000 0003 S0003+B0001
D000118+S0005 000000000001,900000 000000000002,000000 000000000000,750000 000000000001,425000 0003 S0003+B0001
D000118+S0007 000000000005,900000 000000000010,000000 000000000000,750000 000000000004,425000 0003 S0003+B0001
D000118+S0011 000000000001,500000 000000000003,000000 000000000000,750000 000000000001,125000 0003 S0003+B0001
D000119+S0002 000000000002,500000 000000000002,000000 000000000000,000000 000000000000,000000 0003 S0003+B0001
D000119+S0007 000000000001,500000 000000000002,000000 000000000000,750000 000000000001,125000 0003 S0003+B0001
D000119+S0009 000000000000,600000 000000000002,000000 000000000000,750000 000000000000,450000 0003 S0003+B0001
D000119+S0011 000000000001,900000 000000000004,000000 000000000000,750000 000000000001,425000 0003 S0003+B0001
D000120+S0009 000000000001,500000 000000000145,000000 000000000000,200000 000000000000,300000 0006 S0009+B0005
D000122+S0009 000000000001,000000 000000000063,000000 000000000000,200000 000000000000,200000 0006 S0009+B0005
D000123+S0009 000000000001,500000 000000000102,000000 000000000000,200000 000000000000,300000 0006 S0009+B0005
D000124+S0009 000000000002,500000 000000000248,000000 000000000000,200000 000000000000,500000 0006 S0009+B0005
D000121+S0009 000000000002,500000 000000000222,000000 000000000000,200000 000000000000,500000 0006 S0009+B0005
D000125+S0009 000000000001,500000 000000000137,000000 000000000000,200000 000000000000,300000 0006 S0009+B0005
D000126+S0009 000000000001,500000 000000000132,000000 000000000000,200000 000000000000,300000 0006 S0009+B0005
D000127+S0009 000000000001,500000 000000000121,000000 000000000000,200000 000000000000,300000 0006 S0009+B0005
D000128+S0009 000000000002,500000 000000000180,000000 000000000000,200000 000000000000,500000 0006 S0009+B0005
D000129+S0009 000000000012,000000 000000001008,000000 000000000000,200000 000000000002,400000 0006 S0009+B0005
D000130+S0009 000000000004,000000 000000000354,000000 000000000000,200000 000000000000,800000 0006 S0009+B0005
D000131+S0009 000000000003,500000 000000000295,000000 000000000000,200000 000000000000,700000 0006 S0009+B0005
D000132+S0009 000000000003,000000 000000000205,000000 000000000000,200000 000000000000,600000 0006 S0009+B0005
D000133+S0009 000000000003,500000 000000000408,000000 000000000000,200000 000000000000,700000 0006 S0009+B0005
D000134+S0009 000000000002,500000 000000000223,000000 000000000000,200000 000000000000,500000 0006 S0009+B0005
D000135+S0009 000000000004,000000 000000000348,000000 000000000000,200000 000000000000,800000 0006 S0009+B0005
