D000001+S0006 000000000000,600000 000000000001,000000 000000000000,000000 000000000000,000000 0003 S0003+B0005
D000001+S0009 000000000003,100000 000000000016,000000 000000000000,750000 000000000002,325000 0003 S0003+B0005
D000001+S0011 000000000005,000000 000000000165,000000 000000000000,350000 000000000001,750000 0003 S0003+B0005
D000001+S0015 000000000000,800000 000000000005,000000 000000000000,000000 000000000000,000000 0003 S0003+B0005
D000001+S0018 000000000000,090000 000000000001,000000 000000000000,000000 000000000000,000000 0003 S0003+B0005
D000002+S0005 000000000003,000000 000000000006,000000 000000000000,000000 000000000000,000000 0003 S0003+B0005
D000002+S0008 000000000001,500000 000000000010,000000 000000000000,000000 000000000000,000000 0003 S0003+B0005
D000002+S0009 000000000004,700000 000000000025,000000 000000000000,750000 000000000003,525000 0003 S0003+B0005
D000002+S0011 000000000007,500000 000000000078,000000 000000000000,350000 000000000002,625000 0003 S0003+B0005
D000002+S0018 000000000002,000000 000000000015,000000 000000000000,000000 000000000000,000000 0003 S0003+B0005
D000002+S0021 000000000003,000000 000000000005,000000 000000000000,000000 000000000000,000000 0003 S0003+B0005
D000003+S0005 000000000000,600000 000000000001,000000 000000000000,000000 000000000000,000000 0003 S0003+B0005
D000003+S0011 000000000005,000000 000000000165,000000 000000000000,000000 000000000000,000000 0003 S0003+B0005
D000003+S0021 000000000000,500000 000000000010,000000 000000000000,000000 000000000000,000000 0003 S0003+B0005
D000004+S0005 000000000000,500000 000000000001,000000 000000000000,000000 000000000000,000000 0003 S0003+B0005
D000004+S0009 000000000003,500000 000000000014,000000 000000000000,750000 000000000002,625000 0003 S0003+B0005
D000004+S0015 000000000000,100000 000000000005,000000 000000000000,000000 000000000000,000000 0003 S0003+B0005
D000004+S0018 000000000000,070000 000000000001,000000 000000000000,000000 000000000000,000000 0003 S0003+B0005
D000004+S0019 000000000000,080000 000000000002,000000 000000000000,000000 000000000000,000000 0003 S0003+B0005
D000005+S0001 000000000001,000000 000000000002,000000 000000000000,750000 000000000000,750000 0003 S0003+B0002
D000005+S0005 000000000001,000000 000000000010,000000 000000000000,450000 000000000000,450000 0003 S0003+B0002
D000005+S0009 000000000001,500000 000000000037,000000 000000000000,750000 000000000001,125000 0003 S0003+B0002
D000005+S0011 000000000000,500000 000000000003,000000 000000000000,350000 000000000000,175000 0003 S0003+B0002
D000005+S0013 000000000001,500000 000000000025,000000 000000000000,000000 000000000000,000000 0003 S0003+B0002
D000005+S0014 000000000001,500000 000000000003,000000 000000000000,000000 000000000000,000000 0003 S0003+B0002
D000005+S0021 000000000000,700000 000000000010,000000 000000000000,000000 000000000000,000000 0003 S0003+B0002
D000006+S0004 000000000002,000000 000000000006,000000 000000000000,350000 000000000000,700000 0003 S0003+B0002
D000006+S0007 000000000000,500000 000000000002,000000 000000000000,000000 000000000000,000000 0003 S0003+B0002
D000006+S0008 000000000005,500000 000000000007,000000 000000000000,450000 000000000002,475000 0003 S0003+B0002
D000006+S0009 000000000010,500000 000000000027,000000 000000000000,750000 000000000007,875000 0003 S0003+B0002
D000006+S0011 000000000001,500000 000000000003,000000 000000000000,350000 000000000000,525000 0003 S0003+B0002
D000006+S0013 000000000004,000000 000000000045,000000 000000000000,000000 000000000000,000000 0003 S0003+B0002
D000006+S0018 000000000000,800000 000000000003,000000 000000000000,000000 000000000000,000000 0003 S0003+B0002
D000007+S0004 000000000000,800000 000000000002,000000 000000000000,350000 000000000000,280000 0003 S0003+B0002
D000007+S0005 000000000000,800000 000000000009,000000 000000000000,000000 000000000000,000000 0003 S0003+B0002
D000007+S0009 000000000001,000000 000000000040,000000 000000000000,000000 000000000000,000000 0003 S0003+B0002
D000007+S0011 000000000000,400000 000000000006,000000 000000000000,000000 000000000000,000000 0003 S0003+B0002
D000007+S0013 000000000000,025000 000000000012,000000 000000000000,000000 000000000000,000000 0003 S0003+B0002
D000007+S0018 000000000000,050000 000000000009,000000 000000000000,000000 000000000000,000000 0003 S0003+B0002
D000007+S0019 000000000000,010000 000000000001,000000 000000000000,000000 000000000000,000000 0003 S0003+B0002
D000007+S0021 000000000000,010000 000000000001,000000 000000000000,000000 000000000000,000000 0003 S0003+B0002
D000008+S0005 000000000000,500000 000000000001,000000 000000000000,000000 000000000000,000000 0003 S0003+B0002
D000008+S0018 000000000002,000000 000000000003,000000 000000000000,000000 000000000000,000000 0003 S0003+B0002
D000008+S0019 000000000000,200000 000000000001,000000 000000000000,000000 000000000000,000000 0003 S0003+B0002
D000008+S0021 000000000002,700000 000000000005,000000 000000000000,000000 000000000000,000000 0003 S0003+B0002
D000009+S0006 000000000000,500000 000000000002,000000 000000000000,750000 000000000000,375000 0003 S0003+B0002
D000009+S0008 000000000000,700000 000000000008,000000 000000000000,350000 000000000000,245000 0003 S0003+B0002
D000009+S0009 000000000001,750000 000000000017,000000 000000000000,650000 000000000001,137500 0003 S0003+B0002
D000010+S0004 000000000001,500000 000000000003,000000 000000000000,000000 000000000000,000000 0003 S0003+B0002
D000010+S0009 000000000006,500000 000000000029,000000 000000000000,000000 000000000000,000000 0003 S0003+B0002
D000010+S0011 000000000000,900000 000000000004,000000 000000000000,000000 000000000000,000000 0003 S0003+B0002
D000010+S0013 000000000001,000000 000000000025,000000 000000000000,000000 000000000000,000000 0003 S0003+B0002
D000010+S0018 000000000002,500000 000000000045,000000 000000000000,000000 000000000000,000000 0003 S0003+B0002
D000011+S0001 000000000000,100000 000000000001,000000 000000000000,000000 000000000000,000000 0003 S0003+B0001
D000011+S0006 000000000000,700000 000000000002,000000 000000000000,000000 000000000000,000000 0003 S0003+B0001
D000011+S0009 000000000007,000000 000000000039,000000 000000000000,000000 000000000000,000000 0003 S0003+B0001
D000011+S0011 000000000002,500000 000000000010,000000 000000000000,000000 000000000000,000000 0003 S0003+B0001
D000011+S0021 000000000000,100000 000000000001,000000 000000000000,000000 000000000000,000000 0003 S0003+B0001
D000012+S0008 000000000000,200000 000000000002,000000 000000000000,000000 000000000000,000000 0003 S0003+B0001
D000012+S0009 000000000002,000000 000000000027,000000 000000000000,000000 000000000000,000000 0003 S0003+B0001
D000012+S0011 000000000000,300000 000000000002,000000 000000000000,000000 000000000000,000000 0003 S0003+B0001
D000012+S0018 000000000001,500000 000000000004,000000 000000000000,000000 000000000000,000000 0003 S0003+B0001
D000012+S0021 000000000000,500000 000000000007,000000 000000000000,000000 000000000000,000000 0003 S0003+B0001
D000013+S0007 000000000000,700000 000000000001,000000 000000000000,000000 000000000000,000000 0003 S0003+B0001
D000013+S0008 000000000000,600000 000000000003,000000 000000000000,000000 000000000000,000000 0003 S0003+B0001
D000013+S0009 000000000002,000000 000000000033,000000 000000000000,000000 000000000000,000000 0003 S0003+B0001
D000013+S0018 000000000000,700000 000000000001,000000 000000000000,000000 000000000000,000000 0003 S0003+B0001
D000013+S0019 000000000000,600000 000000000002,000000 000000000000,000000 000000000000,000000 0003 S0003+B0001
D000013+S0021 000000000000,600000 000000000004,000000 000000000000,000000 000000000000,000000 0003 S0003+B0001
D000014+S0008 000000000003,500000 000000000006,000000 000000000000,000000 000000000000,000000 0003 S0003+B0001
D000014+S0009 000000000001,020000 000000000008,000000 000000000000,000000 000000000000,000000 0003 S0003+B0001
D000014+S0011 000000000000,900000 000000000018,000000 000000000000,000000 000000000000,000000 0003 S0003+B0001
D000014+S0015 000000000000,500000 000000000003,000000 000000000000,000000 000000000000,000000 0003 S0003+B0001
D000014+S0021 000000000000,500000 000000000003,000000 000000000000,000000 000000000000,000000 0003 S0003+B0001
D000015+S0005 000000000001,500000 000000000002,000000 000000000000,000000 000000000000,000000 0003 S0003+B0001
D000015+S0007 000000000000,500000 000000000001,000000 000000000000,000000 000000000000,000000 0003 S0003+B0001
D000015+S0008 000000000000,150000 000000000001,000000 000000000000,000000 000000000000,000000 0003 S0003+B0001
D000015+S0009 000000000000,800000 000000000001,000000 000000000000,000000 000000000000,000000 0003 S0003+B0001
D000015+S0013 000000000000,800000 000000000001,000000 000000000000,000000 000000000000,000000 0003 S0003+B0001
D000015+S0018 000000000003,000000 000000000014,000000 000000000000,000000 000000000000,000000 0003 S0003+B0001
D000015+S0019 000000000000,800000 000000000001,000000 000000000000,000000 000000000000,000000 0003 S0003+B0001
D000016+S0005 000000000002,500000 000000000003,000000 000000000000,750000 000000000001,875000 0003 S0003+B0001
D000016+S0011 000000000003,700000 000000000035,000000 000000000000,750000 000000000002,775000 0003 S0003+B0001
D000016+S0018 000000000002,500000 000000000020,000000 000000000000,850000 000000000002,125000 0003 S0003+B0001
D000017+S0007 000000000001,000000 000000000005,000000 000000000000,000000 000000000000,000000 0003 S0003+B0001
D000017+S0009 000000000003,500000 000000000024,000000 000000000000,000000 000000000000,000000 0003 S0003+B0001
D000017+S0011 000000000000,500000 000000000002,000000 000000000000,000000 000000000000,000000 0003 S0003+B0001
D000017+S0018 000000000000,400000 000000000002,000000 000000000000,000000 000000000000,000000 0003 S0003+B0001
D000018+S0001 000000000001,500000 000000000002,000000 000000000000,000000 000000000000,000000 0003 S0003+B0001
D000018+S0004 000000000007,500000 000000000004,000000 000000000000,000000 000000000000,000000 0003 S0003+B0001
D000018+S0007 000000000004,000000 000000000003,000000 000000000000,000000 000000000000,000000 0003 S0003+B0001
D000018+S0009 000000000003,500000 000000000009,000000 000000000000,000000 000000000000,000000 0003 S0003+B0001
D000018+S0011 000000000004,500000 000000000010,000000 000000000000,000000 000000000000,000000 0003 S0003+B0001
D000018+S0018 000000000005,500000 000000000012,000000 000000000000,000000 000000000000,000000 0003 S0003+B0001
D000018+S0019 000000000001,500000 000000000002,000000 000000000000,000000 000000000000,000000 0003 S0003+B0001
D000018+S0021 000000000001,000000 000000000010,000000 000000000000,000000 000000000000,000000 0003 S0003+B0001
D000019+S0001 000000000002,700000 000000000004,000000 000000000000,750000 000000000002,025000 0003 S0003+B0001
D000019+S0008 000000000001,000000 000000000008,000000 000000000000,450000 000000000000,450000 0003 S0003+B0001
D000019+S0009 000000000002,700000 000000000025,000000 000000000000,750000 000000000002,025000 0003 S0003+B0001
D000019+S0011 000000000001,700000 000000000003,000000 000000000000,750000 000000000001,275000 0003 S0003+B0001
D000019+S0021 000000000001,500000 000000000025,000000 000000000000,450000 000000000000,675000 0003 S0003+B0001
D000020+S0001 000000000001,000000 000000000002,000000 000000000000,750000 000000000000,750000 0003 S0003+B0001
D000021+S0018 000000000001,000000 000000000004,000000 000000000000,000000 000000000000,000000 0003 S0003+B0001
D000022+S0001 000000000000,500000 000000000001,000000 000000000000,000000 000000000000,000000 0003 S0003+B0001
D000022+S0007 000000000001,500000 000000000003,000000 000000000000,000000 000000000000,000000 0003 S0003+B0001
D000022+S0011 000000000002,500000 000000000005,000000 000000000000,000000 000000000000,000000 0003 S0003+B0001
D000023+S0005 000000000002,000000 000000000004,000000 000000000000,350000 000000000000,700000 0003 S0003+B0001
D000023+S0007 000000000000,400000 000000000001,000000 000000000000,000000 000000000000,000000 0003 S0003+B0001
D000023+S0009 000000000002,000000 000000000007,000000 000000000000,000000 000000000000,000000 0003 S0003+B0001
D000023+S0011 000000000002,500000 000000000008,000000 000000000000,000000 000000000000,000000 0003 S0003+B0001
D000023+S0018 000000000002,500000 000000000007,000000 000000000000,000000 000000000000,000000 0003 S0003+B0001
D000023+S0019 000000000000,400000 000000000002,000000 000000000000,000000 000000000000,000000 0003 S0003+B0001
D000024+S0009 000000000002,500000 000000000017,000000 000000000000,000000 000000000000,000000 0003 S0003+B0001
D000024+S0011 000000000003,000000 000000000051,000000 000000000000,000000 000000000000,000000 0003 S0003+B0001
D000024+S0015 000000000000,300000 000000000001,000000 000000000000,000000 000000000000,000000 0003 S0003+B0001
D000024+S0018 000000000001,000000 000000000006,000000 000000000000,000000 000000000000,000000 0003 S0003+B0001
D000024+S0019 000000000000,900000 000000000003,000000 000000000000,000000 000000000000,000000 0003 S0003+B0001
D000020+S0011 000000000001,700000 000000000002,000000 000000000000,750000 000000000001,275000 0003 S0003+B0001
D000020+S0013 000000000000,600000 000000000015,000000 000000000000,000000 000000000000,000000 0003 S0003+B0001
D000020+S0020 000000000001,000000 000000000001,000000 000000000000,500000 000000000000,500000 0003 S0003+B0001
D000020+S0021 000000000000,900000 000000000006,000000 000000000000,000000 000000000000,000000 0003 S0003+B0001
D000021+S0007 000000000001,000000 000000000003,000000 000000000000,000000 000000000000,000000 0003 S0003+B0001
D000021+S0009 000000000002,500000 000000000004,000000 000000000000,750000 000000000001,875000 0003 S0003+B0001
D000021+S0011 000000000003,000000 000000000013,000000 000000000000,000000 000000000000,000000 0003 S0003+B0001
D000025+S0006 000000000001,500000 000000000001,000000 000000000000,000000 000000000000,000000 0004 S0004+B0002
D000025+S0011 000000000001,500000 000000000034,000000 000000000000,000000 000000000000,000000 0004 S0004+B0002
D000025+S0018 000000000002,000000 000000000017,000000 000000000000,000000 000000000000,000000 0004 S0004+B0002
D000026+S0018 000000000003,000000 000000000023,000000 000000000000,000000 000000000000,000000 0004 S0004+B0002
D000027+S0004 000000000008,000000 000000000003,000000 000000000000,000000 000000000000,000000 0004 S0004+B0002
D000027+S0011 000000000004,500000 000000000021,000000 000000000000,000000 000000000000,000000 0004 S0004+B0002
D000027+S0018 000000000003,500000 000000000017,000000 000000000000,000000 000000000000,000000 0004 S0004+B0002
D000028+S0008 000000000000,500000 000000000002,000000 000000000000,000000 000000000000,000000 0004 S0004+B0002
D000028+S0009 000000000000,400000 000000000003,000000 000000000000,000000 000000000000,000000 0004 S0004+B0002
D000028+S0011 000000000001,900000 000000000008,000000 000000000000,000000 000000000000,000000 0004 S0004+B0002
D000028+S0018 000000000000,700000 000000000004,000000 000000000000,000000 000000000000,000000 0004 S0004+B0002
D000029+S0011 000000000001,700000 000000000018,000000 000000000000,000000 000000000000,000000 0004 S0004+B0002
D000029+S0018 000000000001,800000 000000000007,000000 000000000000,000000 000000000000,000000 0004 S0004+B0002
D000030+S0008 000000000001,800000 000000000012,000000 000000000000,000000 000000000000,000000 0004 S0004+B0002
D000030+S0009 000000000001,500000 000000000008,000000 000000000000,000000 000000000000,000000 0004 S0004+B0002
D000030+S0017 000000000000,800000 000000000003,000000 000000000000,000000 000000000000,000000 0004 S0004+B0002
D000031+S0004 000000000002,100000 000000000017,000000 000000000000,000000 000000000000,000000 0004 S0004+B0002
D000031+S0009 000000000001,900000 000000000022,000000 000000000000,000000 000000000000,000000 0004 S0004+B0002
D000031+S0012 000000000001,500000 000000000002,000000 000000000000,000000 000000000000,000000 0004 S0004+B0002
D000031+S0018 000000000003,500000 000000000010,000000 000000000000,000000 000000000000,000000 0004 S0004+B0002
D000031+S0021 000000000003,000000 000000000002,000000 000000000000,000000 000000000000,000000 0004 S0004+B0002
D000032+S0003 000000000000,350000 000000000002,000000 000000000000,000000 000000000000,000000 0004 S0004+B0002
D000032+S0009 000000000002,400000 000000000024,000000 000000000000,000000 000000000000,000000 0004 S0004+B0002
D000032+S0021 000000000007,200000 000000000007,000000 000000000000,000000 000000000000,000000 0004 S0004+B0002
D000033+S0008 000000000002,500000 000000000007,000000 000000000000,000000 000000000000,000000 0004 S0004+B0002
D000033+S0009 000000000004,500000 000000000011,000000 000000000000,000000 000000000000,000000 0004 S0004+B0002
D000033+S0018 000000000003,100000 000000000017,000000 000000000000,000000 000000000000,000000 0004 S0004+B0002
D000034+S0008 000000000000,700000 000000000003,000000 000000000000,000000 000000000000,000000 0004 S0004+B0002
D000034+S0009 000000000001,100000 000000000006,000000 000000000000,000000 000000000000,000000 0004 S0004+B0002
D000034+S0011 000000000003,500000 000000000061,000000 000000000000,000000 000000000000,000000 0004 S0004+B0002
D000035+S0008 000000000002,500000 000000000007,000000 000000000000,000000 000000000000,000000 0004 S0004+B0002
D000035+S0011 000000000004,500000 000000000028,000000 000000000000,000000 000000000000,000000 0004 S0004+B0002
D000035+S0018 000000000010,100000 000000000067,000000 000000000000,000000 000000000000,000000 0004 S0004+B0002
D000035+S0021 000000000004,500000 000000000003,000000 000000000000,000000 000000000000,000000 0004 S0004+B0002
D000036+S0009 000000000002,500000 000000000012,000000 000000000000,000000 000000000000,000000 0004 S0004+B0002
D000036+S0011 000000000003,500000 000000000063,000000 000000000000,000000 000000000000,000000 0004 S0004+B0002
D000037+S0005 000000000001,100000 000000000002,000000 000000000000,000000 000000000000,000000 0004 S0004+B0001
D000037+S0008 000000000000,500000 000000000001,000000 000000000000,000000 000000000000,000000 0004 S0004+B0001
D000037+S0009 000000000000,450000 000000000006,000000 000000000000,000000 000000000000,000000 0004 S0004+B0001
D000037+S0012 000000000002,100000 000000000019,000000 000000000000,000000 000000000000,000000 0004 S0004+B0001
D000038+S0008 000000000001,500000 000000000003,000000 000000000000,000000 000000000000,000000 0004 S0004+B0001
D000038+S0011 000000000005,200000 000000000012,000000 000000000000,000000 000000000000,000000 0004 S0004+B0001
D000039+S0004 000000000001,100000 000000000002,000000 000000000000,000000 000000000000,000000 0004 S0004+B0001
D000039+S0009 000000000001,500000 000000000007,000000 000000000000,000000 000000000000,000000 0004 S0004+B0001
D000039+S0011 000000000002,600000 000000000013,000000 000000000000,000000 000000000000,000000 0004 S0004+B0001
D000040+S0008 000000000003,200000 000000000004,000000 000000000000,000000 000000000000,000000 0004 S0004+B0001
D000040+S0011 000000000005,200000 000000000019,000000 000000000000,000000 000000000000,000000 0004 S0004+B0001
D000041+S0011 000000000020,000000 000000000070,000000 000000000000,200000 000000000004,000000 0004 S0005+B0005
D000042+S0011 000000000030,000000 000000000095,000000 000000000000,200000 000000000006,000000 0004 S0005+B0005
D000043+S0003 000000000010,000000 000000000075,000000 000000000000,500000 000000000005,000000 0004 S0005+B0005
D000044+S0002 000000000003,000000 000000000001,000000 000000000000,500000 000000000001,500000 0004 S0005+B0005
D000044+S0017 000000000005,000000 000000000001,000000 000000000001,000000 000000000005,000000 0004 S0005+B0005
D000045+S0006 000000000001,000000 000000000001,000000 000000000000,500000 000000000000,500000 0004 S0005+B0001
D000045+S0008 000000000002,000000 000000000001,000000 000000000000,300000 000000000000,600000 0004 S0005+B0001
D000046+S0012 000000000003,000000 000000000003,000000 000000000000,250000 000000000000,750000 0004 S0005+B0001
D000046+S0017 000000000003,000000 000000000001,000000 000000000001,000000 000000000003,000000 0004 S0005+B0001
D000047+S0011 000000000001,000000 000000000075,000000 000000000000,250000 000000000000,250000 0004 S0005+B0001
D000047+S0018 000000000002,000000 000000000003,000000 000000000000,400000 000000000000,800000 0004 S0005+B0001
D000048+S0021 000000000040,000000 000000000056,000000 000000000000,250000 000000000010,000000 0004 S0005+B0001
D000049+S0005 000000000001,500000 000000000001,000000 000000000000,500000 000000000000,750000 0004 S0005+B0003
D000050+S0017 000000000002,000000 000000000001,000000 000000000001,000000 000000000002,000000 0004 S0005+B0003
D000051+S0003 000000000003,000000 000000000001,000000 000000000000,500000 000000000001,500000 0004 S0005+B0003
D000051+S0011 000000000004,000000 000000000002,000000 000000000000,500000 000000000002,000000 0004 S0005+B0003
D000052+S0009 000000000001,500000 000000000002,000000 000000000000,350000 000000000000,525000 0004 S0005+B0003
D000052+S0011 000000000001,500000 000000000001,000000 000000000000,750000 000000000001,125000 0004 S0005+B0003
D000053+S0011 000000000004,500000 000000000009,000000 000000000000,000000 000000000000,000000 0005 S0007+B0001
D000054+S0011 000000000004,500000 000000000011,000000 000000000000,000000 000000000000,000000 0005 S0007+B0001
D000054+S0018 000000000002,500000 000000000005,000000 000000000000,000000 000000000000,000000 0005 S0007+B0001
D000055+S0011 000000000003,000000 000000000011,000000 000000000000,000000 000000000000,000000 0005 S0007+B0001
D000055+S0015 000000000001,500000 000000000007,000000 000000000000,000000 000000000000,000000 0005 S0007+B0001
D000055+S0018 000000000000,500000 000000000008,000000 000000000000,000000 000000000000,000000 0005 S0007+B0001
D000056+S0003 000000000006,500000 000000000001,000000 000000000000,000000 000000000000,000000 0005 S0007+B0001
D000056+S0011 000000000003,000000 000000000032,000000 000000000000,000000 000000000000,000000 0005 S0007+B0001
D000056+S0018 000000000001,000000 000000000012,000000 000000000000,000000 000000000000,000000 0005 S0007+B0001
D000057+S0011 000000000001,500000 000000000003,000000 000000000000,000000 000000000000,000000 0005 S0007+B0001
D000070+S0011 000000000005,000000 000000000007,000000 000000000000,000000 000000000000,000000 0005 S0007+B0001
D000057+S0018 000000000000,500000 000000000002,000000 000000000000,000000 000000000000,000000 0005 S0007+B0001
D000058+S0011 000000000002,000000 000000000005,000000 000000000000,000000 000000000000,000000 0005 S0007+B0001
D000058+S0018 000000000001,500000 000000000003,000000 000000000000,000000 000000000000,000000 0005 S0007+B0001
D000059+S0011 000000000001,500000 000000000006,000000 000000000000,000000 000000000000,000000 0005 S0007+B0001
D000059+S0018 000000000000,500000 000000000003,000000 000000000000,000000 000000000000,000000 0005 S0007+B0001
D000060+S0011 000000000002,000000 000000000005,000000 000000000000,000000 000000000000,000000 0005 S0007+B0001
D000060+S0018 000000000000,500000 000000000002,000000 000000000000,000000 000000000000,000000 0005 S0007+B0001
D000061+S0008 000000000001,000000 000000000002,000000 000000000000,000000 000000000000,000000 0005 S0007+B0001
D000061+S0011 000000000002,000000 000000000003,000000 000000000000,000000 000000000000,000000 0005 S0007+B0001
D000062+S0011 000000000002,500000 000000000005,000000 000000000000,000000 000000000000,000000 0005 S0007+B0001
D000063+S0007 000000000001,750000 000000000002,000000 000000000000,000000 000000000000,000000 0005 S0007+B0001
D000063+S0011 000000000000,500000 000000000002,000000 000000000000,000000 000000000000,000000 0005 S0007+B0001
D000064+S0018 000000000002,500000 000000000010,000000 000000000000,000000 000000000000,000000 0005 S0007+B0001
D000065+S0002 000000000003,000000 000000000002,000000 000000000000,000000 000000000000,000000 0005 S0007+B0001
D000065+S0007 000000000002,000000 000000000002,000000 000000000000,000000 000000000000,000000 0005 S0007+B0001
D000067+S0011 000000000002,500000 000000000005,000000 000000000000,000000 000000000000,000000 0005 S0007+B0001
D000068+S0007 000000000002,000000 000000000004,000000 000000000000,000000 000000000000,000000 0005 S0007+B0001
D000069+S0011 000000000003,500000 000000000005,000000 000000000000,000000 000000000000,000000 0005 S0007+B0001
D000071+S0009 000000000008,000000 000000000850,000000 000000000000,250000 000000000002,000000 0008 S0011+B0002
D000071+S0015 000000000001,500000 000000000013,000000 000000000000,250000 000000000000,375000 0008 S0011+B0002
D000072+S0017 000000000005,000000 000000000002,000000 000000000000,750000 000000000003,750000 0008 S0011+B0002
D000073+S0004 000000000003,000000 000000000005,000000 000000000000,350000 000000000001,050000 0008 S0011+B0002
D000073+S0015 000000000004,000000 000000000042,000000 000000000000,250000 000000000001,000000 0008 S0011+B0002
D000074+S0017 000000000009,000000 000000000002,000000 000000000000,750000 000000000006,750000 0008 S0011+B0002
D000075+S0004 000000000001,500000 000000000002,000000 000000000000,350000 000000000000,525000 0008 S0011+B0002
D000075+S0009 000000000012,000000 000000002700,000000 000000000000,250000 000000000003,000000 0008 S0011+B0002
D000075+S0017 000000000002,500000 000000000008,000000 000000000000,750000 000000000001,875000 0008 S0011+B0002
D000076+S0009 000000000027,000000 000000006200,000000 000000000000,250000 000000000006,750000 0008 S0011+B0002
D000077+S0009 000000000003,000000 000000000150,000000 000000000000,250000 000000000000,750000 0008 S0011+B0002
D000078+S0015 000000000001,500000 000000000017,000000 000000000000,200000 000000000000,300000 0008 S0011+B0002
D000078+S0021 000000000000,500000 000000000012,000000 000000000000,250000 000000000000,125000 0008 S0011+B0002
D000079+S0009 000000000002,000000 000000000126,000000 000000000000,250000 000000000000,500000 0008 S0011+B0002
D000140+S0006 000000000000,500000 000000000006,000000 000000000000,550000 000000000000,275000 0007 S0010+B0003
D000140+S0009 000000000001,000000 000000000012,000000 000000000000,550000 000000000000,550000 0007 S0010+B0003
D000140+S0011 000000000000,060000 000000000001,000000 000000000000,400000 000000000000,024000 0007 S0010+B0003
D000140+S0018 000000000000,800000 000000000007,000000 000000000000,550000 000000000000,440000 0007 S0010+B0003
D000141+S0004 000000000000,120000 000000000004,000000 000000000000,400000 000000000000,048000 0007 S0010+B0004
D000141+S0021 000000000000,200000 000000000010,000000 000000000000,300000 000000000000,060000 0007 S0010+B0004
D000142+S0004 000000000000,750000 000000000005,000000 000000000000,400000 000000000000,300000 0007 S0010+B0004
D000142+S0011 000000000000,060000 000000000002,000000 000000000000,300000 000000000000,018000 0007 S0010+B0004
D000142+S0021 000000000001,200000 000000000033,000000 000000000000,300000 000000000000,360000 0007 S0010+B0004
D000143+S0006 000000000000,100000 000000000001,000000 000000000000,550000 000000000000,055000 0007 S0010+B0004
D000143+S0017 000000000001,200000 000000000001,000000 000000000001,250000 000000000001,500000 0007 S0010+B0004
D000144+S0006 000000000001,600000 000000000012,000000 000000000000,550000 000000000000,880000 0007 S0010+B0004
D000144+S0011 000000000000,600000 000000000010,000000 000000000000,400000 000000000000,240000 0007 S0010+B0004
D000145+S0009 000000000001,500000 000000000035,000000 000000000000,400000 000000000000,600000 0007 S0010+B0004
D000146+S0004 000000000000,600000 000000000008,000000 000000000000,500000 000000000000,300000 0007 S0010+B0004
D000146+S0009 000000000001,000000 000000000015,000000 000000000000,500000 000000000000,500000 0007 S0010+B0004
D000146+S0018 000000000000,100000 000000000001,000000 000000000000,500000 000000000000,050000 0007 S0010+B0004
D000147+S0009 000000000000,400000 000000000006,000000 000000000000,400000 000000000000,160000 0007 S0010+B0004
D000147+S0021 000000000000,800000 000000000023,000000 000000000000,300000 000000000000,240000 0007 S0010+B0004
D000148+S0006 000000000000,100000 000000000001,000000 000000000000,500000 000000000000,050000 0007 S0010+B0004
D000148+S0009 000000000000,150000 000000000002,000000 000000000000,500000 000000000000,075000 0007 S0010+B0004
D000148+S0011 000000000000,200000 000000000008,000000 000000000000,400000 000000000000,080000 0007 S0010+B0004
D000149+S0004 000000000001,000000 000000000010,000000 000000000000,500000 000000000000,500000 0007 S0010+B0004
D000149+S0021 000000000000,600000 000000000009,000000 000000000000,300000 000000000000,180000 0007 S0010+B0004
D000150+S0009 000000000000,600000 000000000010,000000 000000000000,550000 000000000000,330000 0007 S0010+B0004
D000150+S0017 000000000000,500000 000000000002,000000 000000000000,550000 000000000000,275000 0007 S0010+B0004
D000151+S0004 000000000000,150000 000000000003,000000 000000000000,550000 000000000000,082500 0007 S0010+B0004
D000151+S0006 000000000000,050000 000000000001,000000 000000000000,550000 000000000000,027500 0007 S0010+B0004
D000097+S0017 000000000004,500000 000000000001,000000 000000000000,750000 000000000003,375000 0008 S0011+B0001
D000098+S0017 000000000004,000000 000000000002,000000 000000000000,750000 000000000003,000000 0008 S0011+B0001
D000099+S0004 000000000001,500000 000000000002,000000 000000000000,350000 000000000000,525000 0008 S0011+B0001
D000099+S0009 000000000005,000000 000000001255,000000 000000000000,250000 000000000001,250000 0008 S0011+B0001
D000099+S0014 000000000002,500000 000000000028,000000 000000000000,250000 000000000000,625000 0008 S0011+B0001
D000100+S0004 000000000001,000000 000000000001,000000 000000000000,350000 000000000000,350000 0008 S0011+B0001
D000101+S0021 000000000001,000000 000000000012,000000 000000000000,250000 000000000000,250000 0008 S0011+B0001
D000102+S0017 000000000003,000000 000000000001,000000 000000000000,750000 000000000002,250000 0008 S0011+B0001
D000103+S0017 000000000003,000000 000000000022,000000 000000000000,350000 000000000001,050000 0008 S0013+B0003
D000104+S0004 000000000002,000000 000000000002,000000 000000000000,500000 000000000001,000000 0008 S0013+B0003
D000105+S0004 000000000004,750000 000000000006,000000 000000000000,500000 000000000002,375000 0008 S0013+B0003
D000105+S0017 000000000001,000000 000000000004,000000 000000000000,350000 000000000000,350000 0008 S0013+B0003
D000106+S0004 000000000006,500000 000000000008,000000 000000000000,500000 000000000003,250000 0008 S0013+B0003
D000106+S0017 000000000000,500000 000000000001,000000 000000000000,350000 000000000000,175000 0008 S0013+B0003
D000108+S0017 000000000001,100000 000000000002,000000 000000000000,350000 000000000000,385000 0008 S0013+B0003
D000109+S0004 000000000001,000000 000000000001,000000 000000000000,500000 000000000000,500000 0008 S0013+B0003
D000109+S0017 000000000001,000000 000000000003,000000 000000000000,350000 000000000000,350000 0008 S0013+B0003
D000110+S0004 000000000004,000000 000000000013,000000 000000000000,500000 000000000002,000000 0008 S0013+B0003
D000111+S0004 000000000001,400000 000000000002,000000 000000000000,500000 000000000000,700000 0008 S0013+B0003
D000080+S0009 000000000006,000000 000000000360,000000 000000000000,250000 000000000001,500000 0008 S0011+B0002
D000081+S0009 000000000002,000000 000000000135,000000 000000000000,250000 000000000000,500000 0008 S0011+B0002
D000082+S0009 000000000006,000000 000000000224,000000 000000000000,250000 000000000001,500000 0008 S0011+B0002
D000082+S0017 000000000002,000000 000000000001,000000 000000000000,750000 000000000001,500000 0008 S0011+B0002
D000083+S0009 000000000008,000000 000000001035,000000 000000000000,250000 000000000002,000000 0008 S0011+B0002
D000084+S0009 000000000010,000000 000000000880,000000 000000000000,250000 000000000002,500000 0008 S0011+B0002
D000084+S0020 000000000003,000000 000000000047,000000 000000000000,250000 000000000000,750000 0008 S0011+B0002
D000085+S0009 000000000002,500000 000000000004,640000 000000000000,250000 000000000000,625000 0008 S0011+B0002
D000085+S0015 000000000000,500000 000000000006,000000 000000000000,250000 000000000000,125000 0008 S0011+B0002
D000085+S0021 000000000001,500000 000000000008,000000 000000000000,250000 000000000000,375000 0008 S0011+B0002
D000086+S0009 000000000001,000000 000000000061,000000 000000000000,250000 000000000000,250000 0008 S0011+B0002
D000086+S0021 000000000000,750000 000000000016,000000 000000000000,250000 000000000000,187500 0008 S0011+B0002
D000087+S0004 000000000002,000000 000000000003,000000 000000000000,350000 000000000000,700000 0008 S0011+B0001
D000087+S0009 000000000012,000000 000000002700,000000 000000000000,250000 000000000003,000000 0008 S0011+B0001
D000087+S0015 000000000001,500000 000000000016,000000 000000000000,250000 000000000000,375000 0008 S0011+B0001
D000087+S0017 000000000002,500000 000000000008,000000 000000000000,750000 000000000001,875000 0008 S0011+B0001
D000088+S0004 000000000005,000000 000000000012,000000 000000000000,350000 000000000001,750000 0008 S0011+B0001
D000088+S0009 000000000022,500000 000000003426,000000 000000000000,250000 000000000005,625000 0008 S0011+B0001
D000088+S0015 000000000003,000000 000000000023,000000 000000000000,250000 000000000000,750000 0008 S0011+B0001
D000088+S0017 000000000007,000000 000000000003,000000 000000000000,750000 000000000005,250000 0008 S0011+B0001
D000089+S0009 000000000002,000000 000000000071,000000 000000000000,250000 000000000000,500000 0008 S0011+B0001
D000089+S0015 000000000000,500000 000000000005,000000 000000000000,250000 000000000000,125000 0008 S0011+B0001
D000090+S0009 000000000009,000000 000000000837,000000 000000000000,250000 000000000002,250000 0008 S0011+B0001
D000090+S0017 000000000001,000000 000000000003,000000 000000000000,750000 000000000000,750000 0008 S0011+B0001
D000091+S0017 000000000005,000000 000000000002,000000 000000000000,750000 000000000003,750000 0008 S0011+B0001
D000092+S0015 000000000002,000000 000000000025,000000 000000000000,250000 000000000000,500000 0008 S0011+B0001
D000092+S0017 000000000008,000000 000000000002,000000 000000000000,750000 000000000006,000000 0008 S0011+B0001
D000093+S0005 000000000001,000000 000000000001,000000 000000000000,350000 000000000000,350000 0008 S0011+B0001
D000093+S0009 000000000002,000000 000000000045,000000 000000000000,250000 000000000000,500000 0008 S0011+B0001
D000093+S0015 000000000001,500000 000000000018,000000 000000000000,250000 000000000000,375000 0008 S0011+B0001
D000094+S0004 000000000001,750000 000000000001,000000 000000000000,350000 000000000000,612500 0008 S0011+B0001
D000094+S0009 000000000005,000000 000000000436,000000 000000000000,250000 000000000001,250000 0008 S0011+B0001
D000094+S0015 000000000002,000000 000000000038,000000 000000000000,250000 000000000000,500000 0008 S0011+B0001
D000094+S0017 000000000011,500000 000000000014,000000 000000000000,750000 000000000008,625000 0008 S0011+B0001
D000094+S0021 000000000000,500000 000000000002,000000 000000000000,250000 000000000000,125000 0008 S0011+B0001
D000095+S0009 000000000001,000000 000000000050,000000 000000000000,225000 000000000000,225000 0008 S0011+B0001
D000095+S0021 000000000002,000000 000000000060,000000 000000000000,250000 000000000000,500000 0008 S0011+B0001
D000096+S0004 000000000002,000000 000000000018,000000 000000000000,350000 000000000000,700000 0008 S0011+B0001
D000096+S0009 000000000006,000000 000000000232,000000 000000000000,225000 000000000001,350000 0008 S0011+B0001
D000100+S0009 000000000008,000000 000000002315,000000 000000000000,250000 000000000002,000000 0008 S0011+B0001
D000100+S0015 000000000001,000000 000000000008,000000 000000000000,250000 000000000000,250000 0008 S0011+B0001
D000100+S0017 000000000005,000000 000000000012,000000 000000000000,750000 000000000003,750000 0008 S0011+B0001
D000101+S0009 000000000002,000000 000000000038,000000 000000000000,250000 000000000000,500000 0008 S0011+B0001
D000107+S0004 000000000001,500000 000000000001,000000 000000000000,500000 000000000000,750000 0008 S0013+B0003
D000107+S0017 000000000002,500000 000000000021,000000 000000000000,350000 000000000000,875000 0008 S0013+B0003
D000108+S0004 000000000004,500000 000000000006,000000 000000000000,500000 000000000002,250000 0008 S0013+B0003
D000111+S0017 000000000001,250000 000000000003,000000 000000000000,350000 000000000000,437500 0008 S0013+B0003
D000112+S0004 000000000001,600000 000000000001,000000 000000000000,500000 000000000000,800000 0008 S0013+B0003
D000113+S0004 000000000008,100000 000000000012,000000 000000000000,500000 000000000004,050000 0008 S0013+B0003
D000113+S0017 000000000001,000000 000000000003,000000 000000000000,350000 000000000000,350000 0008 S0013+B0003
D000114+S0004 000000000004,500000 000000000007,000000 000000000000,500000 000000000002,250000 0008 S0013+B0003
D000115+S0004 000000000005,500000 000000000007,000000 000000000000,500000 000000000002,750000 0008 S0013+B0003
D000116+S0004 000000000003,300000 000000000005,000000 000000000000,500000 000000000001,650000 0008 S0013+B0003
D000117+S0004 000000000004,000000 000000000015,000000 000000000000,500000 000000000002,000000 0008 S0013+B0003
D000118+S0004 000000000001,000000 000000000002,000000 000000000000,500000 000000000000,500000 0008 S0013+B0003
D000119+S0004 000000000013,000000 000000000049,000000 000000000000,300000 000000000003,900000 0008 S0012+B0003
D000119+S0009 000000000002,000000 000000000017,000000 000000000000,200000 000000000000,400000 0008 S0012+B0003
D000119+S0011 000000000001,500000 000000000015,000000 000000000000,100000 000000000000,150000 0008 S0012+B0003
D000120+S0004 000000000012,000000 000000000058,000000 000000000000,300000 000000000003,600000 0008 S0012+B0003
D000120+S0009 000000000001,500000 000000000008,000000 000000000000,200000 000000000000,300000 0008 S0012+B0003
D000120+S0021 000000000001,500000 000000000002,000000 000000000000,200000 000000000000,300000 0008 S0012+B0003
D000121+S0004 000000000004,000000 000000000008,000000 000000000000,300000 000000000001,200000 0008 S0012+B0003
D000121+S0006 000000000002,500000 000000000004,000000 000000000000,600000 000000000001,500000 0008 S0012+B0003
D000121+S0011 000000000002,000000 000000000017,000000 000000000000,100000 000000000000,200000 0008 S0012+B0003
D000122+S0004 000000000018,000000 000000000068,000000 000000000000,500000 000000000009,000000 0008 S0012+B0003
D000122+S0009 000000000003,000000 000000000021,000000 000000000000,200000 000000000000,600000 0008 S0012+B0003
D000122+S0011 000000000001,500000 000000000011,000000 000000000000,100000 000000000000,150000 0008 S0012+B0003
D000123+S0004 000000000011,000000 000000000052,000000 000000000000,300000 000000000003,300000 0008 S0012+B0003
D000123+S0009 000000000003,000000 000000000025,000000 000000000000,200000 000000000000,600000 0008 S0012+B0003
D000123+S0011 000000000002,000000 000000000027,000000 000000000000,100000 000000000000,200000 0008 S0012+B0003
D000124+S0004 000000000014,000000 000000000056,000000 000000000000,300000 000000000004,200000 0008 S0012+B0003
D000124+S0009 000000000002,000000 000000000013,000000 000000000000,200000 000000000000,400000 0008 S0012+B0003
D000124+S0011 000000000003,500000 000000000032,000000 000000000000,100000 000000000000,350000 0008 S0012+B0003
D000125+S0004 000000000012,000000 000000000049,000000 000000000000,300000 000000000003,600000 0008 S0012+B0003
D000125+S0011 000000000008,000000 000000000067,000000 000000000000,100000 000000000000,800000 0008 S0012+B0003
D000126+S0004 000000000008,000000 000000000028,000000 000000000000,300000 000000000002,400000 0008 S0012+B0003
D000126+S0006 000000000002,000000 000000000004,000000 000000000000,600000 000000000001,200000 0008 S0012+B0003
D000126+S0009 000000000007,000000 000000000039,000000 000000000000,200000 000000000001,400000 0008 S0012+B0003
D000126+S0011 000000000005,000000 000000000058,000000 000000000000,100000 000000000000,500000 0008 S0012+B0003
D000127+S0004 000000000009,000000 000000000028,000000 000000000000,300000 000000000002,700000 0008 S0012+B0001
D000127+S0009 000000000004,000000 000000000021,000000 000000000000,200000 000000000000,800000 0008 S0012+B0001
D000127+S0011 000000000002,000000 000000000032,000000 000000000000,100000 000000000000,200000 0008 S0012+B0001
D000127+S0021 000000000006,500000 000000000009,000000 000000000000,200000 000000000001,300000 0008 S0012+B0001
D000128+S0004 000000000004,000000 000000000120,000000 000000000000,300000 000000000001,200000 0008 S0012+B0001
D000128+S0006 000000000001,000000 000000000001,000000 000000000000,600000 000000000000,600000 0008 S0012+B0001
D000128+S0011 000000000003,000000 000000000041,000000 000000000000,100000 000000000000,300000 0008 S0012+B0001
D000129+S0006 000000000004,000000 000000000004,000000 000000000000,600000 000000000002,400000 0008 S0012+B0001
D000129+S0009 000000000003,500000 000000000042,000000 000000000000,200000 000000000000,700000 0008 S0012+B0001
D000129+S0021 000000000004,000000 000000000005,000000 000000000000,200000 000000000000,800000 0008 S0012+B0001
D000130+S0004 000000000001,000000 000000000004,000000 000000000000,300000 000000000000,300000 0008 S0012+B0001
D000130+S0006 000000000002,000000 000000000005,000000 000000000000,600000 000000000001,200000 0008 S0012+B0001
D000130+S0009 000000000007,500000 000000000140,000000 000000000000,200000 000000000001,500000 0008 S0012+B0001
D000130+S0011 000000000001,500000 000000000025,000000 000000000000,100000 000000000000,150000 0008 S0012+B0001
D000131+S0006 000000000012,000000 000000000000,000000 000000000000,600000 000000000007,200000 0008 S0012+B0001
D000131+S0009 000000000007,000000 000000000098,000000 000000000000,200000 000000000001,400000 0008 S0012+B0001
D000131+S0011 000000000005,000000 000000000051,000000 000000000000,100000 000000000000,500000 0008 S0012+B0001
D000132+S0006 000000000015,000000 000000000008,000000 000000000000,600000 000000000009,000000 0008 S0012+B0001
D000132+S0009 000000000004,000000 000000000016,000000 000000000000,200000 000000000000,800000 0008 S0012+B0001
D000132+S0021 000000000002,000000 000000000004,000000 000000000000,200000 000000000000,400000 0008 S0012+B0001
D000133+S0006 000000000009,000000 000000000007,000000 000000000000,600000 000000000005,400000 0008 S0012+B0001
D000133+S0011 000000000003,000000 000000000023,000000 000000000000,100000 000000000000,300000 0008 S0012+B0001
D000134+S0009 000000000007,000000 000000000116,000000 000000000000,200000 000000000001,400000 0008 S0012+B0001
D000134+S0011 000000000003,000000 000000000023,000000 000000000000,100000 000000000000,300000 0008 S0012+B0001
D000135+S0006 000000000000,600000 000000000004,000000 000000000000,500000 000000000000,300000 0007 S0010+B0003
D000135+S0021 000000000000,100000 000000000003,000000 000000000000,300000 000000000000,030000 0007 S0010+B0003
D000136+S0009 000000000001,000000 000000000003,000000 000000000000,000000 000000000000,000000 0007 S0010+B0003
D000136+S0011 000000000000,060000 000000000003,000000 000000000000,300000 000000000000,018000 0007 S0010+B0003
D000137+S0001 000000000002,500000 000000000012,000000 000000000000,400000 000000000001,000000 0007 S0010+B0003
D000138+S0004 000000000000,200000 000000000004,000000 000000000000,550000 000000000000,110000 0007 S0010+B0003
D000138+S0006 000000000000,080000 000000000001,000000 000000000000,550000 000000000000,044000 0007 S0010+B0003
D000138+S0009 000000000001,000000 000000000020,000000 000000000000,550000 000000000000,550000 0007 S0010+B0003
D000138+S0011 000000000000,050000 000000000001,000000 000000000000,400000 000000000000,020000 0007 S0010+B0003
D000139+S0011 000000000000,060000 000000000001,000000 000000000000,400000 000000000000,024000 0007 S0010+B0003
D000139+S0018 000000000001,500000 000000000004,000000 000000000000,550000 000000000000,825000 0007 S0010+B0003
D000140+S0001 000000000000,090000 000000000001,000000 000000000000,400000 000000000000,036000 0007 S0010+B0003
D000140+S0004 000000000000,400000 000000000003,000000 000000000000,000000 000000000000,000000 0007 S0010+B0003
D000151+S0009 000000000001,600000 000000000025,000000 000000000000,550000 000000000000,880000 0007 S0010+B0004
D000152+S0004 000000000000,900000 000000000012,000000 000000000000,550000 000000000000,495000 0007 S0010+B0004
D000152+S0006 000000000001,400000 000000000004,000000 000000000000,550000 000000000000,770000 0007 S0010+B0004
D000152+S0017 000000000000,750000 000000000001,000000 000000000000,550000 000000000000,412500 0007 S0010+B0004
D000153+S0004 000000000000,400000 000000000003,000000 000000000000,550000 000000000000,220000 0007 S0010+B0004
D000153+S0006 000000000000,100000 000000000001,000000 000000000000,500000 000000000000,050000 0007 S0010+B0004
D000153+S0021 000000000000,100000 000000000004,000000 000000000000,300000 000000000000,030000 0007 S0010+B0004
D000154+S0009 000000000000,400000 000000000006,000000 000000000000,500000 000000000000,200000 0007 S0010+B0004
D000154+S0011 000000000000,600000 000000000007,000000 000000000000,300000 000000000000,180000 0007 S0010+B0004
