000001 14 0001,000 0001,000 000000000009,590000 000000000009,590000 Issaka Hamidou  0003 S0003+B0005
000002 14 0001,000 0001,000 000000000021,700001 000000000021,700001 Issaka Hamidou  0003 S0003+B0005
000003 04 0001,000 0000,500 000000000006,100000 000000000006,100000 Issaka Hamidou  0003 S0003+B0005
000004 04 0001,000 0000,500 000000000004,250000 000000000004,250000 Issaka Hamidou  0003 S0003+B0005
000005 08 0001,000 0001,000 000000000007,700000 000000000007,700000 Issaka Hamidou  0003 S0003+B0002
000006 08 0001,000 0001,000 000000000024,799999 000000000024,799999 Issaka Hamidou  0003 S0003+B0002
000007 05 0001,000 0001,000 000000000003,095000 000000000003,095000 Issaka Hamidou  0003 S0003+B0002
000008 05 0001,000 0001,000 000000000005,400000 000000000005,400000 Issaka Hamidou  0003 S0003+B0002
000009 11 0001,000 0001,000 000000000002,950000 000000000002,950000 Issaka Hamidou  0003 S0003+B0002
000010 11 0001,000 0001,000 000000000012,400000 000000000012,400000 Issaka Hamidou  0003 S0003+B0002
000011 10 0001,000 0001,000 000000000010,400000 000000000010,400000 Issaka Hamidou  0003 S0003+B0001
000012 10 0001,000 0001,000 000000000004,500000 000000000004,500000 Issaka Hamidou  0003 S0003+B0001
000013 29 0001,000 0001,000 000000000005,200000 000000000005,200000 Issaka Hamidou  0003 S0003+B0001
000014 29 0001,000 0001,000 000000000006,420000 000000000006,420000 Issaka Hamidou  0003 S0003+B0001
000015 14 0001,000 0001,000 000000000007,550000 000000000007,550000 Issaka Hamidou  0003 S0003+B0001
000016 14 0001,000 0001,000 000000000008,700000 000000000008,700000 Issaka Hamidou  0003 S0003+B0001
000017 17 0001,000 0001,000 000000000005,400000 000000000005,400000 Issaka Hamidou  0003 S0003+B0001
000018 17 0001,000 0001,000 000000000029,000000 000000000029,000000 Issaka Hamidou  0003 S0003+B0001
000019 20 0001,000 0001,000 000000000009,600000 000000000009,600000 Issaka Hamidou  0003 S0003+B0001
000020 20 0001,000 0001,000 000000000005,200000 000000000005,200000 Issaka Hamidou  0003 S0003+B0001
000021 26 0001,000 0001,000 000000000007,500000 000000000007,500000 Issaka Hamidou  0003 S0003+B0001
000022 26 0001,000 0001,000 000000000004,500000 000000000004,500000 Issaka Hamidou  0003 S0003+B0001
000023 23 0001,000 0001,000 000000000009,799999 000000000009,799999 Issaka Hamidou  0003 S0003+B0001
000024 23 0001,000 0001,000 000000000007,700000 000000000007,700000 Issaka Hamidou  0003 S0003+B0001
000025 09 0001,000 0001,000 000000000005,000000 000000000005,000000 S. François     0004 S0004+B0002
000026 09 0001,000 0001,000 000000000003,000000 000000000003,000000 S. François     0004 S0004+B0002
000027 14 0001,000 0001,000 000000000016,000000 000000000016,000000 S. François     0004 S0004+B0002
000028 14 0001,000 0001,000 000000000003,500000 000000000003,500000 S. François     0004 S0004+B0002
000029 19 0001,000 0001,000 000000000003,500000 000000000003,500000 S. François     0004 S0004+B0002
000030 19 0001,000 0001,000 000000000004,100000 000000000004,100000 S. François     0004 S0004+B0002
000031 26 0001,000 0001,000 000000000012,000000 000000000012,000000 S. François     0004 S0004+B0002
000032 26 0001,000 0001,000 000000000009,950000 000000000009,950000 S. François     0004 S0004+B0002
000033 06 0001,000 0001,000 000000000010,100000 000000000010,100000 S. François     0004 S0004+B0002
000034 06 0001,000 0001,000 000000000005,300000 000000000005,300000 S. François     0004 S0004+B0002
000035 02 0001,000 0001,000 000000000021,600000 000000000021,600000 S. François     0004 S0004+B0002
000036 02 0001,000 0001,000 000000000006,000000 000000000006,000000 S. François     0004 S0004+B0002
000037 12 0001,000 0001,000 000000000004,150000 000000000004,150000 S. François     0004 S0004+B0001
000038 12 0001,000 0001,000 000000000006,700000 000000000006,700000 S. François     0004 S0004+B0001
000039 28 0001,000 0001,000 000000000005,200000 000000000005,200000 S. François     0004 S0004+B0001
000040 28 0001,000 0001,000 000000000008,400000 000000000008,400000 S. François     0004 S0004+B0001
000041 24 0001,000 0000,500 000000000020,000000 000000000020,000000 Abdoulaye S.    0004 S0005+B0005
000042 24 0001,000 0000,500 000000000030,000000 000000000030,000000 Abdoulaye S.    0004 S0005+B0005
000043 22 0001,000 0000,500 000000000010,000000 000000000010,000000 Abdoulaye S.    0004 S0005+B0005
000044 22 0001,000 0000,500 000000000008,000000 000000000008,000000 Abdoulaye S.    0004 S0005+B0005
000045 22 0001,000 0001,000 000000000003,000000 000000000003,000000 Abdoulaye S.    0004 S0005+B0001
000046 22 0001,000 0001,000 000000000006,000000 000000000006,000000 Abdoulaye S.    0004 S0005+B0001
000047 24 0001,000 0001,000 000000000003,000000 000000000003,000000 Abdoulaye S.    0004 S0005+B0001
000048 24 0001,000 0001,000 000000000040,000000 000000000040,000000 Abdoulaye S.    0004 S0005+B0001
000049 22 0001,000 0001,000 000000000001,500000 000000000001,500000 Abdoulaye S.    0004 S0005+B0003
000050 22 0001,000 0001,000 000000000002,000000 000000000002,000000 Abdoulaye S.    0004 S0005+B0003
000051 24 0001,000 0001,000 000000000007,000000 000000000007,000000 Abdoulaye S.    0004 S0005+B0003
000052 24 0001,000 0001,000 000000000003,000000 000000000003,000000 Abdoulaye S.    0004 S0005+B0003
000053 04 0001,000 0001,000 000000000004,500000 000000000004,500000 MoukailaAmadou  0005 S0007+B0001
000054 04 0001,000 0001,000 000000000007,000000 000000000007,000000 MoukailaAmadou  0005 S0007+B0001
000055 01 0001,000 0000,500 000000000005,000000 000000000005,000000 MoukailaAmadou  0005 S0007+B0001
000056 01 0001,000 0000,500 000000000010,500000 000000000010,500000 MoukailaAmadou  0005 S0007+B0001
000057 07 0001,000 0001,000 000000000002,000000 000000000002,000000 MoukailaAmadou  0005 S0007+B0001
000058 07 0001,000 0001,000 000000000003,500000 000000000003,500000 MoukailaAmadou  0005 S0007+B0001
000059 08 0001,000 0001,000 000000000002,000000 000000000002,000000 MoukailaAmadou  0005 S0007+B0001
000060 08 0001,000 0001,000 000000000002,500000 000000000002,500000 MoukailaAmadou  0005 S0007+B0001
000061 15 0001,000 0001,000 000000000003,000000 000000000003,000000 MoukailaAmadou  0005 S0007+B0001
000062 15 0001,000 0001,000 000000000002,500000 000000000002,500000 MoukailaAmadou  0005 S0007+B0001
000063 17 0001,000 0001,000 000000000002,250000 000000000002,250000 MoukailaAmadou  0005 S0007+B0001
000064 17 0001,000 0001,000 000000000002,500000 000000000002,500000 MoukailaAmadou  0005 S0007+B0001
000065 22 0001,000 0001,000 000000000005,000000 000000000005,000000 Moukaila Amadou 0005 S0007+B0001
000066 22 0001,000 0001,000 000000000000,001000 000000000000,001000 Moukaila Amadou 0005 S0007+B0001
000067 24 0001,000 0001,000 000000000002,500000 000000000002,500000 Moukaila Amadou 0005 S0007+B0001
000068 24 0001,000 0001,000 000000000002,000000 000000000002,000000 Moukaila Amadou 0005 S0007+B0001
000069 30 0001,000 0001,000 000000000003,500000 000000000003,500000 Moukaila Amadou 0005 S0007+B0001
000070 30 0001,000 0001,000 000000000005,000000 000000000005,000000 Moukaila Amadou 0005 S0007+B0001
000071 24 0001,000 0001,000 000000000009,500000 000000000009,500000 Binta Niang     0008 S0011+B0002
000072 24 0001,000 0001,000 000000000005,000000 000000000005,000000 Binta Niang     0008 S0011+B0002
000073 25 0001,000 0001,000 000000000007,000000 000000000007,000000 Binta Niang     0008 S0011+B0002
000074 25 0001,000 0000,500 000000000009,000000 000000000009,000000 Binta Niang     0008 S0011+B0002
000075 31 0001,000 0000,500 000000000016,000000 000000000016,000000 Binta Niang     0008 S0011+B0002
000076 31 0001,000 0000,500 000000000027,000000 000000000027,000000 Binta Niang     0008 S0011+B0002
000077 01 0001,000 0001,000 000000000003,000000 000000000003,000000 Binta Niang     0008 S0011+B0002
000078 01 0001,000 0001,000 000000000002,000000 000000000002,000000 Binta Niang     0008 S0011+B0002
000079 08 0001,000 0001,000 000000000002,000000 000000000002,000000 Binta Niang     0008 S0011+B0002
000080 08 0001,000 0000,500 000000000006,000000 000000000006,000000 Binta Niang     0008 S0011+B0002
000081 09 0001,000 0001,000 000000000002,000000 000000000002,000000 Binta Niang     0008 S0011+B0002
000082 09 0001,000 0000,500 000000000008,000000 000000000008,000000 Binta Niang     0008 S0011+B0002
000083 16 0001,000 0001,000 000000000008,000000 000000000008,000000 Binta Niang     0008 S0011+B0002
000084 16 0001,000 0001,000 000000000013,000000 000000000013,000000 Binta Niang     0008 S0011+B0002
000085 17 0001,000 0001,000 000000000004,500000 000000000004,500000 Binta Niang     0008 S0011+B0002
000086 17 0001,000 0001,000 000000000001,750000 000000000001,750000 Binta Niang     0008 S0011+B0002
000087 31 0001,000 0000,500 000000000018,000000 000000000018,000000 Binta Niang     0008 S0011+B0001
000088 31 0001,000 0000,500 000000000037,500000 000000000037,500000 Binta Niang     0008 S0011+B0001
000089 25 0001,000 0001,000 000000000002,500000 000000000002,500000 Binta Niang     0008 S0011+B0001
000090 25 0001,000 0001,000 000000000010,000000 000000000010,000000 Binta Niang     0008 S0011+B0001
000091 24 0001,000 0001,000 000000000005,000000 000000000005,000000 Binta Niang     0008 S0011+B0001
000092 24 0001,000 0000,500 000000000010,000000 000000000010,000000 Binta Niang     0008 S0011+B0001
000093 17 0001,000 0001,000 000000000004,500000 000000000004,500000 Binta Niang     0008 S0011+B0001
000094 17 0001,000 0000,500 000000000020,750000 000000000020,750000 Binta Niang     0008 S0011+B0001
000095 16 0001,000 0001,000 000000000003,000000 000000000003,000000 Binta Niang     0008 S0011+B0001
000096 16 0001,000 0001,000 000000000008,000000 000000000008,000000 Binta Niang     0008 S0011+B0001
000097 09 0001,000 0001,000 000000000004,500000 000000000004,500000 Binta Niang     0008 S0011+B0001
000098 09 0001,000 0001,000 000000000004,000000 000000000004,000000 Binta Niang     0008 S0011+B0001
000099 08 0001,000 0001,000 000000000009,000000 000000000009,000000 Binta Niang     0008 S0011+B0001
000100 08 0001,000 0000,500 000000000015,000000 000000000015,000000 Binta Niang     0008 S0011+B0001
000101 01 0001,000 0001,000 000000000003,000000 000000000003,000000 Binta Niang     0008 S0011+B0001
000102 01 0001,000 0001,000 000000000003,000000 000000000003,000000 Binta Niang     0008 S0011+B0001
000103 02 0001,000 0001,000 000000000003,000000 000000000003,000000 Soumaila Arzika 0008 S0013+B0003
000104 02 0001,000 0001,000 000000000002,000000 000000000002,000000 Soumaila Arzika 0008 S0013+B0003
000105 08 0001,000 0000,500 000000000005,750000 000000000005,750000 Soumaila Arzika 0008 S0013+B0003
000106 08 0001,000 0001,000 000000000007,000000 000000000007,000000 Soumaila Arzika 0008 S0013+B0003
000107 12 0001,000 0000,500 000000000004,000000 000000000004,000000 Soumaila Arzika 0008 S0013+B0003
000108 12 0001,000 0000,500 000000000005,600000 000000000005,600000 Soumaila Arzika 0008 S0013+B0003
000109 17 0001,000 0000,500 000000000002,000000 000000000002,000000 Soumaila Arzika 0008 S0013+B0003
000110 17 0001,000 0001,000 000000000004,000000 000000000004,000000 Soumaila Arzika 0008 S0013+B0003
000111 21 0001,000 0001,000 000000000002,650000 000000000002,650000 Soumaila Arzika 0008 S0013+B0003
000112 21 0001,000 0000,500 000000000001,600000 000000000001,600000 Soumaila Arzika 0008 S0013+B0003
000113 23 0001,000 0001,000 000000000009,100000 000000000009,100000 Soumaila Arzika 0008 S0013+B0003
000114 23 0001,000 0001,000 000000000004,500000 000000000004,500000 Soumaila Arzika 0008 S0013+B0003
000115 27 0001,000 0000,500 000000000005,500000 000000000005,500000 Soumaila Arzika 0008 S0013+B0003
000116 27 0001,000 0000,500 000000000003,300000 000000000003,300000 Soumaila Arzika 0008 S0013+B0003
000117 05 0001,000 0000,500 000000000004,000000 000000000004,000000 Soumaila Arzika 0008 S0013+B0003
000118 05 0001,000 0000,500 000000000001,000000 000000000001,000000 Soumaila Arzika 0008 S0013+B0003
000119 27 0001,000 0000,500 000000000016,500000 000000000016,500000 Soumaila Arzika 0008 S0012+B0003
000120 27 0001,000 0001,000 000000000015,000000 000000000015,000000 Soumaila Arzika 0008 S0012+B0003
000121 18 0001,000 0001,000 000000000008,500000 000000000008,500000 Soumaila Arzika 0008 S0012+B0003
000122 18 0001,000 0000,500 000000000022,500000 000000000022,500000 Soumaila Arzika 0008 S0012+B0003
000123 10 0001,000 0001,000 000000000016,000000 000000000016,000000 Soumaila Arzika 0008 S0012+B0003
000124 10 0001,000 0000,500 000000000019,500000 000000000019,500000 Soumaila Arzika 0008 S0012+B0003
000125 07 0001,000 0001,000 000000000020,000000 000000000020,000000 Soumaila Arzika 0008 S0012+B0003
000126 07 0001,000 0000,500 000000000022,000000 000000000022,000000 Soumaila Arzika 0008 S0012+B0003
000127 31 0001,000 0001,000 000000000021,500000 000000000021,500000 Soumaila Arzika 0008 S0012+B0001
000128 31 0001,000 0000,500 000000000008,000000 000000000008,000000 Soumaila Arzika 0008 S0012+B0001
000129 22 0001,000 0001,000 000000000011,500000 000000000011,500000 Soumaila Arzika 0008 S0012+B0001
000130 22 0001,000 0000,500 000000000012,000000 000000000012,000000 Soumaila Arzika 0008 S0012+B0001
000131 15 0001,000 0001,000 000000000024,000000 000000000024,000000 Soumaila Arzika 0008 S0012+B0001
000132 15 0001,000 0001,000 000000000021,000000 000000000021,000000 Soumaila Arzika 0008 S0012+B0001
000133 03 0001,000 0001,000 000000000012,000000 000000000012,000000 Soumaila Arzika 0008 S0012+B0001
000134 03 0001,000 0001,000 000000000010,000000 000000000010,000000 Soumaila Arzika 0008 S0012+B0001
000135 10 0001,000 0001,000 000000000000,700000 000000000000,700000 Boukari Illa    0007 S0010+B0003
000136 10 0001,000 0001,000 000000000001,060000 000000000001,060000 Boukari Illa    0007 S0010+B0003
000137 03 0001,000 0001,000 000000000002,500000 000000000002,500000 Boukari Illa    0007 S0010+B0003
000138 03 0001,000 0001,000 000000000001,330000 000000000001,330000 Boukari Illa    0007 S0010+B0003
000139 07 0001,000 0001,000 000000000001,560000 000000000001,560000 Boukari Illa    0007 S0010+B0003
000140 07 0001,000 0001,000 000000000002,850000 000000000002,850000 Boukari Illa    0007 S0010+B0003
000141 29 0001,000 0001,000 000000000000,320000 000000000000,320000 Boukari Illa    0007 S0010+B0004
000142 29 0001,000 0001,000 000000000002,010000 000000000002,010000 Boukari Illa    0007 S0010+B0004
000143 22 0001,000 0001,000 000000000001,300000 000000000001,300000 Boukari Illa    0007 S0010+B0004
000144 22 0001,000 0001,000 000000000002,200000 000000000002,200000 Boukari Illa    0007 S0010+B0004
000145 19 0001,000 0001,000 000000000001,500000 000000000001,500000 Boukari Illa    0007 S0010+B0004
000146 19 0001,000 0001,000 000000000001,700000 000000000001,700000 Boukari Illa    0007 S0010+B0004
000147 17 0001,000 0001,000 000000000001,200000 000000000001,200000 Boukari Illa    0007 S0010+B0004
000148 17 0001,000 0001,000 000000000000,450000 000000000000,450000 Boukari Illa    0007 S0010+B0004
000149 13 0001,000 0001,000 000000000001,600000 000000000001,600000 Boukari Illa    0007 S0010+B0004
000150 13 0001,000 0001,000 000000000001,100000 000000000001,100000 Boukari Illa    0007 S0010+B0004
000151 07 0001,000 0001,000 000000000001,800000 000000000001,800000 Boukari Illa    0007 S0010+B0004
000152 07 0001,000 0001,000 000000000003,050000 000000000003,050000 Boukari Illa    0007 S0010+B0004
000153 08 0001,000 0001,000 000000000000,600000 000000000000,600000 Boukari Illa    0007 S0010+B0004
000154 08 0001,000 0001,000 000000000001,000000 000000000001,000000 Boukari Illa    0007 S0010+B0004
