000001 02 0001,000 0001,000 000000000010,080000 000000000010,080000 Hamidou Issaka  0003 S0003+B0001
000002 02 0001,000 0001,000 000000000000,001000 000000000000,001000 Hamidou Issaka  0003 S0003+B0001
000003 03 0001,000 0001,000 000000000006,625000 000000000006,625000 Hamidou Issaka  0003 S0003+B0001
000004 03 0001,000 0001,000 000000000006,300000 000000000006,300000 Hamidou Issaka  0003 S0003+B0001
000005 09 0001,000 0001,000 000000000005,200000 000000000005,200000 Hamidou Issaka  0003 S0003+B0001
000006 10 0001,000 0001,000 000000000010,080000 000000000010,080000 Hamidou Issaka  0003 S0003+B0001
000007 16 0001,000 0001,000 000000000000,610000 000000000000,610000 Hamidou Issaka  0003 S0003+B0001
000008 17 0001,000 0001,000 000000000002,695000 000000000002,695000 Hamidou Issaka  0003 S0003+B0001
000009 17 0001,000 0001,000 000000000006,040000 000000000006,040000 Hamidou Issaka  0003 S0003+B0001
000010 16 0001,000 0001,000 000000000004,545000 000000000004,545000 Hamidou Issaka  0003 S0003+B0001
000011 09 0001,000 0001,000 000000000006,150000 000000000006,150000 Hamidou Issaka  0003 S0003+B0001
000012 10 0001,000 0001,000 000000000000,001000 000000000000,001000 Hamidou Issaka  0003 S0003+B0001
000013 01 0001,000 0001,000 000000000009,300000 000000000009,300000 HamidouI ssaka  0003 S0003+B0002
000014 01 0001,000 0001,000 000000000006,540000 000000000006,540000 HamidouI ssaka  0003 S0003+B0002
000015 02 0001,000 0001,000 000000000009,000000 000000000009,000000 HamidouI ssaka  0003 S0003+B0002
000016 02 0001,000 0001,000 000000000003,000000 000000000003,000000 HamidouI ssaka  0003 S0003+B0002
000017 07 0001,000 0001,000 000000000025,500000 000000000025,500000 HamidouI ssaka  0003 S0003+B0002
000018 07 0001,000 0001,000 000000000011,500000 000000000011,500000 HamidouI ssaka  0003 S0003+B0002
000019 08 0001,000 0001,000 000000000002,000000 000000000002,000000 HamidouI ssaka  0003 S0003+B0002
000020 08 0001,000 0001,000 000000000002,600000 000000000002,600000 HamidouI ssaka  0003 S0003+B0002
000021 20 0001,000 0001,000 000000000005,625000 000000000005,625000 HamidouI ssaka  0003 S0003+B0002
000022 20 0001,000 0001,000 000000000000,001000 000000000000,001000 HamidouI ssaka  0003 S0003+B0002
000023 21 0001,000 0001,000 000000000007,810000 000000000007,810000 HamidouI ssaka  0003 S0003+B0002
000024 21 0001,000 0001,000 000000000002,025000 000000000002,025000 HamidouI ssaka  0003 S0003+B0002
000025 20 0001,000 0001,000 000000000002,000000 000000000002,000000 HamidouI ssaka  0003 S0003+B0003
000026 20 0001,000 0001,000 000000000000,001000 000000000000,001000 HamidouI ssaka  0003 S0003+B0003
000027 13 0001,000 0001,000 000000000005,000000 000000000005,000000 Abdoulay Souma. 0004 S0005+B0001
000028 13 0001,000 0000,500 000000000003,000000 000000000003,000000 Abdoulay Souma. 0004 S0005+B0001
000029 19 0001,000 0001,000 000000000005,000000 000000000005,000000 Abdoulay Souma. 0004 S0005+B0001
000030 19 0001,000 0000,500 000000000014,000000 000000000014,000000 Abdoulay Souma. 0004 S0005+B0001
000031 27 0001,000 0001,000 000000000003,500000 000000000003,500000 Abdoulay Souma. 0004 S0005+B0001
000032 27 0001,000 0001,000 000000000001,000000 000000000001,000000 Abdoulay Souma. 0004 S0005+B0001
000033 30 0001,000 0001,000 000000000006,500000 000000000006,500000 Abdoulay Souma. 0004 S0005+B0001
000034 30 0001,000 0001,000 000000000015,000000 000000000015,000000 Abdoulay Souma. 0004 S0005+B0001
000035 13 0001,000 0001,000 000000000000,500000 000000000000,500000 Abdoulay Souma. 0004 S0005+B0003
000036 13 0001,000 0001,000 000000000015,000000 000000000015,000000 Abdoulay Souma. 0004 S0005+B0003
000037 19 0001,000 0001,000 000000000007,000000 000000000007,000000 Abdoulay Souma. 0004 S0005+B0003
000038 19 0001,000 0001,000 000000000008,000000 000000000008,000000 Abdoulay Souma. 0004 S0005+B0003
000042 19 0001,000 0001,000 000000000008,100000 000000000008,100000 Abdoulay Souma. 0004 S0005+B0005
000043 19 0001,000 0001,000 000000000000,001000 000000000000,001000 Abdoulay Souma. 0004 S0005+B0005
000044 27 0001,000 0001,000 000000000009,000000 000000000009,000000 Abdoulay Souma. 0004 S0005+B0005
000045 27 0001,000 0001,000 000000000001,000000 000000000001,000000 Abdoulay Souma. 0004 S0005+B0005
000046 30 0001,000 0001,000 000000000000,001000 000000000000,001000 Abdoulay Souma. 0004 S0005+B0005
000047 30 0001,000 0001,000 000000000000,001000 000000000000,001000 Abdoulay Souma. 0004 S0005+B0005
000048 13 0001,000 0001,000 000000000005,500000 000000000005,500000 Abdoulay Souma. 0004 S0005+B0002
000049 13 0001,000 0001,000 000000000002,500000 000000000002,500000 Abdoulay Souma. 0004 S0005+B0002
000050 19 0001,000 0001,000 000000000003,000000 000000000003,000000 Abdoulay Souma. 0004 S0005+B0002
000051 19 0001,000 0001,000 000000000005,000000 000000000005,000000 Abdoulay Souma. 0004 S0005+B0002
000052 27 0001,000 0001,000 000000000002,500000 000000000002,500000 Abdoulay Souma. 0004 S0005+B0002
000053 27 0001,000 0001,000 000000000005,500000 000000000005,500000 Abdoulay Souma. 0004 S0005+B0002
000054 30 0001,000 0001,000 000000000005,500000 000000000005,500000 Abdoulay Souma. 0004 S0005+B0002
000055 30 0001,000 0001,000 000000000004,500000 000000000004,500000 Abdoulay Souma. 0004 S0005+B0002
000056 29 0001,000 0001,000 000000000002,500000 000000000002,500000 Mamadou Adamou  0005 S0007+B0001
000057 29 0001,000 0001,000 000000000007,500000 000000000007,500000 Mamadou Adamou  0005 S0007+B0001
000058 27 0001,000 0001,000 000000000004,500000 000000000004,500000 Mamadou Adamou  0005 S0007+B0001
000059 27 0001,000 0001,000 000000000002,000000 000000000002,000000 Mamadou Adamou  0005 S0007+B0001
000060 23 0001,000 0001,000 000000000001,500000 000000000001,500000 Mamadou Adamou  0005 S0007+B0001
000061 23 0001,000 0001,000 000000000000,001000 000000000000,001000 Mamadou Adamou  0005 S0007+B0001
000062 20 0001,000 0001,000 000000000013,000000 000000000013,000000 Mamadou Adamou  0005 S0007+B0001
000063 20 0001,000 0001,000 000000000003,000000 000000000003,000000 Mamadou Adamou  0005 S0007+B0001
000064 13 0001,000 0001,000 000000000003,000000 000000000003,000000 Mamadou Adamou  0005 S0007+B0001
000065 13 0001,000 0001,000 000000000004,500000 000000000004,500000 Mamadou Adamou  0005 S0007+B0001
000066 15 0001,000 0001,000 000000000001,500000 000000000001,500000 Mamadou Adamou  0005 S0007+B0001
000067 15 0001,000 0001,000 000000000000,001000 000000000000,001000 Mamadou Adamou  0005 S0007+B0001
000068 08 0001,000 0001,000 000000000002,000000 000000000002,000000 Mamadou Adamou  0005 S0007+B0001
000069 08 0001,000 0001,000 000000000004,000000 000000000004,000000 Mamadou Adamou  0005 S0007+B0001
000070 06 0001,000 0001,000 000000000002,000000 000000000002,000000 Mamadou Adamou  0005 S0007+B0001
000071 06 0001,000 0001,000 000000000002,000000 000000000002,000000 Mamadou Adamou  0005 S0007+B0001
000072 13 0001,000 0001,000 000000000000,001000 000000000000,001000 Mamadou Adamou  0005 S0007+B0003
000073 13 0001,000 0001,000 000000000000,001000 000000000000,001000 Mamadou Adamou  0005 S0007+B0003
000074 15 0001,000 0001,000 000000000000,001000 000000000000,001000 Mamadou Adamou  0005 S0007+B0003
000075 15 0001,000 0001,000 000000000000,001000 000000000000,001000 Mamadou Adamou  0005 S0007+B0003
000076 08 0001,000 0001,000 000000000000,001000 000000000000,001000 Mamadou Adamou  0005 S0007+B0003
000077 08 0001,000 0001,000 000000000000,001000 000000000000,001000 Mamadou Adamou  0005 S0007+B0003
000078 06 0001,000 0001,000 000000000002,500000 000000000002,500000 Mamadou Adamou  0005 S0007+B0003
000079 06 0001,000 0001,000 000000000003,000000 000000000003,000000 Mamadou Adamou  0005 S0007+B0003
000080 27 0001,000 0001,000 000000000000,001000 000000000000,001000 Mamadou Adamou  0005 S0007+B0003
000081 23 0001,000 0001,000 000000000000,001000 000000000000,001000 Mamadou Adamou  0005 S0007+B0003
000082 20 0001,000 0001,000 000000000000,001000 000000000000,001000 Mamadou Adamou  0005 S0007+B0003
000083 20 0001,000 0001,000 000000000000,001000 000000000000,001000 Mamadou Adamou  0005 S0007+B0003
000084 19 0001,000 0001,000 000000000003,000000 000000000003,000000 Mamadou Adamou  0005 S0008+B0001
000085 19 0001,000 0001,000 000000000005,500000 000000000005,500000 Mamadou Adamou  0005 S0008+B0001
000086 14 0001,000 0001,000 000000000002,500000 000000000002,500000 Mamadou Adamou  0005 S0008+B0001
000087 14 0001,000 0001,000 000000000005,000000 000000000005,000000 Mamadou Adamou  0005 S0008+B0001
000088 12 0001,000 0001,000 000000000006,500000 000000000006,500000 Mamadou Adamou  0005 S0008+B0001
000089 12 0001,000 0001,000 000000000004,000000 000000000004,000000 Mamadou Adamou  0005 S0008+B0001
000090 09 0001,000 0001,000 000000000007,000000 000000000007,000000 Mamadou Adamou  0005 S0008+B0001
000091 09 0001,000 0001,000 000000000005,000000 000000000005,000000 Mamadou Adamou  0005 S0008+B0001
000092 05 0001,000 0001,000 000000000004,000000 000000000004,000000 Mamadou Adamou  0005 S0008+B0001
000093 05 0001,000 0001,000 000000000005,500000 000000000005,500000 Mamadou Adamou  0005 S0008+B0001
000094 22 0001,000 0001,000 000000000001,500000 000000000001,500000 Mamadou Adamou  0005 S0008+B0001
000095 22 0001,000 0001,000 000000000002,500000 000000000002,500000 Mamadou Adamou  0005 S0008+B0001
000096 26 0001,000 0001,000 000000000002,500000 000000000002,500000 Mamadou Adamou  0005 S0008+B0001
000097 26 0001,000 0001,000 000000000000,001000 000000000000,001000 Mamadou Adamou  0005 S0008+B0001
000098 29 0001,000 0001,000 000000000003,500000 000000000003,500000 Mamadou Adamou  0005 S0008+B0001
000099 29 0001,000 0001,000 000000000003,000000 000000000003,000000 Mamadou Adamou  0005 S0008+B0001
000100 21 0001,000 0001,000 000000000002,800000 000000000002,800000 Baokari Illa    0007 S0010+B0005
000101 21 0001,000 0001,000 000000000003,000000 000000000003,000000 Baokari Illa    0007 S0010+B0005
000102 08 0001,000 0001,000 000000000002,820000 000000000002,820000 Baokari Illa    0007 S0010+B0005
000103 08 0001,000 0001,000 000000000001,450000 000000000001,450000 Baokari Illa    0007 S0010+B0005
000104 04 0001,000 0001,000 000000000002,080000 000000000002,080000 Baokari Illa    0007 S0010+B0005
000105 04 0001,000 0001,000 000000000002,835000 000000000002,835000 Baokari Illa    0007 S0010+B0005
000106 06 0001,000 0001,000 000000000002,000000 000000000002,000000 Baokari Illa    0007 S0010+B0005
000107 06 0001,000 0001,000 000000000001,600000 000000000001,600000 Baokari Illa    0007 S0010+B0005
000108 28 0001,000 0001,000 000000000001,000000 000000000001,000000 Boukari Illa    0007 S0010+B0001
000109 28 0001,000 0001,000 000000000002,450000 000000000002,450000 Boukari Illa    0007 S0010+B0001
000110 25 0001,000 0001,000 000000000001,150000 000000000001,150000 Boukari Illa    0007 S0010+B0001
000111 25 0001,000 0001,000 000000000001,755000 000000000001,755000 Boukari Illa    0007 S0010+B0001
000112 21 0001,000 0001,000 000000000001,550000 000000000001,550000 Boukari Illa    0007 S0010+B0001
000113 21 0001,000 0001,000 000000000001,825000 000000000001,825000 Boukari Illa    0007 S0010+B0001
000114 15 0001,000 0001,000 000000000052,000000 000000000052,000000 Boukari Illa    0007 S0010+B0001
000115 15 0001,000 0001,000 000000000001,600000 000000000001,600000 Boukari Illa    0007 S0010+B0001
000116 09 0001,000 0001,000 000000000001,865000 000000000009,000000 Boukari Illa    0007 S0010+B0001
000117 09 0001,000 0001,000 000000000001,900000 000000000001,900000 Boukari Illa    0007 S0010+B0001
000118 08 0001,000 0001,000 000000000002,600000 000000000002,600000 Boukari Illa    0007 S0010+B0001
000119 08 0001,000 0001,000 000000000001,500000 000000000001,500000 Boukari Illa    0007 S0010+B0001
000120 05 0001,000 0001,000 000000000002,350000 000000000002,350000 Boukari Illa    0007 S0010+B0001
000121 05 0001,000 0001,000 000000000001,245000 000000000001,245000 Boukari Illa    0007 S0010+B0001
000122 06 0001,000 0001,000 000000000001,900000 000000000001,900000 Boukari Illa    0007 S0010+B0001
000123 06 0001,000 0001,000 000000000000,880000 000000000000,880000 Boukari Illa    0007 S0010+B0001
000124 04 0001,000 0001,000 000000000002,000000 000000000002,000000 Boukari Illa    0007 S0010+B0004
000125 04 0001,000 0001,000 000000000001,500000 000000000001,500000 Boukari Illa    0007 S0010+B0004
000126 05 0001,000 0001,000 000000000001,250000 000000000001,250000 Boukari Illa    0007 S0010+B0004
000127 05 0001,000 0001,000 000000000001,350000 000000000001,350000 Boukari Illa    0007 S0010+B0004
000128 08 0001,000 0001,000 000000000002,000000 000000000002,000000 Boukari Illa    0007 S0010+B0004
000129 08 0001,000 0001,000 000000000001,000000 000000000001,000000 Boukari Illa    0007 S0010+B0004
000130 09 0001,000 0001,000 000000000001,500000 000000000001,500000 Boukari Illa    0007 S0010+B0004
000131 09 0001,000 0001,000 000000000001,000000 000000000001,000000 Boukari Illa    0007 S0010+B0004
000132 15 0001,000 0001,000 000000000001,050000 000000000001,050000 Boukari Illa    0007 S0010+B0004
000133 15 0001,000 0001,000 000000000002,350000 000000000002,350000 Boukari Illa    0007 S0010+B0004
000134 21 0001,000 0001,000 000000000001,250000 000000000001,250000 Boukari Illa    0007 S0010+B0004
000135 21 0001,000 0001,000 000000000001,600000 000000000001,600000 Boukari Illa    0007 S0010+B0004
000136 25 0001,000 0001,000 000000000001,760000 000000000001,760000 Boukari Illa    0007 S0010+B0004
000137 25 0001,000 0001,000 000000000001,800000 000000000001,800000 Boukari Illa    0007 S0010+B0004
000138 28 0001,000 0001,000 000000000001,000000 000000000001,000000 Boukari Illa    0007 S0010+B0004
000139 28 0001,000 0001,000 000000000001,000000 000000000001,000000 Boukari Illa    0007 S0010+B0004
000140 10 0001,000 0001,000 000000000001,050000 000000000001,050000 Boukari Illa    0007 S0010+B0002
000141 10 0001,000 0001,000 000000000001,650000 000000000001,650000 Boukari Illa    0007 S0010+B0002
000142 15 0001,000 0001,000 000000000002,450000 000000000002,450000 Boukari Illa    0007 S0010+B0002
000143 21 0001,000 0001,000 000000000000,900000 000000000000,900000 Boukari Illa    0007 S0010+B0002
000144 21 0001,000 0001,000 000000000001,440000 000000000001,440000 Boukari Illa    0007 S0010+B0002
000145 25 0001,000 0001,000 000000000001,600000 000000000001,600000 Boukari Illa    0007 S0010+B0003
000146 25 0001,000 0001,000 000000000001,350000 000000000001,350000 Boukari Illa    0007 S0010+B0003
000147 21 0001,000 0001,000 000000000000,500000 000000000000,500000 Boukari Illa    0007 S0010+B0003
000148 21 0001,000 0001,000 000000000003,800000 000000000003,800000 Boukari Illa    0007 S0010+B0003
000149 15 0001,000 0001,000 000000000001,400000 000000000001,400000 Boukari Illa    0007 S0010+B0003
000150 15 0001,000 0001,000 000000000002,450000 000000000002,450000 Boukari Illa    0007 S0010+B0003
000151 09 0001,000 0001,000 000000000002,500000 000000000002,500000 Boukari Illa    0007 S0010+B0003
000152 09 0001,000 0001,000 000000000002,200000 000000000002,200000 Boukari Illa    0007 S0010+B0003
000153 08 0001,000 0001,000 000000000001,900000 000000000001,900000 Boukari Illa    0007 S0010+B0003
000154 08 0001,000 0001,000 000000000002,050000 000000000002,050000 Boukari Illa    0007 S0010+B0003
000155 05 0001,000 0001,000 000000000001,800000 000000000001,800000 Boukari Illa    0007 S0010+B0003
000156 05 0001,000 0001,000 000000000001,000000 000000000001,000000 Boukari Illa    0007 S0010+B0003
000157 04 0001,000 0001,000 000000000001,950000 000000000001,950000 Boukari Illa    0007 S0010+B0003
000158 04 0001,000 0001,000 000000000000,180000 000000000000,180000 Boukari Illa    0007 S0010+B0003
000159 28 0001,000 0001,000 000000000001,950000 000000000001,950000 Boukari Illa    0007 S0010+B0003
000160 28 0001,000 0001,000 000000000001,080000 000000000001,080000 Boukari Illa    0007 S0010+B0003
000161 01 0001,000 0000,500 000000000011,800000 000000000011,800000 Amadou Ganda    0008 S0013+B0003
000162 01 0001,000 0001,000 000000000006,700000 000000000006,700000 Amadou Ganda    0008 S0013+B0003
000163 05 0001,000 0000,500 000000000010,200000 000000000010,200000 Amadou Ganda    0008 S0013+B0003
000164 05 0001,000 0000,500 000000000007,900000 000000000007,900000 Amadou Ganda    0008 S0013+B0003
000165 09 0001,000 0000,500 000000000009,400000 000000000009,400000 Amadou Ganda    0008 S0013+B0003
000166 09 0001,000 0000,500 000000000008,200000 000000000008,200000 Amadou Ganda    0008 S0013+B0003
000167 14 0001,000 0000,500 000000000019,100000 000000000019,100000 Amadou Ganda    0008 S0013+B0003
000168 14 0001,000 0000,500 000000000016,000000 000000000016,000000 Amadou Ganda    0008 S0013+B0003
000169 18 0001,000 0000,500 000000000012,300000 000000000012,300000 Amadou Ganda    0008 S0013+B0003
000170 18 0001,000 0000,500 000000000009,799999 000000000009,799999 Amadou Ganda    0008 S0013+B0003
000171 23 0001,000 0000,500 000000000013,100000 000000000013,100000 Amadou Ganda    0008 S0013+B0003
000172 23 0001,000 0000,500 000000000009,200000 000000000009,200000 Amadou Ganda    0008 S0013+B0003
000173 27 0001,000 0001,000 000000000007,500000 000000000007,500000 Amadou Ganda    0008 S0013+B0003
000174 27 0001,000 0001,000 000000000004,400000 000000000004,400000 Amadou Ganda    0008 S0013+B0003
000175 30 0001,000 0000,500 000000000013,500000 000000000013,500000 Amadou Ganda    0008 S0013+B0003
000176 30 0001,000 0000,500 000000000010,650000 000000000010,650000 Amadou Ganda    0008 S0013+B0003
000177 02 0001,000 0001,000 000000000012,000000 000000000012,000000 Binta Niang     0008 S0011+B0002
000178 02 0001,000 0001,000 000000000005,000000 000000000005,000000 Binta Niang     0008 S0011+B0002
000179 03 0001,000 0001,000 000000000009,000000 000000000009,000000 Binta Niang     0008 S0011+B0002
000180 03 0001,000 0001,000 000000000010,000000 000000000010,000000 Binta Niang     0008 S0011+B0002
000181 11 0001,000 0001,000 000000000012,000000 000000000012,000000 Binta Niang     0008 S0011+B0002
000182 11 0001,000 0001,000 000000000011,000000 000000000011,000000 Binta Niang     0008 S0011+B0002
000183 12 0001,000 0001,000 000000000006,000000 000000000006,000000 Binta Niang     0008 S0011+B0002
000184 12 0001,000 0001,000 000000000005,000000 000000000005,000000 Binta Niang     0008 S0011+B0002
000185 19 0001,000 0001,000 000000000005,000000 000000000005,000000 Binta Niang     0008 S0011+B0002
000186 19 0001,000 0001,000 000000000005,000000 000000000005,000000 Binta Niang     0008 S0011+B0002
000187 20 0001,000 0001,000 000000000019,500000 000000000019,500000 Binta Niang     0008 S0011+B0002
000188 20 0001,000 0001,000 000000000013,000000 000000000013,000000 Binta Niang     0008 S0011+B0002
000189 28 0001,000 0001,000 000000000004,500000 000000000004,500000 Binta Niang     0008 S0011+B0002
000190 28 0001,000 0001,000 000000000007,500000 000000000007,500000 Binta Niang     0008 S0011+B0002
000191 02 0001,000 0001,000 000000000011,000000 000000000011,000000 Binta Niang     0008 S0011+B0001
000192 02 0001,000 0001,000 000000000008,000000 000000000008,000000 Binta Niang     0008 S0011+B0001
000193 03 0001,000 0001,000 000000000007,000000 000000000007,000000 Binta Niang     0008 S0011+B0001
000194 03 0001,000 0001,000 000000000006,500000 000000000006,500000 Binta Niang     0008 S0011+B0001
000195 11 0001,000 0001,000 000000000005,500000 000000000005,500000 Binta Niang     0008 S0011+B0001
000196 11 0001,000 0001,000 000000000010,000000 000000000010,000000 Binta Niang     0008 S0011+B0001
000197 12 0001,000 0001,000 000000000004,500000 000000000004,500000 Binta Niang     0008 S0011+B0001
000198 12 0001,000 0001,000 000000000004,000000 000000000004,000000 Binta Niang     0008 S0011+B0001
000199 19 0001,000 0001,000 000000000005,000000 000000000005,000000 Binta Niang     0008 S0011+B0001
000200 19 0001,000 0001,000 000000000009,500000 000000000009,500000 Binta Niang     0008 S0011+B0001
000201 20 0001,000 0001,000 000000000012,000000 000000000012,000000 Binta Niang     0008 S0011+B0001
000202 20 0001,000 0001,000 000000000009,500000 000000000009,500000 Binta Niang     0008 S0011+B0001
000203 28 0001,000 0001,000 000000000013,000000 000000000013,000000 Binta Niang     0008 S0011+B0001
000204 28 0001,000 0001,000 000000000003,000000 000000000003,000000 Binta Niang     0008 S0011+B0001
000205 29 0001,000 0001,000 000000000006,000000 000000000006,000000 Binta Niang     0008 S0011+B0001
000206 02 0001,000 0001,000 000000000004,000000 000000000004,000000 Binta Niang     0008 S0011+B0005
000207 03 0001,000 0001,000 000000000004,000000 000000000004,000000 Binta Niang     0008 S0011+B0005
000208 11 0001,000 0001,000 000000000005,000000 000000000005,000000 Binta Niang     0008 S0011+B0005
000209 12 0001,000 0001,000 000000000010,000000 000000000010,000000 Binta Niang     0008 S0011+B0005
000210 19 0001,000 0001,000 000000000005,000000 000000000005,000000 Binta Niang     0008 S0011+B0005
000211 20 0001,000 0001,000 000000000008,000000 000000000008,000000 Binta Niang     0008 S0011+B0005
000212 28 0001,000 0001,000 000000000006,500000 000000000006,500000 Binta Niang     0008 S0011+B0005
