000001 02 0001,000 0001,000 000000000007,300000 000000000007,300000 Issaka Hamidou  0003 S0003+B0002
000002 02 0001,000 0001,000 000000000001,300000 000000000001,300000 Issaka Hamidou  0003 S0003+B0002
000003 10 0001,000 0001,000 000000000012,000000 000000000012,000000 Issaka Hamidou  0003 S0003+B0002
000004 10 0001,000 0001,000 000000000011,100000 000000000011,100000 Issaka Hamidou  0003 S0003+B0002
000005 09 0001,000 0001,000 000000000015,700000 000000000015,700000 Issaka Hamidou  0003 S0003+B0002
000006 09 0001,000 0001,000 000000000002,200000 000000000002,200000 Issaka Hamidou  0003 S0003+B0002
000007 06 0001,000 0001,000 000000000004,500000 000000000004,500000 Issaka Hamidou  0003 S0003+B0002
000008 06 0001,000 0001,000 000000000011,500000 000000000011,500000 Issaka Hamidou  0003 S0003+B0002
000009 17 0001,000 0001,000 000000000013,900000 000000000013,900000 Issaka Hamidou  0003 S0003+B0002
000010 17 0001,000 0001,000 000000000011,300000 000000000011,300000 Issaka Hamidou  0003 S0003+B0002
000011 15 0001,000 0001,000 000000000014,800000 000000000014,800000 Issaka Hamidou  0003 S0003+B0002
000012 15 0001,000 0001,000 000000000004,870000 000000000004,870000 Issaka Hamidou  0003 S0003+B0002
000013 19 0001,000 0001,000 000000000003,100000 000000000003,100000 Issaka Hamidou  0003 S0003+B0002
000014 19 0001,000 0001,000 000000000010,000000 000000000010,000000 Issaka Hamidou  0003 S0003+B0002
000015 24 0001,000 0001,000 000000000011,100000 000000000011,100000 Issaka Hamidou  0003 S0003+B0002
000016 24 0001,000 0001,000 000000000012,800000 000000000012,800000 Issaka Hamidou  0003 S0003+B0002
000017 03 0001,000 0001,000 000000000007,620000 000000000007,620000 Issaka Hamidou  0003 S0003+B0001
000018 25 0001,000 0001,000 000000000014,900000 000000000014,900000 Issaka Hamidou  0003 S0003+B0001
000019 25 0001,000 0001,000 000000000029,600000 000000000029,600000 Issaka Hamidou  0003 S0003+B0001
000020 04 0001,000 0001,000 000000000004,000000 000000000004,000000 S. François     0004 S0004+B0001
000021 04 0001,000 0001,000 000000000002,800000 000000000002,800000 S. François     0004 S0004+B0001
000022 06 0001,000 0001,000 000000000004,900000 000000000004,900000 S. François     0004 S0004+B0001
000023 06 0001,000 0001,000 000000000004,500000 000000000004,500000 S. François     0004 S0004+B0001
000024 18 0001,000 0001,000 000000000005,700000 000000000005,700000 S. François     0004 S0004+B0001
000025 18 0001,000 0001,000 000000000007,900000 000000000007,900000 S. François     0004 S0004+B0001
000026 14 0001,000 0001,000 000000000004,400000 000000000004,400000 S. François     0004 S0004+B0001
000027 14 0001,000 0001,000 000000000004,700000 000000000004,700000 S. François     0004 S0004+B0001
000028 28 0001,000 0001,000 000000000005,500000 000000000005,500000 S. François     0004 S0004+B0001
000029 28 0001,000 0001,000 000000000007,100000 000000000007,100000 S. François     0004 S0004+B0001
000030 20 0001,000 0001,000 000000000005,200000 000000000005,200000 S. François     0004 S0004+B0001
000031 20 0001,000 0001,000 000000000006,400000 000000000006,400000 S. François     0004 S0004+B0001
000032 25 0001,000 0001,000 000000000005,300000 000000000005,300000 S. François     0004 S0004+B0001
000033 25 0001,000 0001,000 000000000006,800000 000000000006,800000 S. François     0004 S0004+B0001
000034 10 0001,000 0001,000 000000000003,000000 000000000003,000000 S. François     0004 S0004+B0002
000035 10 0001,000 0001,000 000000000005,300000 000000000005,300000 S. François     0004 S0004+B0002
000036 01 0001,000 0001,000 000000000003,100000 000000000003,100000 S. François     0004 S0004+B0002
000037 01 0001,000 0001,000 000000000007,500000 000000000007,500000 S. François     0004 S0004+B0002
000038 26 0001,000 0001,000 000000000009,000000 000000000009,000000 Abdoulaye S.    0004 S0005+B0003
000039 07 0001,000 0001,000 000000000009,000000 000000000009,000000 Abdoulaye S.    0004 S0005+B0003
000040 26 0001,000 0001,000 000000000080,000000 000000000080,000000 Abdoulaye S.    0004 S0005+B0005
000041 26 0001,000 0001,000 000000000045,000000 000000000045,000000 Abdoulaye S.    0004 S0005+B0005
000042 20 0001,000 0001,000 000000000057,000000 000000000057,000000 Abdoulaye S.    0004 S0005+B0005
000043 20 0001,000 0001,000 000000000015,000000 000000000015,000000 Abdoulaye S.    0004 S0005+B0005
000044 13 0001,000 0001,000 000000000060,000000 000000000060,000000 Abdoulaye S.    0004 S0005+B0005
000045 13 0001,000 0001,000 000000000015,000000 000000000015,000000 Abdoulaye S.    0004 S0005+B0005
000046 07 0001,000 0001,000 000000000020,000000 000000000020,000000 Abdoulaye S.    0004 S0005+B0005
000047 07 0001,000 0001,000 000000000040,000000 000000000040,000000 Abdoulaye S.    0004 S0005+B0005
000056 26 0001,000 0001,000 000000000050,000000 000000000050,000000 Abdoulaye S.    0004 S0005+B0001
000057 26 0001,000 0001,000 000000000027,000000 000000000027,000000 Abdoulaye S.    0004 S0005+B0001
000058 20 0001,000 0001,000 000000000050,000000 000000000050,000000 Abdoulaye S.    0004 S0005+B0001
000059 20 0001,000 0001,000 000000000020,000000 000000000020,000000 Abdoulaye S.    0004 S0005+B0001
000060 13 0001,000 0001,000 000000000047,000000 000000000047,000000 Abdoulaye S.    0004 S0005+B0001
000061 13 0001,000 0001,000 000000000030,000000 000000000030,000000 Abdoulaye S.    0004 S0005+B0001
000062 07 0001,000 0001,000 000000000010,000000 000000000010,000000 Abdoulaye S.    0004 S0005+B0001
000063 07 0001,000 0001,000 000000000036,000000 000000000036,000000 Abdoulaye S.    0004 S0005+B0001
000064 03 0001,000 0001,000 000000000002,000000 000000000002,000000 Amadou Moukaila 0005 S0007+B0001
000065 03 0001,000 0001,000 000000000001,500000 000000000001,500000 Amadou Moukaila 0005 S0007+B0001
000066 30 0001,000 0001,000 000000000001,000000 000000000001,000000 Amadou Moukaila 0005 S0007+B0001
000067 30 0001,000 0001,000 000000000001,000000 000000000001,000000 Amadou Moukaila 0005 S0007+B0001
000068 08 0001,000 0001,000 000000000001,500000 000000000001,500000 Amadou Moukaila 0005 S0007+B0001
000069 08 0001,000 0001,000 000000000007,500000 000000000007,500000 Amadou Moukaila 0005 S0007+B0001
000070 10 0001,000 0001,000 000000000000,001000 000000000000,001000 Amadou Moukaila 0005 S0007+B0001
000071 10 0001,000 0001,000 000000000003,000000 000000000003,000000 Amadou Moukaila 0005 S0007+B0001
000072 16 0001,000 0001,000 000000000000,500000 000000000000,500000 Amadou Moukaila 0005 S0007+B0001
000073 16 0001,000 0001,000 000000000001,500000 000000000001,500000 Amadou Moukaila 0005 S0007+B0001
000074 21 0001,000 0001,000 000000000000,001000 000000000000,001000 Amadou Moukaila 0005 S0007+B0001
000075 21 0001,000 0001,000 000000000000,001000 000000000000,001000 Amadou Moukaila 0005 S0007+B0001
000076 23 0001,000 0001,000 000000000001,000000 000000000001,000000 Amadou Moukaila 0005 S0007+B0001
000077 29 0001,000 0001,000 000000000009,000000 000000000009,000000 Amadou Moukaila 0005 S0007+B0001
000078 29 0001,000 0001,000 000000000000,001000 000000000000,001000 Amadou Moukaila 0005 S0007+B0001
000079 30 0001,000 0001,000 000000000007,500000 000000000007,500000 Amadou Moukaila 0005 S0008+B0001
000080 30 0001,000 0001,000 000000000005,000000 000000000005,000000 Amadou Moukaila 0005 S0008+B0001
000081 02 0001,000 0001,000 000000000002,000000 000000000002,000000 Amadou Moukaila 0005 S0008+B0001
000082 02 0001,000 0001,000 000000000004,500000 000000000004,500000 Amadou Moukaila 0005 S0008+B0001
000083 07 0001,000 0001,000 000000000003,500000 000000000003,500000 Amadou Moukaila 0005 S0008+B0001
000084 07 0001,000 0001,000 000000000005,500000 000000000005,500000 Amadou Moukaila 0005 S0008+B0001
000085 09 0001,000 0001,000 000000000004,000000 000000000004,000000 Amadou Moukaila 0005 S0008+B0001
000086 09 0001,000 0001,000 000000000002,500000 000000000002,500000 Amadou Moukaila 0005 S0008+B0001
000087 14 0001,000 0001,000 000000000005,000000 000000000005,000000 Amadou Moukaila 0005 S0008+B0001
000088 14 0001,000 0001,000 000000000005,500000 000000000005,500000 Amadou Moukaila 0005 S0008+B0001
000089 16 0001,000 0001,000 000000000002,500000 000000000002,500000 Amadou Moukaila 0005 S0008+B0001
000090 16 0001,000 0001,000 000000000006,500000 000000000006,500000 Amadou Moukaila 0005 S0008+B0001
000091 21 0001,000 0001,000 000000000003,500000 000000000003,500000 Amadou Moukaila 0005 S0008+B0001
000092 21 0001,000 0001,000 000000000004,500000 000000000004,500000 Amadou Moukaila 0005 S0008+B0001
000093 23 0001,000 0001,000 000000000004,500000 000000000004,500000 Amadou Moukaila 0005 S0008+B0001
000094 23 0001,000 0001,000 000000000004,000000 000000000004,000000 Amadou Moukaila 0005 S0008+B0001
000095 27 0001,000 0001,000 000000000004,000000 000000000004,000000 Amadou Moukaila 0005 S0008+B0001
000096 27 0001,000 0001,000 000000000002,500000 000000000002,500000 Amadou Moukaila 0005 S0008+B0001
000097 29 0001,000 0001,000 000000000004,500000 000000000004,500000 Amadou Moukaila 0005 S0008+B0001
000098 29 0001,000 0001,000 000000000004,000000 000000000004,000000 Amadou Moukaila 0005 S0008+B0001
000099 12 0001,000 0001,000 000000000002,020000 000000000002,020000 Smaila Arzika   0008 S0013+B0003
000100 12 0001,000 0001,000 000000000002,000000 000000000002,000000 Smaila Arzika   0008 S0013+B0003
000101 09 0001,000 0001,000 000000000002,000000 000000000002,000000 Smaila Arzika   0008 S0013+B0003
000102 09 0001,000 0001,000 000000000000,800000 000000000000,800000 Smaila Arzika   0008 S0013+B0003
000103 07 0001,000 0001,000 000000000008,000000 000000000008,000000 Smaila Arzika   0008 S0013+B0003
000104 07 0001,000 0001,000 000000000001,000000 000000000001,000000 Smaila Arzika   0008 S0013+B0003
000105 27 0001,000 0001,000 000000000001,700000 000000000001,700000 Smaila Arzika   0008 S0013+B0003
000106 27 0001,000 0001,000 000000000003,500000 000000000003,500000 Smaila Arzika   0008 S0013+B0003
000107 24 0001,000 0001,000 000000000003,200000 000000000003,200000 Smaila Arzika   0008 S0013+B0003
000108 24 0001,000 0001,000 000000000001,700000 000000000001,700000 Smaila Arzika   0008 S0013+B0003
000109 21 0001,000 0001,000 000000000001,800000 000000000001,800000 Smaila Arzika   0008 S0013+B0003
000110 21 0001,000 0001,000 000000000002,000000 000000000002,000000 Smaila Arzika   0008 S0013+B0003
000111 16 0001,000 0001,000 000000000000,780000 000000000000,780000 Smaila Arzika   0008 S0013+B0003
000112 16 0001,000 0001,000 000000000002,600000 000000000002,600000 Smaila Arzika   0008 S0013+B0003
000113 04 0001,000 0001,000 000000000005,300000 000000000005,300000 Smaila Arzika   0008 S0013+B0003
000114 04 0001,000 0001,000 000000000002,300000 000000000002,300000 Smaila Arzika   0008 S0013+B0003
000115 30 0001,000 0001,000 000000000009,000000 000000000009,000000 Ibrahim Niandou 0008 S0012+B0001
000116 30 0001,000 0001,000 000000000011,500000 000000000011,500000 Ibrahim Niandou 0008 S0012+B0001
000117 25 0001,000 0001,000 000000000012,500000 000000000012,500000 Ibrahim Niandou 0008 S0012+B0001
000118 25 0001,000 0001,000 000000000014,000000 000000000014,000000 Ibrahim Niandou 0008 S0012+B0001
000119 21 0001,000 0001,000 000000000021,000000 000000000021,000000 Ibrahim Niandou 0008 S0012+B0001
000120 21 0001,000 0001,000 000000000018,000000 000000000018,000000 Ibrahim Niandou 0008 S0012+B0001
000121 17 0001,000 0001,000 000000000007,000000 000000000007,000000 Ibrahim Niandou 0008 S0012+B0001
000122 17 0001,000 0001,000 000000000010,500000 000000000010,500000 Ibrahim Niandou 0008 S0012+B0001
000123 13 0001,000 0001,000 000000000016,000000 000000000016,000000 Ibrahim Niandou 0008 S0012+B0001
000124 13 0001,000 0001,000 000000000018,000000 000000000018,000000 Ibrahim Niandou 0008 S0012+B0001
000125 10 0001,000 0001,000 000000000017,500000 000000000017,500000 Ibrahim Niandou 0008 S0012+B0001
000126 10 0001,000 0001,000 000000000012,000000 000000000012,000000 Ibrahim Niandou 0008 S0012+B0001
000127 07 0001,000 0001,000 000000000028,000000 000000000028,000000 Ibrahim Niandou 0008 S0012+B0001
000128 07 0001,000 0001,000 000000000009,000000 000000000009,000000 Ibrahim Niandou 0008 S0012+B0001
000129 03 0001,000 0001,000 000000000033,000000 000000000033,000000 Ibrahim Niandou 0008 S0012+B0001
000130 03 0001,000 0001,000 000000000006,500000 000000000006,500000 Ibrahim Niandou 0008 S0012+B0001
000131 03 0001,000 0001,000 000000000002,000000 000000000002,000000 Kassoum A.      0006 S0009+B0001
000132 03 0001,000 0001,000 000000000001,500000 000000000001,500000 Kassoum A.      0006 S0009+B0001
000133 04 0001,000 0001,000 000000000004,000000 000000000004,000000 Kassoum A.      0006 S0009+B0001
000134 04 0001,000 0001,000 000000000000,750000 000000000000,750000 Kassoum A.      0006 S0009+B0001
000135 11 0001,000 0001,000 000000000003,500000 000000000003,500000 Kassoum A.      0006 S0009+B0001
000136 11 0001,000 0001,000 000000000003,000000 000000000003,000000 Kassoum A.      0006 S0009+B0001
000137 12 0001,000 0001,000 000000000002,500000 000000000002,500000 Kassoum A.      0006 S0009+B0001
000138 12 0001,000 0001,000 000000000002,500000 000000000002,500000 Kassoum A.      0006 S0009+B0001
000139 22 0001,000 0001,000 000000000017,000000 000000000017,000000 Kassoum A.      0006 S0009+B0001
000140 22 0001,000 0001,000 000000000029,000000 000000000029,000000 Kassoum A.      0006 S0009+B0001
000141 23 0001,000 0001,000 000000000022,000000 000000000022,000000 Kassoum A.      0006 S0009+B0001
000142 23 0001,000 0001,000 000000000010,000000 000000000010,000000 Kassoum A.      0006 S0009+B0001
000143 23 0001,000 0001,000 000000000004,000000 000000000004,000000 Kassoum A.      0006 S0009+B0005
000144 23 0001,000 0001,000 000000000003,000000 000000000003,000000 Kassoum A.      0006 S0009+B0005
000145 22 0001,000 0001,000 000000000002,000000 000000000002,000000 Kassoum A.      0006 S0009+B0005
000146 22 0001,000 0001,000 000000000005,000000 000000000005,000000 Kassoum A.      0006 S0009+B0005
000147 12 0001,000 0001,000 000000000004,500000 000000000004,500000 Kassoum A.      0006 S0009+B0005
000148 12 0001,000 0001,000 000000000005,000000 000000000005,000000 Kassoum A.      0006 S0009+B0005
000149 11 0001,000 0001,000 000000000006,000000 000000000006,000000 Kassoum A.      0006 S0009+B0005
000150 11 0001,000 0001,000 000000000008,500000 000000000008,500000 Kassoum A.      0006 S0009+B0005
000151 04 0001,000 0001,000 000000000008,000000 000000000008,000000 Kassoum A.      0006 S0009+B0005
000152 04 0001,000 0001,000 000000000000,750000 000000000000,750000 Kassoum A.      0006 S0009+B0005
000153 03 0001,000 0001,000 000000000002,000000 000000000002,000000 Kassoum A.      0006 S0009+B0005
000154 03 0001,000 0001,000 000000000001,250000 000000000001,250000 Kassoum A.      0006 S0009+B0005
000155 28 0001,000 0001,000 000000000001,600000 000000000001,600000 boukari illa    0007 S0010+B0001
000156 28 0001,000 0001,000 000000000002,050000 000000000002,050000 boukari illa    0007 S0010+B0001
000157 25 0001,000 0001,000 000000000000,320000 000000000000,320000 boukari illa    0007 S0010+B0001
000158 25 0001,000 0001,000 000000000000,330000 000000000000,330000 boukari illa    0007 S0010+B0001
000159 20 0001,000 0001,000 000000000001,270000 000000000001,270000 boukari illa    0007 S0010+B0001
000160 20 0001,000 0001,000 000000000001,460000 000000000001,460000 boukari illa    0007 S0010+B0001
000161 16 0001,000 0001,000 000000000000,510000 000000000000,510000 boukari illa    0007 S0010+B0001
000162 16 0001,000 0001,000 000000000001,690000 000000000001,690000 boukari illa    0007 S0010+B0001
000163 14 0001,000 0001,000 000000000005,605000 000000000005,605000 boukari illa    0007 S0010+B0001
000164 14 0001,000 0001,000 000000000001,350000 000000000001,350000 boukari illa    0007 S0010+B0001
000165 10 0001,000 0001,000 000000000002,200000 000000000002,200000 boukari illa    0007 S0010+B0001
000166 10 0001,000 0001,000 000000000001,400000 000000000001,400000 boukari illa    0007 S0010+B0001
000167 10 0001,000 0001,000 000000000001,700000 000000000001,700000 boukari illa    0007 S0010+B0001
000168 10 0001,000 0001,000 000000000006,000000 000000000006,000000 boukari illa    0007 S0010+B0001
000169 04 0001,000 0001,000 000000000001,350000 000000000001,350000 boukari illa    0007 S0010+B0001
000170 04 0001,000 0001,000 000000000001,700000 000000000001,700000 boukari illa    0007 S0010+B0001
000171 25 0001,000 0001,000 000000000000,600000 000000000000,600000 boukari illa    0007 S0010+B0002
000172 25 0001,000 0001,000 000000000002,100000 000000000002,100000 boukari illa    0007 S0010+B0002
000173 28 0001,000 0001,000 000000000002,050000 000000000002,050000 boukari illa    0007 S0010+B0002
000174 28 0001,000 0001,000 000000000000,150000 000000000000,150000 boukari illa    0007 S0010+B0002
000175 20 0001,000 0001,000 000000000001,500000 000000000001,500000 boukari illa    0007 S0010+B0002
000176 20 0001,000 0001,000 000000000001,000000 000000000001,000000 boukari illa    0007 S0010+B0002
000177 16 0001,000 0001,000 000000000003,750000 000000000003,750000 boukari illa    0007 S0010+B0002
000178 16 0001,000 0001,000 000000000003,350000 000000000003,350000 boukari illa    0007 S0010+B0002
000179 14 0001,000 0001,000 000000000005,180000 000000000005,180000 boukari illa    0007 S0010+B0002
000180 14 0001,000 0001,000 000000000005,630000 000000000005,630000 boukari illa    0007 S0010+B0002
000181 10 0001,000 0001,000 000000000000,900000 000000000000,900000 boukari illa    0007 S0010+B0002
000182 10 0001,000 0001,000 000000000001,870000 000000000001,870000 boukari illa    0007 S0010+B0002
000183 02 0001,000 0001,000 000000000002,000000 000000000002,000000 boukari illa    0007 S0010+B0002
000184 02 0001,000 0001,000 000000000002,700000 000000000002,700000 boukari illa    0007 S0010+B0002
000185 04 0001,000 0001,000 000000000001,500000 000000000001,500000 boukari illa    0007 S0010+B0002
000186 04 0001,000 0001,000 000000000001,000000 000000000001,000000 boukari illa    0007 S0010+B0002
000187 28 0001,000 0001,000 000000000002,090000 000000000002,090000 boukari illa    0007 S0010+B0003
000188 28 0001,000 0001,000 000000000001,300000 000000000001,300000 boukari illa    0007 S0010+B0003
000189 28 0001,000 0001,000 000000000000,800000 000000000000,800000 boukari illa    0007 S0010+B0003
000190 28 0001,000 0001,000 000000000000,400000 000000000000,400000 boukari illa    0007 S0010+B0003
000191 28 0001,000 0001,000 000000000002,700000 000000000002,700000 boukari illa    0007 S0010+B0005
000192 28 0001,000 0001,000 000000000002,200000 000000000002,200000 boukari illa    0007 S0010+B0005
000193 25 0001,000 0001,000 000000000002,250000 000000000002,250000 boukari illa    0007 S0010+B0005
000194 25 0001,000 0001,000 000000000001,380000 000000000001,380000 boukari illa    0007 S0010+B0005
000195 20 0001,000 0001,000 000000000002,000000 000000000002,000000 boukari illa    0007 S0010+B0005
000196 20 0001,000 0001,000 000000000002,000000 000000000002,000000 boukari illa    0007 S0010+B0005
000198 16 0001,000 0001,000 000000000002,500000 000000000002,500000 boukari illa    0007 S0010+B0005
000199 16 0001,000 0001,000 000000000002,400000 000000000002,400000 boukari illa    0007 S0010+B0005
000200 14 0001,000 0001,000 000000000003,000000 000000000003,000000 boukari illa    0007 S0010+B0005
000201 14 0001,000 0001,000 000000000003,200000 000000000003,200000 boukari illa    0007 S0010+B0005
000202 10 0001,000 0001,000 000000000004,200000 000000000004,200000 boukari illa    0007 S0010+B0005
000203 10 0001,000 0001,000 000000000001,800000 000000000001,800000 boukari illa    0007 S0010+B0005
