000001 18 0001,000 0001,000 000000000010,800000 000000000010,800000 Issaka Hamidou  0003 S0003+B0001
000002 18 0001,000 0001,000 000000000003,100000 000000000003,100000 Issaka Hamidou  0003 S0003+B0001
000003 19 0001,000 0001,000 000000000005,700000 000000000005,700000 Issaka Hamidou  0003 S0003+B0001
000004 17 0001,000 0001,000 000000000005,160000 000000000005,160000 Issaka Hamidou  0003 S0003+B0001
000005 17 0001,000 0001,000 000000000001,100000 000000000001,100000 Issaka Hamidou  0003 S0003+B0001
000006 16 0001,000 0001,000 000000000006,100000 000000000006,100000 Issaka Hamidou  0003 S0003+B0001
000007 16 0001,000 0001,000 000000000002,670000 000000000002,670000 Issaka Hamidou  0003 S0003+B0001
000008 04 0001,000 0001,000 000000000007,100000 000000000007,100000 Issaka Hamidou  0003 S0003+B0002
000009 04 0001,000 0001,000 000000000004,100000 000000000004,100000 Issaka Hamidou  0003 S0003+B0002
000010 05 0001,000 0001,000 000000000004,730000 000000000004,730000 Issaka Hamidou  0003 S0003+B0002
000011 09 0001,000 0001,000 000000000012,500000 000000000012,500000 Issaka Hamidou  0003 S0003+B0002
000012 09 0001,000 0001,000 000000000008,000000 000000000008,000000 Issaka Hamidou  0003 S0003+B0002
000013 10 0001,000 0001,000 000000000005,500000 000000000005,500000 Issaka Hamidou  0003 S0003+B0002
000014 10 0001,000 0001,000 000000000003,100000 000000000003,100000 Issaka Hamidou  0003 S0003+B0002
000015 24 0001,000 0001,000 000000000004,100000 000000000004,100000 Issaka Hamidou  0003 S0003+B0002
000016 24 0001,000 0001,000 000000000008,700000 000000000008,700000 Issaka Hamidou  0003 S0003+B0002
000017 23 0001,000 0001,000 000000000007,100000 000000000007,100000 Issaka Hamidou  0003 S0003+B0002
000018 23 0001,000 0001,000 000000000003,550000 000000000003,550000 Issaka Hamidou  0003 S0003+B0002
000019 09 0001,000 0001,000 000000000011,100000 000000000011,100000 Issaka Hamidou  0003 S0003+B0003
000020 29 0001,000 0001,000 000000000016,100000 000000000016,100000 A.Abdoulaye     0004 S0004+B0001
000021 11 0001,000 0001,000 000000000004,500000 000000000004,500000 A.Abdoulaye     0004 S0004+B0001
000022 22 0001,000 0001,000 000000000005,000000 000000000005,000000 A.Abdoulaye     0004 S0004+B0001
000023 08 0001,000 0001,000 000000000004,200000 000000000004,200000 A.Abdoulaye     0004 S0004+B0001
000024 08 0001,000 0001,000 000000000005,400000 000000000005,400000 A.Abdoulaye     0004 S0004+B0001
000025 08 0001,000 0001,000 000000000008,000000 000000000008,000000 A.Abdoulaye     0004 S0004+B0003
000026 22 0001,000 0001,000 000000000007,800000 000000000007,800000 A.Abdoulaye     0004 S0004+B0003
000027 29 0001,000 0001,000 000000000021,000000 000000000021,000000 A.Abdoulaye     0004 S0004+B0003
000028 08 0001,000 0001,000 000000000034,900002 000000000034,900002 A.Abdoulaye     0004 S0004+B0002
000029 22 0001,000 0001,000 000000000012,000000 000000000012,000000 A.Abdoulaye     0004 S0004+B0002
000030 29 0001,000 0001,000 000000000022,600000 000000000022,600000 A.Abdoulaye     0004 S0004+B0002
000031 11 0001,000 0001,000 000000000020,400000 000000000020,400000 A.Abdoulaye     0004 S0004+B0002
000032 29 0001,000 0001,000 000000000006,000000 000000000006,000000 Amadou Moukaila 0005 S0008+B0001
000033 29 0001,000 0001,000 000000000002,000000 000000000002,000000 Amadou Moukaila 0005 S0008+B0001
000034 01 0001,000 0001,000 000000000009,000000 000000000009,000000 Amadou Moukaila 0005 S0008+B0001
000035 01 0001,000 0001,000 000000000007,000000 000000000007,000000 Amadou Moukaila 0005 S0008+B0001
000036 18 0001,000 0001,000 000000000002,750000 000000000002,750000 Amadou Moukaila 0005 S0008+B0001
000037 18 0001,000 0001,000 000000000001,750000 000000000001,750000 Amadou Moukaila 0005 S0008+B0001
000038 26 0001,000 0001,000 000000000006,500000 000000000006,500000 Amadou Moukaila 0005 S0008+B0001
000039 26 0001,000 0001,000 000000000008,000000 000000000008,000000 Amadou Moukaila 0005 S0008+B0001
000040 23 0001,000 0001,000 000000000005,500000 000000000005,500000 Amadou Moukaila 0005 S0008+B0001
000041 23 0001,000 0001,000 000000000007,000000 000000000007,000000 Amadou Moukaila 0005 S0008+B0001
000042 16 0001,000 0001,000 000000000004,500000 000000000004,500000 Amadou Moukaila 0005 S0008+B0001
000043 16 0001,000 0001,000 000000000004,000000 000000000004,000000 Amadou Moukaila 0005 S0008+B0001
000044 12 0001,000 0001,000 000000000002,750000 000000000002,750000 Amadou Moukaila 0005 S0008+B0001
000045 12 0001,000 0001,000 000000000006,000000 000000000006,000000 Amadou Moukaila 0005 S0008+B0001
000046 10 0001,000 0001,000 000000000002,000000 000000000002,000000 Amadou Moukaila 0005 S0008+B0001
000047 10 0001,000 0001,000 000000000002,500000 000000000002,500000 Amadou Moukaila 0005 S0008+B0001
000048 07 0001,000 0001,000 000000000001,750000 000000000001,750000 Amadou Moukaila 0005 S0008+B0001
000049 07 0001,000 0001,000 000000000001,250000 000000000001,250000 Amadou Moukaila 0005 S0008+B0001
000050 03 0001,000 0001,000 000000000003,000000 000000000003,000000 Amadou Moukaila 0005 S0008+B0001
000051 03 0001,000 0001,000 000000000006,000000 000000000006,000000 Amadou Moukaila 0005 S0008+B0001
000052 31 0001,000 0001,000 000000000001,000000 000000000001,000000 Amadou Moukaila 0005 S0007+B0001
000053 31 0001,000 0001,000 000000000006,000000 000000000006,000000 Amadou Moukaila 0005 S0007+B0001
000054 30 0001,000 0001,000 000000000003,000000 000000000003,000000 Amadou Moukaila 0005 S0007+B0001
000055 30 0001,000 0001,000 000000000002,500000 000000000002,500000 Amadou Moukaila 0005 S0007+B0001
000056 22 0001,000 0001,000 000000000004,500000 000000000004,500000 Amadou Moukaila 0005 S0007+B0001
000057 22 0001,000 0001,000 000000000003,500000 000000000003,500000 Amadou Moukaila 0005 S0007+B0001
000058 17 0001,000 0001,000 000000000004,000000 000000000004,000000 Amadou Moukaila 0005 S0007+B0001
000059 17 0001,000 0001,000 000000000005,000000 000000000005,000000 Amadou Moukaila 0005 S0007+B0001
000060 26 0001,000 0001,000 000000000002,750000 000000000002,750000 Amadou Moukaila 0005 S0007+B0001
000061 26 0001,000 0001,000 000000000003,600000 000000000003,600000 Amadou Moukaila 0005 S0007+B0001
000062 11 0001,000 0001,000 000000000005,000000 000000000005,000000 Amadou Moukaila 0005 S0007+B0001
000063 11 0001,000 0001,000 000000000005,000000 000000000005,000000 Amadou Moukaila 0005 S0007+B0001
000064 09 0001,000 0001,000 000000000004,250000 000000000004,250000 Amadou Moukaila 0005 S0007+B0001
000065 09 0001,000 0001,000 000000000004,500000 000000000004,500000 Amadou Moukaila 0005 S0007+B0001
000066 06 0001,000 0001,000 000000000002,000000 000000000002,000000 Amadou Moukaila 0005 S0007+B0001
000067 06 0001,000 0001,000 000000000001,500000 000000000001,500000 Amadou Moukaila 0005 S0007+B0001
000068 02 0001,000 0001,000 000000000002,250000 000000000002,250000 Amadou Moukaila 0005 S0007+B0001
000069 02 0001,000 0001,000 000000000000,001000 000000000000,001000 Amadou Moukaila 0005 S0007+B0001
000070 15 0001,000 0001,000 000000000002,750000 000000000002,750000 Amadou Moukaila 0005 S0007+B0001
000071 15 0001,000 0001,000 000000000002,500000 000000000002,500000 Amadou Moukaila 0005 S0007+B0001
000072 26 0001,000 0000,500 000000000024,500000 000000000024,500000 Amadou Moukaila 0005 S0007+B0002
000073 26 0001,000 0000,500 000000000000,001000 000000000000,001000 Amadou Moukaila 0005 S0007+B0002
000094 02 0001,000 0001,000 000000000000,001000 000000000000,001000 Amadou Moukaila 0005 S0007+B0003
000095 02 0001,000 0001,000 000000000000,001000 000000000000,001000 Amadou Moukaila 0005 S0007+B0003
000096 06 0001,000 0001,000 000000000000,001000 000000000000,001000 Amadou Moukaila 0005 S0007+B0003
000097 06 0001,000 0001,000 000000000000,001000 000000000000,001000 Amadou Moukaila 0005 S0007+B0003
000098 09 0001,000 0001,000 000000000000,001000 000000000000,001000 Amadou Moukaila 0005 S0007+B0003
000099 09 0001,000 0001,000 000000000000,001000 000000000000,001000 Amadou Moukaila 0005 S0007+B0003
000100 11 0001,000 0001,000 000000000000,001000 000000000000,001000 Amadou Moukaila 0005 S0007+B0003
000101 11 0001,000 0001,000 000000000000,001000 000000000000,001000 Amadou Moukaila 0005 S0007+B0003
000102 15 0001,000 0001,000 000000000000,001000 000000000000,001000 Amadou Moukaila 0005 S0007+B0003
000103 15 0001,000 0001,000 000000000000,001000 000000000000,001000 Amadou Moukaila 0005 S0007+B0003
000104 17 0001,000 0001,000 000000000000,001000 000000000000,001000 Amadou Moukaila 0005 S0007+B0003
000105 17 0001,000 0001,000 000000000000,001000 000000000000,001000 Amadou Moukaila 0005 S0007+B0003
000106 22 0001,000 0001,000 000000000000,001000 000000000000,001000 Amadou Moukaila 0005 S0007+B0003
000107 22 0001,000 0001,000 000000000000,001000 000000000000,001000 Amadou Moukaila 0005 S0007+B0003
000108 26 0001,000 0001,000 000000000014,000000 000000000014,000000 Amadou Moukaila 0005 S0007+B0003
000109 26 0001,000 0001,000 000000000004,000000 000000000004,000000 Amadou Moukaila 0005 S0007+B0003
000110 31 0001,000 0001,000 000000000000,001000 000000000000,001000 Amadou Moukaila 0005 S0007+B0003
000111 31 0001,000 0001,000 000000000000,001000 000000000000,001000 Amadou Moukaila 0005 S0007+B0003
000112 30 0001,000 0001,000 000000000001,500000 000000000001,500000 Amadou Moukaila 0005 S0007+B0003
000113 30 0001,000 0001,000 000000000000,001000 000000000000,001000 Amadou Moukaila 0005 S0007+B0003
000114 01 0001,000 0001,000 000000000004,000000 000000000004,000000 GandaAdamou     0008 S0013+B0003
000115 01 0001,000 0001,000 000000000005,000000 000000000005,000000 GandaAdamou     0008 S0013+B0003
000116 07 0001,000 0001,000 000000000009,600000 000000000009,600000 GandaAdamou     0008 S0013+B0003
000117 07 0001,000 0001,000 000000000006,200000 000000000006,200000 GandaAdamou     0008 S0013+B0003
000118 03 0001,000 0000,500 000000000003,000000 000000000003,000000 GandaAdamou     0008 S0013+B0003
000119 03 0001,000 0001,000 000000000004,100000 000000000004,100000 GandaAdamou     0008 S0013+B0003
000120 09 0001,000 0000,500 000000000006,850000 000000000006,850000 GandaAdamou     0008 S0013+B0003
000121 09 0001,000 0000,500 000000000008,100000 000000000008,100000 GandaAdamou     0008 S0013+B0003
000122 16 0001,000 0000,500 000000000010,400000 000000000010,400000 GandaAdamou     0008 S0013+B0003
000123 16 0001,000 0000,500 000000000006,700000 000000000006,700000 GandaAdamou     0008 S0013+B0003
000124 24 0001,000 0000,500 000000000009,000000 000000000009,000000 GandaAdamou     0008 S0013+B0003
000125 24 0001,000 0000,500 000000000005,000000 000000000005,000000 GandaAdamou     0008 S0013+B0003
000126 25 0001,000 0000,500 000000000011,900000 000000000011,900000 GandaAdamou     0008 S0013+B0003
000127 25 0001,000 0000,500 000000000006,600000 000000000006,600000 GandaAdamou     0008 S0013+B0003
000128 30 0001,000 0000,500 000000000008,000000 000000000008,000000 GandaAdamou     0008 S0013+B0003
000129 30 0001,000 0000,500 000000000004,500000 000000000004,500000 GandaAdamou     0008 S0013+B0003
000130 01 0001,000 0001,000 000000000020,000000 000000000020,000000  Binta Niang    0008 S0011+B0005
000131 02 0001,000 0001,000 000000000004,500000 000000000004,500000  Binta Niang    0008 S0011+B0005
000132 08 0001,000 0001,000 000000000010,000000 000000000010,000000  Binta Niang    0008 S0011+B0005
000133 23 0001,000 0001,000 000000000006,500000 000000000006,500000  Binta Niang    0008 S0011+B0005
000134 22 0001,000 0001,000 000000000012,000000 000000000012,000000  Binta Niang    0008 S0011+B0005
000135 16 0001,000 0001,000 000000000012,000000 000000000012,000000  Binta Niang    0008 S0011+B0005
000136 15 0001,000 0001,000 000000000010,000000 000000000010,000000  Binta Niang    0008 S0011+B0005
000137 09 0001,000 0001,000 000000000006,500000 000000000006,500000  Binta Niang    0008 S0011+B0005
000138 01 0001,000 0001,000 000000000042,000000 000000000042,000000  Binta Niang    0008 S0011+B0002
000139 01 0001,000 0001,000 000000000040,000000 000000000040,000000  Binta Niang    0008 S0011+B0002
000140 08 0001,000 0001,000 000000000006,000000 000000000006,000000  Binta Niang    0008 S0011+B0002
000141 08 0001,000 0001,000 000000000009,500000 000000000009,500000  Binta Niang    0008 S0011+B0002
000142 23 0001,000 0001,000 000000000005,000000 000000000005,000000  Binta Niang    0008 S0011+B0002
000143 23 0001,000 0001,000 000000000009,500000 000000000009,500000  Binta Niang    0008 S0011+B0002
000144 22 0001,000 0001,000 000000000021,000000 000000000021,000000  Binta Niang    0008 S0011+B0002
000145 22 0001,000 0001,000 000000000025,000000 000000000025,000000  Binta Niang    0008 S0011+B0002
000146 16 0001,000 0001,000 000000000008,500000 000000000008,500000  Binta Niang    0008 S0011+B0002
000147 16 0001,000 0001,000 000000000008,000000 000000000008,000000  Binta Niang    0008 S0011+B0002
000148 15 0001,000 0001,000 000000000006,500000 000000000006,500000  Binta Niang    0008 S0011+B0002
000149 15 0001,000 0001,000 000000000012,000000 000000000012,000000  Binta Niang    0008 S0011+B0002
000150 09 0001,000 0001,000 000000000016,000000 000000000016,000000  Binta Niang    0008 S0011+B0002
000151 09 0001,000 0001,000 000000000008,500000 000000000008,500000  Binta Niang    0008 S0011+B0002
000152 02 0001,000 0001,000 000000000008,000000 000000000008,000000  Binta Niang    0008 S0011+B0002
000153 02 0001,000 0001,000 000000000006,000000 000000000006,000000  Binta Niang    0008 S0011+B0002
000154 13 0001,000 0001,000 000000000003,550000 000000000003,550000 Boukari Illa    0007 S0010+B0005
000155 13 0001,000 0001,000 000000000003,800000 000000000003,800000 Boukari Illa    0007 S0010+B0005
000156 17 0001,000 0001,000 000000000004,000000 000000000004,000000 Boukari Illa    0007 S0010+B0005
000157 17 0001,000 0001,000 000000000002,000000 000000000002,000000 Boukari Illa    0007 S0010+B0005
000158 21 0001,000 0001,000 000000000002,500000 000000000002,500000 Boukari Illa    0007 S0010+B0005
000159 21 0001,000 0001,000 000000000002,800000 000000000002,800000 Boukari Illa    0007 S0010+B0005
000160 28 0001,000 0001,000 000000000002,980000 000000000002,980000 Boukari Illa    0007 S0010+B0005
000161 28 0001,000 0001,000 000000000001,450000 000000000001,450000 Boukari Illa    0007 S0010+B0005
000162 25 0001,000 0001,000 000000000001,500000 000000000001,500000 Boukari Illa    0007 S0010+B0005
000163 25 0001,000 0001,000 000000000002,650000 000000000002,650000 Boukari Illa    0007 S0010+B0005
000164 06 0001,000 0001,000 000000000001,300000 000000000001,300000 Boukari Illa    0007 S0010+B0005
000165 06 0001,000 0001,000 000000000001,400000 000000000001,400000 Boukari Illa    0007 S0010+B0005
000166 07 0001,000 0001,000 000000000001,300000 000000000001,300000 Boukari Illa    0007 S0010+B0005
000167 07 0001,000 0001,000 000000000008,049999 000000000008,049999 Boukari Illa    0007 S0010+B0005
000168 10 0001,000 0001,000 000000000003,000000 000000000003,000000 Boukari Illa    0007 S0010+B0005
000169 10 0001,000 0001,000 000000000003,350000 000000000003,350000 Boukari Illa    0007 S0010+B0005
000170 13 0001,000 0001,000 000000000001,500000 000000000001,500000 Boukari Illa    0007 S0010+B0004
000171 13 0001,000 0001,000 000000000001,300000 000000000001,300000 Boukari Illa    0007 S0010+B0004
000172 07 0001,000 0001,000 000000000001,500000 000000000001,500000 Boukari Illa    0007 S0010+B0004
000173 07 0001,000 0001,000 000000000002,000000 000000000002,000000 Boukari Illa    0007 S0010+B0004
000174 02 0001,000 0001,000 000000000001,500000 000000000001,500000 Boukari Illa    0007 S0010+B0004
000175 02 0001,000 0001,000 000000000000,450000 000000000000,450000 Boukari Illa    0007 S0010+B0004
000176 07 0001,000 0001,000 000000000001,500000 000000000001,500000 Boukari Illa    0007 S0010+B0003
000177 07 0001,000 0001,000 000000000001,800000 000000000001,800000 Boukari Illa    0007 S0010+B0003
000178 06 0001,000 0001,000 000000000000,800000 000000000000,800000 Boukari Illa    0007 S0010+B0003
000179 06 0001,000 0001,000 000000000000,900000 000000000000,900000 Boukari Illa    0007 S0010+B0003
000180 10 0001,000 0001,000 000000000002,100000 000000000002,100000 Boukari Illa    0007 S0010+B0003
000181 10 0001,000 0001,000 000000000001,850000 000000000001,850000 Boukari Illa    0007 S0010+B0003
000182 21 0001,000 0001,000 000000000003,400000 000000000003,400000 Boukari Illa    0007 S0010+B0003
000183 21 0001,000 0001,000 000000000003,450000 000000000003,450000 Boukari Illa    0007 S0010+B0003
000184 28 0001,000 0001,000 000000000003,450000 000000000003,450000 Boukari Illa    0007 S0010+B0003
000185 28 0001,000 0001,000 000000000002,410000 000000000002,410000 Boukari Illa    0007 S0010+B0003
000186 25 0001,000 0001,000 000000000002,500000 000000000002,500000 Boukari Illa    0007 S0010+B0003
000187 25 0001,000 0001,000 000000000000,950000 000000000000,950000 Boukari Illa    0007 S0010+B0003
000188 17 0001,000 0001,000 000000000001,000000 000000000001,000000 Boukari Illa    0007 S0010+B0002
000189 17 0001,000 0001,000 000000000002,000000 000000000002,000000 Boukari Illa    0007 S0010+B0002
000190 21 0001,000 0001,000 000000000001,800000 000000000001,800000 Boukari Illa    0007 S0010+B0002
000191 13 0001,000 0001,000 000000000002,850000 000000000002,850000 Boukari Illa    0007 S0010+B0002
000192 13 0001,000 0001,000 000000000002,500000 000000000002,500000 Boukari Illa    0007 S0010+B0002
000193 10 0001,000 0001,000 000000000002,150000 000000000002,150000 Boukari Illa    0007 S0010+B0002
000194 10 0001,000 0001,000 000000000001,140000 000000000001,140000 Boukari Illa    0007 S0010+B0002
000195 07 0001,000 0001,000 000000000001,450000 000000000001,450000 Boukari Illa    0007 S0010+B0002
000196 07 0001,000 0001,000 000000000001,900000 000000000001,900000 Boukari Illa    0007 S0010+B0002
000197 06 0001,000 0001,000 000000000001,200000 000000000001,200000 Boukari Illa    0007 S0010+B0002
000198 13 0001,000 0001,000 000000000001,520000 000000000001,520000 Boukari Illa    0007 S0010+B0001
000199 13 0001,000 0001,000 000000000002,120000 000000000002,120000 Boukari Illa    0007 S0010+B0001
000200 29 0001,000 0001,000 000000000001,750000 000000000001,750000 Boukari Illa    0007 S0010+B0001
000201 29 0001,000 0001,000 000000000003,450000 000000000003,450000 Boukari Illa    0007 S0010+B0001
000202 21 0001,000 0001,000 000000000000,600000 000000000000,600000 Boukari Illa    0007 S0010+B0001
000203 21 0001,000 0001,000 000000000002,955000 000000000002,955000 Boukari Illa    0007 S0010+B0001
000204 25 0001,000 0001,000 000000000001,650000 000000000001,650000 Boukari Illa    0007 S0010+B0001
000205 25 0001,000 0001,000 000000000001,850000 000000000001,850000 Boukari Illa    0007 S0010+B0001
000206 10 0001,000 0001,000 000000000000,800000 000000000000,800000 Boukari Illa    0007 S0010+B0001
000207 10 0001,000 0001,000 000000000002,590000 000000000002,590000 Boukari Illa    0007 S0010+B0001
000208 07 0001,000 0001,000 000000000002,500000 000000000002,500000 Boukari Illa    0007 S0010+B0001
000209 06 0001,000 0001,000 000000000000,750000 000000000000,750000 Boukari Illa    0007 S0010+B0001
000210 06 0001,000 0001,000 000000000002,400000 000000000002,400000 Boukari Illa    0007 S0010+B0001
