000001 04 0001,000 0001,000 000000000002,500000 000000000002,500000 M   Amadou      0005 S0008+B0001
000002 04 0001,000 0001,000 000000000006,000000 000000000006,000000 M   Amadou      0005 S0008+B0001
000003 05 0001,000 0001,000 000000000001,000000 000000000001,000000 M   Amadou      0005 S0008+B0001
000004 05 0001,000 0001,000 000000000002,000000 000000000002,000000 M   Amadou      0005 S0008+B0001
000005 09 0001,000 0001,000 000000000003,000000 000000000003,000000 M   Amadou      0005 S0008+B0001
000006 09 0001,000 0001,000 000000000003,500000 000000000003,500000 M   Amadou      0005 S0008+B0001
000007 12 0001,000 0001,000 000000000004,000000 000000000004,000000 M   Amadou      0005 S0008+B0001
000008 12 0001,000 0001,000 000000000003,500000 000000000003,500000 M   Amadou      0005 S0008+B0001
000009 16 0001,000 0001,000 000000000015,000000 000000000015,000000 M   Amadou      0005 S0008+B0001
000010 16 0001,000 0001,000 000000000005,500000 000000000005,500000 M   Amadou      0005 S0008+B0001
000011 19 0001,000 0001,000 000000000005,000000 000000000005,000000 M   Amadou      0005 S0008+B0001
000012 19 0001,000 0001,000 000000000003,500000 000000000003,500000 M   Amadou      0005 S0008+B0001
000013 23 0001,000 0001,000 000000000007,000000 000000000007,000000 M   Amadou      0005 S0008+B0001
000014 23 0001,000 0001,000 000000000002,500000 000000000002,500000 M   Amadou      0005 S0008+B0001
000015 25 0001,000 0001,000 000000000007,000000 000000000007,000000 M   Amadou      0005 S0008+B0001
000016 25 0001,000 0001,000 000000000005,000000 000000000005,000000 M   Amadou      0005 S0008+B0001
000017 04 0001,000 0001,000 000000000004,000000 000000000004,000000 M   Amadou      0005 S0007+B0001
000018 04 0001,000 0001,000 000000000004,000000 000000000004,000000 M   Amadou      0005 S0007+B0001
000019 05 0001,000 0001,000 000000000002,500000 000000000002,500000 M   Amadou      0005 S0007+B0001
000020 05 0001,000 0001,000 000000000002,500000 000000000002,500000 M   Amadou      0005 S0007+B0001
000021 09 0001,000 0001,000 000000000006,500000 000000000006,500000 M   Amadou      0005 S0007+B0001
000022 09 0001,000 0001,000 000000000005,000000 000000000005,000000 M   Amadou      0005 S0007+B0001
000023 12 0001,000 0001,000 000000000003,500000 000000000003,500000 M   Amadou      0005 S0007+B0001
000024 12 0001,000 0001,000 000000000003,000000 000000000003,000000 M   Amadou      0005 S0007+B0001
000025 16 0001,000 0001,000 000000000001,000000 000000000001,000000 M   Amadou      0005 S0007+B0001
000026 16 0001,000 0001,000 000000000005,000000 000000000005,000000 M   Amadou      0005 S0007+B0001
000027 19 0001,000 0001,000 000000000004,000000 000000000004,000000 M   Amadou      0005 S0007+B0001
000028 19 0001,000 0001,000 000000000005,000000 000000000005,000000 M   Amadou      0005 S0007+B0001
000029 25 0001,000 0001,000 000000000004,500000 000000000004,500000 M   Amadou      0005 S0007+B0001
000030 25 0001,000 0001,000 000000000006,000000 000000000006,000000 M   Amadou      0005 S0007+B0001
000031 23 0001,000 0001,000 000000000007,500000 000000000007,500000 M   Amadou      0005 S0007+B0001
000032 23 0001,000 0001,000 000000000009,500000 000000000009,500000 M   Amadou      0005 S0007+B0001
000033 07 0001,000 0002,000 000000000002,500000 000000000002,500000 kassoum         0006 S0009+B0005
000034 07 0001,000 0002,000 000000000004,000000 000000000004,000000 kassoum         0006 S0009+B0005
000035 08 0001,000 0002,000 000000000003,000000 000000000003,000000 kassoum         0006 S0009+B0005
000036 08 0001,000 0002,000 000000000003,500000 000000000003,500000 kassoum         0006 S0009+B0005
000037 09 0001,000 0002,000 000000000002,500000 000000000002,500000 kassoum         0006 S0009+B0005
000038 09 0001,000 0002,000 000000000003,000000 000000000003,000000 kassoum         0006 S0009+B0005
000039 10 0001,000 0002,000 000000000001,500000 000000000001,500000 kassoum         0006 S0009+B0005
000040 10 0001,000 0002,000 000000000002,500000 000000000002,500000 kassoum         0006 S0009+B0005
000041 18 0001,000 0002,000 000000000002,000000 000000000002,000000 kassoum         0006 S0009+B0005
000042 18 0001,000 0002,000 000000000003,000000 000000000003,000000 kassoum         0006 S0009+B0005
000043 19 0001,000 0002,000 000000000004,000000 000000000004,000000 kassoum         0006 S0009+B0005
000044 19 0001,000 0002,000 000000000002,000000 000000000002,000000 kassoum         0006 S0009+B0005
000045 27 0001,000 0002,000 000000000003,000000 000000000003,000000 kassoum         0006 S0009+B0005
000046 27 0001,000 0002,000 000000000003,000000 000000000003,000000 kassoum         0006 S0009+B0005
000047 28 0001,000 0002,000 000000000001,000000 000000000001,000000 kassoum         0006 S0009+B0005
000048 28 0001,000 0002,000 000000000002,500000 000000000002,500000 kassoum         0006 S0009+B0005
000049 26 0001,000 0001,000 000000000002,000000 000000000002,000000 s Arzika        0008 S0013+B0003
000050 26 0001,000 0001,000 000000000002,000000 000000000002,000000 s Arzika        0008 S0013+B0003
000051 28 0001,000 0001,000 000000000009,500000 000000000009,500000 s Arzika        0008 S0013+B0003
000052 28 0001,000 0001,000 000000000002,000000 000000000002,000000 s Arzika        0008 S0013+B0003
000053 03 0001,000 0001,000 000000000020,000000 000000000020,000000 s Arzika        0008 S0013+B0003
000054 03 0001,000 0001,000 000000000008,000000 000000000008,000000 s Arzika        0008 S0013+B0003
000055 06 0001,000 0001,000 000000000011,000000 000000000011,000000 s Arzika        0008 S0013+B0003
000056 06 0001,000 0001,000 000000000008,000000 000000000008,000000 s Arzika        0008 S0013+B0003
000057 08 0001,000 0001,000 000000000007,000000 000000000007,000000 s Arzika        0008 S0013+B0003
000058 08 0001,000 0001,000 000000000006,000000 000000000006,000000 s Arzika        0008 S0013+B0003
000059 12 0001,000 0001,000 000000000007,000000 000000000007,000000 s Arzika        0008 S0013+B0003
000060 12 0001,000 0001,000 000000000010,000000 000000000010,000000 s Arzika        0008 S0013+B0003
000061 16 0001,000 0001,000 000000000009,000000 000000000009,000000 s Arzika        0008 S0013+B0003
000062 16 0001,000 0001,000 000000000003,800000 000000000003,800000 s Arzika        0008 S0013+B0003
000063 16 0001,000 0001,000 000000000011,000000 000000000011,000000 s Arzika        0008 S0013+B0003
000064 16 0001,000 0001,000 000000000005,000000 000000000005,000000 s Arzika        0008 S0013+B0003
000065 27 0001,000 0001,000 000000000022,500000 000000000022,500000 Bilal           0008 S0011+B0001
000066 27 0001,000 0001,000 000000000016,000000 000000000016,000000 Bilal           0008 S0011+B0001
000067 24 0001,000 0001,000 000000000012,500000 000000000012,500000 Bilal           0008 S0011+B0001
000068 24 0001,000 0001,000 000000000010,500000 000000000010,500000 Bilal           0008 S0011+B0001
000069 22 0001,000 0001,000 000000000007,000000 000000000007,000000 Bilal           0008 S0011+B0001
000070 22 0001,000 0001,000 000000000017,000000 000000000017,000000 Bilal           0008 S0011+B0001
000071 16 0001,000 0001,000 000000000031,500000 000000000031,500000 Bilal           0008 S0011+B0001
000072 16 0001,000 0001,000 000000000004,500000 000000000004,500000 Bilal           0008 S0011+B0001
000073 11 0001,000 0001,000 000000000019,500000 000000000019,500000 Bilal           0008 S0011+B0001
000074 11 0001,000 0001,000 000000000016,500000 000000000016,500000 Bilal           0008 S0011+B0001
000075 13 0001,000 0001,000 000000000037,500000 000000000037,500000 Bilal           0008 S0011+B0001
000076 13 0001,000 0001,000 000000000023,500000 000000000023,500000 Bilal           0008 S0011+B0001
000077 05 0001,000 0001,000 000000000006,000000 000000000006,000000 Bilal           0008 S0011+B0001
000078 05 0001,000 0001,000 000000000016,000000 000000000016,000000 Bilal           0008 S0011+B0001
000079 03 0001,000 0001,000 000000000024,000000 000000000024,000000 Bilal           0008 S0011+B0001
000080 03 0001,000 0001,000 000000000026,000000 000000000026,000000 Bilal           0008 S0011+B0001
000081 30 0001,000 0001,000 000000000048,500000 000000000048,500000 Niandou Ibrahim 0008 S0012+B0001
000082 30 0001,000 0001,000 000000000022,500000 000000000022,500000 Niandou Ibrahim 0008 S0012+B0001
000083 02 0001,000 0001,000 000000000010,000000 000000000010,000000 Niandou Ibrahim 0008 S0012+B0001
000084 02 0001,000 0001,000 000000000008,500000 000000000008,500000 Niandou Ibrahim 0008 S0012+B0001
000085 11 0001,000 0001,000 000000000004,000000 000000000004,000000 Niandou Ibrahim 0008 S0012+B0001
000086 11 0001,000 0001,000 000000000027,000000 000000000027,000000 Niandou Ibrahim 0008 S0012+B0001
000087 15 0001,000 0001,000 000000000033,000000 000000000033,000000 Niandou Ibrahim 0008 S0012+B0001
000088 15 0001,000 0001,000 000000000013,000000 000000000013,000000 Niandou Ibrahim 0008 S0012+B0001
000089 23 0001,000 0001,000 000000000045,500000 000000000045,500000 Niandou Ibrahim 0008 S0012+B0001
000090 23 0001,000 0001,000 000000000024,000000 000000000024,000000 Niandou Ibrahim 0008 S0012+B0001
000091 27 0001,000 0001,000 000000000017,000000 000000000017,000000 Niandou Ibrahim 0008 S0012+B0001
000092 27 0001,000 0001,000 000000000021,000000 000000000021,000000 Niandou Ibrahim 0008 S0012+B0001
000093 30 0001,000 0001,000 000000000048,500000 000000000048,500000 Niandou Ibrahim 0008 S0012+B0001
000094 30 0001,000 0001,000 000000000022,500000 000000000022,500000 Niandou Ibrahim 0008 S0012+B0001
000095 17 0001,000 0001,000 000000000007,200000 000000000007,200000 Issaka Hamidou  0003 S0003+B0001
000096 17 0001,000 0001,000 000000000007,800000 000000000007,800000 Issaka Hamidou  0003 S0003+B0001
000097 13 0001,000 0001,000 000000000010,500000 000000000010,500000 Issaka Hamidou  0003 S0003+B0001
000098 13 0001,000 0001,000 000000000007,000000 000000000007,000000 Issaka Hamidou  0003 S0003+B0001
000099 04 0001,000 0001,000 000000000010,700000 000000000010,700000 Issaka Hamidou  0003 S0003+B0001
000100 04 0001,000 0001,000 000000000004,500000 000000000004,500000 Issaka Hamidou  0003 S0003+B0001
000101 27 0001,000 0001,000 000000000007,300000 000000000007,300000 Issaka Hamidou  0003 S0003+B0002
000102 27 0001,000 0001,000 000000000013,400000 000000000013,400000 Issaka Hamidou  0003 S0003+B0002
000103 27 0001,000 0001,000 000000000007,300000 000000000007,300000 Issaka Hamidou  0003 S0003+B0002
000104 16 0001,000 0001,000 000000000005,200000 000000000005,200000 Issaka Hamidou  0003 S0003+B0002
000105 16 0001,000 0001,000 000000000005,000000 000000000005,000000 Issaka Hamidou  0003 S0003+B0002
000106 13 0001,000 0001,000 000000000010,500000 000000000010,500000 Issaka Hamidou  0003 S0003+B0002
000107 13 0001,000 0001,000 000000000010,100000 000000000010,100000 Issaka Hamidou  0003 S0003+B0002
000108 12 0001,000 0001,000 000000000008,400000 000000000008,400000 Issaka Hamidou  0003 S0003+B0002
000109 12 0001,000 0001,000 000000000018,600000 000000000018,600000 Issaka Hamidou  0003 S0003+B0002
000110 04 0001,000 0001,000 000000000011,800000 000000000011,800000 Issaka Hamidou  0003 S0003+B0002
000111 04 0001,000 0001,000 000000000008,200000 000000000008,200000 Issaka Hamidou  0003 S0003+B0002
000112 03 0001,000 0001,000 000000000006,100000 000000000006,100000 Issaka Hamidou  0003 S0003+B0002
000113 03 0001,000 0001,000 000000000014,300000 000000000014,300000 Issaka Hamidou  0003 S0003+B0002
000114 26 0001,000 0000,500 000000000017,900000 000000000017,900000 Issaka Hamidou  0003 S0003+B0005
000115 26 0001,000 0000,500 000000000021,900000 000000000021,900000 Issaka Hamidou  0003 S0003+B0005
000116 16 0001,000 0000,500 000000000014,900000 000000000014,900000 Issaka Hamidou  0003 S0003+B0005
000117 16 0001,000 0000,500 000000000014,800000 000000000014,800000 Issaka Hamidou  0003 S0003+B0005
000118 12 0001,000 0000,500 000000000010,510000 000000000010,510000 Issaka Hamidou  0003 S0003+B0005
000119 12 0001,000 0000,500 000000000011,000000 000000000011,000000 Issaka Hamidou  0003 S0003+B0005
000120 03 0001,000 0000,500 000000000022,799999 000000000022,799999 Issaka Hamidou  0003 S0003+B0005
000121 03 0001,000 0000,500 000000000017,799999 000000000017,799999 Issaka Hamidou  0003 S0003+B0005
