000001 03 0001,000 0001,000 000000000005,400000 000000000005,400000 FrançoisS       0004 S0004+B0001
000002 03 0001,000 0001,000 000000000008,600000 000000000008,600000 FrançoisS       0004 S0004+B0001
000003 24 0001,000 0001,000 000000000004,900000 000000000004,900000 FrançoisS       0004 S0004+B0001
000004 24 0001,000 0001,000 000000000004,300000 000000000004,300000 FrançoisS       0004 S0004+B0001
000005 30 0001,000 0001,000 000000000004,300000 000000000004,300000 FrançoisS       0004 S0004+B0001
000006 30 0001,000 0001,000 000000000007,000000 000000000007,000000 FrançoisS       0004 S0004+B0001
000007 09 0001,000 0001,000 000000000004,500000 000000000004,500000 FrançoisS       0004 S0004+B0002
000008 09 0001,000 0001,000 000000000013,500000 000000000013,500000 FrançoisS       0004 S0004+B0002
000009 08 0001,000 0001,000 000000000001,380000 000000000001,380000 FrançoisS       0004 S0004+B0002
000010 08 0001,000 0001,000 000000000018,500000 000000000018,500000 FrançoisS       0004 S0004+B0002
000011 26 0001,000 0001,000 000000000014,600000 000000000014,600000 FrançoisS       0004 S0004+B0002
000012 26 0001,000 0001,000 000000000011,600000 000000000011,600000 FrançoisS       0004 S0004+B0002
000013 19 0001,000 0001,000 000000000009,300000 000000000009,300000 FrançoisS       0004 S0004+B0002
000014 19 0001,000 0001,000 000000000017,200001 000000000017,200001 FrançoisS       0004 S0004+B0002
000015 16 0001,000 0001,000 000000000012,800000 000000000012,800000 FrançoisS       0004 S0004+B0002
000016 16 0001,000 0001,000 000000000007,100000 000000000007,100000 FrançoisS       0004 S0004+B0002
000017 12 0001,000 0001,000 000000000005,300000 000000000005,300000 FrançoisS       0004 S0004+B0002
000018 12 0001,000 0001,000 000000000010,500000 000000000010,500000 FrançoisS       0004 S0004+B0002
000019 29 0001,000 0001,000 000000000007,000000 000000000007,000000 A mamoudou      0005 S0008+B0001
000020 29 0001,000 0001,000 000000000003,500000 000000000003,500000 A mamoudou      0005 S0008+B0001
000021 27 0001,000 0001,000 000000000013,500000 000000000013,500000 A mamoudou      0005 S0008+B0001
000022 27 0001,000 0001,000 000000000007,000000 000000000007,000000 A mamoudou      0005 S0008+B0001
000023 21 0001,000 0001,000 000000000008,000000 000000000008,000000 A mamoudou      0005 S0008+B0001
000024 21 0001,000 0001,000 000000000006,500000 000000000006,500000 A mamoudou      0005 S0008+B0001
000025 19 0001,000 0001,000 000000000007,500000 000000000007,500000 A mamoudou      0005 S0008+B0001
000026 19 0001,000 0001,000 000000000002,500000 000000000002,500000 A mamoudou      0005 S0008+B0001
000028 14 0001,000 0001,000 000000000006,000000 000000000006,000000 A mamoudou      0005 S0008+B0001
000030 14 0001,000 0001,000 000000000001,000000 000000000001,000000 A mamoudou      0005 S0008+B0001
000031 11 0001,000 0001,000 000000000006,000000 000000000006,000000 A mamoudou      0005 S0008+B0001
000032 11 0001,000 0001,000 000000000001,000000 000000000001,000000 A mamoudou      0005 S0008+B0001
000033 07 0001,000 0001,000 000000000003,000000 000000000003,000000 A mamoudou      0005 S0008+B0001
000034 07 0001,000 0001,000 000000000006,500000 000000000006,500000 A mamoudou      0005 S0008+B0001
000035 05 0001,000 0001,000 000000000003,000000 000000000003,000000 A mamoudou      0005 S0008+B0001
000036 05 0001,000 0001,000 000000000005,000000 000000000005,000000 A mamoudou      0005 S0008+B0001
000037 29 0001,000 0001,000 000000000003,500000 000000000003,500000 A mamoudou      0005 S0007+B0001
000038 29 0001,000 0001,000 000000000007,000000 000000000007,000000 A mamoudou      0005 S0007+B0001
000039 27 0001,000 0001,000 000000000006,000000 000000000006,000000 A mamoudou      0005 S0007+B0001
000040 27 0001,000 0001,000 000000000004,500000 000000000004,500000 A mamoudou      0005 S0007+B0001
000041 19 0001,000 0001,000 000000000002,500000 000000000002,500000 A mamoudou      0005 S0007+B0001
000042 19 0001,000 0001,000 000000000000,500000 000000000000,500000 A mamoudou      0005 S0007+B0001
000043 21 0001,000 0001,000 000000000004,500000 000000000004,500000 A mamoudou      0005 S0007+B0001
000044 21 0001,000 0001,000 000000000002,500000 000000000002,500000 A mamoudou      0005 S0007+B0001
000045 14 0001,000 0001,000 000000000007,500000 000000000007,500000 A mamoudou      0005 S0007+B0001
000046 14 0001,000 0001,000 000000000001,500000 000000000001,500000 A mamoudou      0005 S0007+B0001
000047 11 0001,000 0001,000 000000000005,000000 000000000005,000000 A mamoudou      0005 S0007+B0001
000048 11 0001,000 0001,000 000000000004,000000 000000000004,000000 A mamoudou      0005 S0007+B0001
000049 07 0001,000 0001,000 000000000002,000000 000000000002,000000 A mamoudou      0005 S0007+B0001
000050 07 0001,000 0001,000 000000000003,500000 000000000003,500000 A mamoudou      0005 S0007+B0001
000051 05 0001,000 0001,000 000000000008,000000 000000000008,000000 A mamoudou      0005 S0007+B0001
000052 05 0001,000 0001,000 000000000005,000000 000000000005,000000 A mamoudou      0005 S0007+B0001
000053 06 0001,000 0001,000 000000000002,000000 000000000002,000000 A kassoum       0006 S0009+B0001
000054 06 0001,000 0001,000 000000000001,500000 000000000001,500000 A kassoum       0006 S0009+B0001
000055 07 0001,000 0001,000 000000000002,500000 000000000002,500000 A kassoum       0006 S0009+B0001
000056 07 0001,000 0001,000 000000000003,000000 000000000003,000000 A kassoum       0006 S0009+B0001
000057 15 0001,000 0001,000 000000000003,500000 000000000003,500000 A kassoum       0006 S0009+B0001
000058 15 0001,000 0001,000 000000000002,500000 000000000002,500000 A kassoum       0006 S0009+B0001
000059 16 0001,000 0001,000 000000000002,500000 000000000002,500000 A kassoum       0006 S0009+B0001
000060 16 0001,000 0001,000 000000000002,000000 000000000002,000000 A kassoum       0006 S0009+B0001
000061 24 0001,000 0001,000 000000000002,000000 000000000002,000000 A kassoum       0006 S0009+B0001
000062 24 0001,000 0001,000 000000000001,500000 000000000001,500000 A kassoum       0006 S0009+B0001
000063 25 0001,000 0001,000 000000000002,500000 000000000002,500000 A kassoum       0006 S0009+B0001
000064 25 0001,000 0001,000 000000000002,500000 000000000002,500000 A kassoum       0006 S0009+B0001
000065 26 0001,000 0001,000 000000000003,000000 000000000003,000000 A kassoum       0006 S0009+B0001
000066 26 0001,000 0001,000 000000000002,000000 000000000002,000000 A kassoum       0006 S0009+B0001
000067 27 0001,000 0001,000 000000000001,000000 000000000001,000000 A kassoum       0006 S0009+B0001
000068 27 0001,000 0001,000 000000000002,000000 000000000002,000000 A kassoum       0006 S0009+B0001
000069 27 0001,000 0000,500 000000000004,000000 000000000004,000000 A kassoum       0006 S0015+B0005
000070 27 0001,000 0000,500 000000000001,500000 000000000001,500000 A kassoum       0006 S0015+B0005
000071 25 0001,000 0000,500 000000000002,000000 000000000002,000000 A kassoum       0006 S0015+B0005
000072 25 0001,000 0000,500 000000000002,000000 000000000002,000000 A kassoum       0006 S0015+B0005
000073 24 0001,000 0000,500 000000000002,000000 000000000002,000000 A kassoum       0006 S0015+B0005
000074 24 0001,000 0000,500 000000000002,500000 000000000002,500000 A kassoum       0006 S0015+B0005
000075 16 0001,000 0000,500 000000000002,500000 000000000002,500000 A kassoum       0006 S0015+B0005
000076 16 0001,000 0000,500 000000000002,000000 000000000002,000000 A kassoum       0006 S0015+B0005
000077 07 0001,000 0000,500 000000000002,000000 000000000002,000000 A kassoum       0006 S0015+B0005
000078 07 0001,000 0000,500 000000000003,500000 000000000003,500000 A kassoum       0006 S0015+B0005
000079 06 0001,000 0000,500 000000000002,500000 000000000002,500000 A kassoum       0006 S0015+B0005
000080 06 0001,000 0000,500 000000000002,000000 000000000002,000000 A kassoum       0006 S0015+B0005
000081 26 0001,000 0000,500 000000000007,000000 000000000007,000000 A kassoum       0006 S0015+B0005
000082 26 0001,000 0000,500 000000000002,500000 000000000002,500000 A kassoum       0006 S0015+B0005
000083 15 0001,000 0000,500 000000000002,500000 000000000002,500000 A kassoum       0006 S0015+B0005
000084 15 0001,000 0000,500 000000000002,000000 000000000002,000000 A kassoum       0006 S0015+B0005
000085 04 0001,000 0001,000 000000000011,500000 000000000011,500000 arzika soumaila 0008 S0013+B0003
000086 04 0001,000 0001,000 000000000020,000000 000000000020,000000 arzika soumaila 0008 S0013+B0003
000087 06 0001,000 0001,000 000000000013,500000 000000000013,500000 arzika soumaila 0008 S0013+B0003
000088 06 0001,000 0001,000 000000000005,500000 000000000005,500000 arzika soumaila 0008 S0013+B0003
000089 09 0001,000 0001,000 000000000008,000000 000000000008,000000 arzika soumaila 0008 S0013+B0003
000090 09 0001,000 0001,000 000000000005,000000 000000000005,000000 arzika soumaila 0008 S0013+B0003
000091 12 0001,000 0001,000 000000000016,000000 000000000016,000000 arzika soumaila 0008 S0013+B0003
000092 12 0001,000 0001,000 000000000013,800000 000000000013,800000 arzika soumaila 0008 S0013+B0003
000093 15 0001,000 0001,000 000000000004,500000 000000000004,500000 arzika soumaila 0008 S0013+B0003
000094 15 0001,000 0001,000 000000000009,500000 000000000009,500000 arzika soumaila 0008 S0013+B0003
000095 21 0001,000 0001,000 000000000025,000000 000000000025,000000 arzika soumaila 0008 S0013+B0003
000096 21 0001,000 0001,000 000000000010,300000 000000000010,300000 arzika soumaila 0008 S0013+B0003
000097 24 0001,000 0001,000 000000000002,400000 000000000002,400000 arzika soumaila 0008 S0013+B0003
000098 24 0001,000 0001,000 000000000016,700001 000000000016,700001 arzika soumaila 0008 S0013+B0003
000099 28 0001,000 0001,000 000000000031,299999 000000000031,299999 arzika soumaila 0008 S0013+B0003
000100 28 0001,000 0001,000 000000000010,500000 000000000010,500000 arzika soumaila 0008 S0013+B0003
000101 30 0001,000 0001,000 000000000052,500000 000000000052,500000 niandou ibrahim 0008 S0012+B0001
000102 30 0001,000 0001,000 000000000030,000000 000000000030,000000 niandou ibrahim 0008 S0012+B0001
000103 24 0001,000 0001,000 000000000048,000000 000000000048,000000 niandou ibrahim 0008 S0012+B0001
000104 24 0001,000 0001,000 000000000036,000000 000000000036,000000 niandou ibrahim 0008 S0012+B0001
000105 21 0001,000 0001,000 000000000032,500000 000000000032,500000 niandou ibrahim 0008 S0012+B0001
000106 21 0001,000 0001,000 000000000036,000000 000000000036,000000 niandou ibrahim 0008 S0012+B0001
000107 17 0001,000 0001,000 000000000024,000000 000000000024,000000 niandou ibrahim 0008 S0012+B0001
000108 17 0001,000 0001,000 000000000015,000000 000000000015,000000 niandou ibrahim 0008 S0012+B0001
000109 14 0001,000 0001,000 000000000009,500000 000000000009,500000 niandou ibrahim 0008 S0012+B0001
000110 14 0001,000 0001,000 000000000021,500000 000000000021,500000 niandou ibrahim 0008 S0012+B0001
000111 11 0001,000 0001,000 000000000029,500000 000000000029,500000 niandou ibrahim 0008 S0012+B0001
000112 11 0001,000 0001,000 000000000017,500000 000000000017,500000 niandou ibrahim 0008 S0012+B0001
000113 07 0001,000 0001,000 000000000014,000000 000000000014,000000 niandou ibrahim 0008 S0012+B0001
000114 07 0001,000 0001,000 000000000015,000000 000000000015,000000 niandou ibrahim 0008 S0012+B0001
000115 01 0001,000 0001,000 000000000023,000000 000000000023,000000 niandou ibrahim 0008 S0012+B0001
000116 01 0001,000 0001,000 000000000014,500000 000000000014,500000 niandou ibrahim 0008 S0012+B0001
000117 13 0001,000 0001,000 000000000004,500000 000000000004,500000 bilal           0008 S0011+B0001
000118 13 0001,000 0001,000 000000000001,600000 000000000001,600000 bilal           0008 S0011+B0001
000119 16 0001,000 0001,000 000000000004,400000 000000000004,400000 bilal           0008 S0011+B0001
000120 16 0001,000 0001,000 000000000007,500000 000000000007,500000 bilal           0008 S0011+B0001
000121 19 0001,000 0001,000 000000000012,700000 000000000012,700000 bilal           0008 S0011+B0001
000122 19 0001,000 0001,000 000000000020,000000 000000000020,000000 bilal           0008 S0011+B0001
000123 25 0001,000 0001,000 000000000014,100000 000000000014,100000 bilal           0008 S0011+B0001
000124 25 0001,000 0001,000 000000000032,500000 000000000032,500000 bilal           0008 S0011+B0001
000125 26 0001,000 0001,000 000000000031,000000 000000000031,000000 bilal           0008 S0011+B0001
000126 26 0001,000 0001,000 000000000029,000000 000000000029,000000 bilal           0008 S0011+B0001
000127 27 0001,000 0001,000 000000000019,000000 000000000019,000000 bilal           0008 S0011+B0001
000128 27 0001,000 0001,000 000000000028,500000 000000000028,500000 bilal           0008 S0011+B0001
