D000001+S0001 000000000001,900000 000000000003,000000 000000000000,000000 000000000000,000000 0003 S0003+B0005
D000001+S0005 000000000004,500000 000000000002,000000 000000000000,000000 000000000000,000000 0003 S0003+B0005
D000001+S0006 000000000003,000000 000000000003,000000 000000000000,000000 000000000000,000000 0003 S0003+B0005
D000001+S0007 000000000003,500000 000000000008,000000 000000000000,000000 000000000000,000000 0003 S0003+B0005
D000001+S0008 000000000000,800000 000000000002,000000 000000000000,000000 000000000000,000000 0003 S0003+B0005
D000001+S0009 000000000006,500000 000000000031,000000 000000000000,000000 000000000000,000000 0003 S0003+B0005
D000001+S0011 000000000004,500000 000000000013,000000 000000000000,000000 000000000000,000000 0003 S0003+B0005
D000001+S0012 000000000001,000000 000000000002,000000 000000000000,000000 000000000000,000000 0003 S0003+B0005
D000001+S0015 000000000000,800000 000000000007,000000 000000000000,000000 000000000000,000000 0003 S0003+B0005
D000001+S0018 000000000001,900000 000000000010,000000 000000000000,000000 000000000000,000000 0003 S0003+B0005
D000001+S0019 000000000001,200000 000000000004,000000 000000000000,000000 000000000000,000000 0003 S0003+B0005
D000001+S0020 000000000002,000000 000000000003,000000 000000000000,000000 000000000000,000000 0003 S0003+B0005
D000001+S0021 000000000008,500000 000000000006,000000 000000000000,000000 000000000000,000000 0003 S0003+B0005
D000002+S0001 000000000000,900000 000000000001,000000 000000000000,000000 000000000000,000000 0003 S0003+B0005
D000002+S0006 000000000000,900000 000000000001,000000 000000000000,000000 000000000000,000000 0003 S0003+B0005
D000002+S0007 000000000003,000000 000000000009,000000 000000000000,000000 000000000000,000000 0003 S0003+B0005
D000002+S0008 000000000001,500000 000000000009,000000 000000000000,000000 000000000000,000000 0003 S0003+B0005
D000002+S0009 000000000004,000000 000000000019,000000 000000000000,000000 000000000000,000000 0003 S0003+B0005
D000002+S0011 000000000010,000000 000000000141,000000 000000000000,000000 000000000000,000000 0003 S0003+B0005
D000002+S0012 000000000003,000000 000000000006,000000 000000000000,000000 000000000000,000000 0003 S0003+B0005
D000002+S0014 000000000001,000000 000000000002,000000 000000000000,000000 000000000000,000000 0003 S0003+B0005
D000002+S0015 000000000000,900000 000000000004,000000 000000000000,000000 000000000000,000000 0003 S0003+B0005
D000002+S0018 000000000000,500000 000000000002,000000 000000000000,000000 000000000000,000000 0003 S0003+B0005
D000002+S0019 000000000000,900000 000000000003,000000 000000000000,000000 000000000000,000000 0003 S0003+B0005
D000002+S0020 000000000000,700000 000000000001,000000 000000000000,000000 000000000000,000000 0003 S0003+B0005
D000002+S0021 000000000004,000000 000000000005,000000 000000000000,000000 000000000000,000000 0003 S0003+B0005
D000003+S0003 000000000001,000000 000000000002,000000 000000000000,000000 000000000000,000000 0003 S0003+B0005
D000003+S0007 000000000001,200000 000000000007,000000 000000000000,000000 000000000000,000000 0003 S0003+B0005
D000003+S0008 000000000000,100000 000000000001,000000 000000000000,000000 000000000000,000000 0003 S0003+B0005
D000003+S0009 000000000000,900000 000000000009,000000 000000000000,000000 000000000000,000000 0003 S0003+B0005
D000003+S0011 000000000001,000000 000000000029,000000 000000000000,000000 000000000000,000000 0003 S0003+B0005
D000003+S0012 000000000000,500000 000000000001,000000 000000000000,000000 000000000000,000000 0003 S0003+B0005
D000003+S0015 000000000000,300000 000000000005,000000 000000000000,000000 000000000000,000000 0003 S0003+B0005
D000003+S0018 000000000000,400000 000000000001,000000 000000000000,000000 000000000000,000000 0003 S0003+B0005
D000004+S0004 000000000000,800000 000000000002,000000 000000000000,000000 000000000000,000000 0003 S0003+B0005
D000004+S0006 000000000000,900000 000000000002,000000 000000000000,000000 000000000000,000000 0003 S0003+B0005
D000004+S0007 000000000001,750000 000000000007,000000 000000000000,000000 000000000000,000000 0003 S0003+B0005
D000004+S0008 000000000000,900000 000000000006,000000 000000000000,000000 000000000000,000000 0003 S0003+B0005
D000004+S0009 000000000003,500000 000000000045,000000 000000000000,000000 000000000000,000000 0003 S0003+B0005
D000004+S0011 000000000003,000000 000000000053,000000 000000000000,000000 000000000000,000000 0003 S0003+B0005
D000004+S0015 000000000000,900000 000000000007,000000 000000000000,000000 000000000000,000000 0003 S0003+B0005
D000004+S0018 000000000000,900000 000000000025,000000 000000000000,000000 000000000000,000000 0003 S0003+B0005
D000004+S0019 000000000000,050000 000000000005,000000 000000000000,000000 000000000000,000000 0003 S0003+B0005
D000005+S0008 000000000000,010000 000000000001,000000 000000000000,000000 000000000000,000000 0003 S0003+B0005
D000005+S0009 000000000002,800000 000000000028,000000 000000000000,000000 000000000000,000000 0003 S0003+B0005
D000005+S0011 000000000002,000000 000000000059,000000 000000000000,000000 000000000000,000000 0003 S0003+B0005
D000005+S0013 000000000000,010000 000000000003,000000 000000000000,000000 000000000000,000000 0003 S0003+B0005
D000005+S0015 000000000001,100000 000000000025,000000 000000000000,000000 000000000000,000000 0003 S0003+B0005
D000005+S0018 000000000000,010000 000000000001,000000 000000000000,000000 000000000000,000000 0003 S0003+B0005
D000005+S0019 000000000000,025000 000000000001,000000 000000000000,000000 000000000000,000000 0003 S0003+B0005
D000005+S0021 000000000000,050000 000000000002,000000 000000000000,000000 000000000000,000000 0003 S0003+B0005
D000006+S0005 000000000001,000000 000000000002,000000 000000000000,750000 000000000000,750000 0003 S0003+B0005
D000006+S0007 000000000002,300000 000000000009,000000 000000000000,750000 000000000001,725000 0003 S0003+B0005
D000006+S0008 000000000000,500000 000000000004,000000 000000000000,000000 000000000000,000000 0003 S0003+B0005
D000006+S0009 000000000004,000000 000000000033,000000 000000000000,750000 000000000003,000000 0003 S0003+B0005
D000006+S0011 000000000004,000000 000000000048,000000 000000000000,000000 000000000000,000000 0003 S0003+B0005
D000006+S0015 000000000000,010000 000000000001,000000 000000000000,000000 000000000000,000000 0003 S0003+B0005
D000006+S0018 000000000003,000000 000000000013,000000 000000000000,000000 000000000000,000000 0003 S0003+B0005
D000006+S0021 000000000005,000000 000000000006,000000 000000000000,000000 000000000000,000000 0003 S0003+B0005
D000007+S0007 000000000001,500000 000000000002,000000 000000000000,000000 000000000000,000000 0003 S0003+B0005
D000007+S0009 000000000000,800000 000000000011,000000 000000000000,000000 000000000000,000000 0003 S0003+B0005
D000007+S0011 000000000002,000000 000000000034,000000 000000000000,000000 000000000000,000000 0003 S0003+B0005
D000007+S0015 000000000000,150000 000000000003,000000 000000000000,000000 000000000000,000000 0003 S0003+B0005
D000008+S0004 000000000000,500000 000000000001,000000 000000000000,000000 000000000000,000000 0003 S0003+B0005
D000008+S0007 000000000001,600000 000000000005,000000 000000000000,000000 000000000000,000000 0003 S0003+B0005
D000008+S0009 000000000000,650000 000000000008,000000 000000000000,000000 000000000000,000000 0003 S0003+B0005
D000008+S0011 000000000001,900000 000000000038,000000 000000000000,000000 000000000000,000000 0003 S0003+B0005
D000008+S0013 000000000000,100000 000000000001,000000 000000000000,000000 000000000000,000000 0003 S0003+B0005
D000008+S0015 000000000000,100000 000000000001,000000 000000000000,000000 000000000000,000000 0003 S0003+B0005
D000009+S0007 000000000001,000000 000000000003,000000 000000000000,000000 000000000000,000000 0003 S0003+B0005
D000009+S0008 000000000000,900000 000000000004,000000 000000000000,000000 000000000000,000000 0003 S0003+B0005
D000009+S0009 000000000001,900000 000000000017,000000 000000000000,000000 000000000000,000000 0003 S0003+B0005
D000009+S0011 000000000001,300000 000000000016,000000 000000000000,000000 000000000000,000000 0003 S0003+B0005
D000009+S0019 000000000000,400000 000000000008,000000 000000000000,000000 000000000000,000000 0003 S0003+B0005
D000010+S0004 000000000001,750000 000000000003,000000 000000000000,000000 000000000000,000000 0003 S0003+B0005
D000010+S0008 000000000000,450000 000000000003,000000 000000000000,000000 000000000000,000000 0003 S0003+B0005
D000010+S0009 000000000004,000000 000000000055,000000 000000000000,000000 000000000000,000000 0003 S0003+B0005
D000010+S0011 000000000004,700000 000000000091,000000 000000000000,000000 000000000000,000000 0003 S0003+B0005
D000010+S0015 000000000000,900000 000000000006,000000 000000000000,000000 000000000000,000000 0003 S0003+B0005
D000010+S0021 000000000000,500000 000000000001,000000 000000000000,000000 000000000000,000000 0003 S0003+B0005
D000011+S0008 000000000000,400000 000000000001,000000 000000000000,000000 000000000000,000000 0003 S0003+B0001
D000011+S0009 000000000001,300000 000000000002,000000 000000000000,000000 000000000000,000000 0003 S0003+B0001
D000011+S0015 000000000000,010000 000000000001,000000 000000000000,000000 000000000000,000000 0003 S0003+B0001
D000011+S0018 000000000009,000000 000000000042,000000 000000000000,000000 000000000000,000000 0003 S0003+B0001
D000011+S0019 000000000000,010000 000000000001,000000 000000000000,000000 000000000000,000000 0003 S0003+B0001
D000012+S0007 000000000000,500000 000000000001,000000 000000000000,000000 000000000000,000000 0003 S0003+B0001
D000012+S0009 000000000000,030000 000000000001,000000 000000000000,000000 000000000000,000000 0003 S0003+B0001
D000012+S0011 000000000000,070000 000000000003,000000 000000000000,000000 000000000000,000000 0003 S0003+B0001
D000012+S0015 000000000000,050000 000000000002,000000 000000000000,000000 000000000000,000000 0003 S0003+B0001
D000012+S0018 000000000002,000000 000000000018,000000 000000000000,000000 000000000000,000000 0003 S0003+B0001
D000012+S0021 000000000000,015000 000000000001,000000 000000000000,000000 000000000000,000000 0003 S0003+B0001
D000013+S0008 000000000001,000000 000000000001,000000 000000000000,000000 000000000000,000000 0003 S0003+B0001
D000013+S0009 000000000000,500000 000000000003,000000 000000000000,000000 000000000000,000000 0003 S0003+B0001
D000013+S0011 000000000000,030000 000000000002,000000 000000000000,000000 000000000000,000000 0003 S0003+B0001
D000013+S0013 000000000000,010000 000000000002,000000 000000000000,000000 000000000000,000000 0003 S0003+B0001
D000013+S0018 000000000001,000000 000000000008,000000 000000000000,000000 000000000000,000000 0003 S0003+B0001
D000013+S0019 000000000000,050000 000000000001,000000 000000000000,000000 000000000000,000000 0003 S0003+B0001
D000013+S0021 000000000000,025000 000000000001,000000 000000000000,000000 000000000000,000000 0003 S0003+B0001
D000014+S0005 000000000000,900000 000000000002,000000 000000000000,750000 000000000000,675000 0003 S0003+B0001
D000014+S0007 000000000001,000000 000000000003,000000 000000000000,750000 000000000000,750000 0003 S0003+B0001
D000014+S0009 000000000000,100000 000000000003,000000 000000000000,000000 000000000000,000000 0003 S0003+B0001
D000014+S0011 000000000001,000000 000000000007,000000 000000000000,000000 000000000000,000000 0003 S0003+B0001
D000014+S0015 000000000000,300000 000000000001,000000 000000000000,000000 000000000000,000000 0003 S0003+B0001
D000014+S0018 000000000002,100000 000000000009,000000 000000000000,000000 000000000000,000000 0003 S0003+B0001
D000015+S0002 000000000001,500000 000000000001,000000 000000000000,000000 000000000000,000000 0003 S0003+B0001
D000015+S0005 000000000002,500000 000000000004,000000 000000000000,000000 000000000000,000000 0003 S0003+B0001
D000015+S0007 000000000000,900000 000000000001,000000 000000000000,000000 000000000000,000000 0003 S0003+B0001
D000015+S0009 000000000005,500000 000000000006,000000 000000000000,000000 000000000000,000000 0003 S0003+B0001
D000015+S0011 000000000003,500000 000000000004,000000 000000000000,000000 000000000000,000000 0003 S0003+B0001
D000015+S0018 000000000004,500000 000000000009,000000 000000000000,000000 000000000000,000000 0003 S0003+B0001
D000015+S0021 000000000001,500000 000000000002,000000 000000000000,000000 000000000000,000000 0003 S0003+B0001
D000016+S0005 000000000001,500000 000000000002,000000 000000000000,000000 000000000000,000000 0003 S0003+B0001
D000016+S0006 000000000004,500000 000000000005,000000 000000000000,000000 000000000000,000000 0003 S0003+B0001
D000016+S0007 000000000000,900000 000000000001,000000 000000000000,000000 000000000000,000000 0003 S0003+B0001
D000016+S0008 000000000000,800000 000000000001,000000 000000000000,000000 000000000000,000000 0003 S0003+B0001
D000016+S0009 000000000001,500000 000000000002,000000 000000000000,000000 000000000000,000000 0003 S0003+B0001
D000016+S0011 000000000001,700000 000000000003,000000 000000000000,000000 000000000000,000000 0003 S0003+B0001
D000016+S0018 000000000001,900000 000000000010,000000 000000000000,000000 000000000000,000000 0003 S0003+B0001
D000016+S0020 000000000001,500000 000000000001,000000 000000000000,000000 000000000000,000000 0003 S0003+B0001
D000017+S0005 000000000003,500000 000000000004,000000 000000000000,000000 000000000000,000000 0003 S0003+B0001
D000017+S0006 000000000001,000000 000000000001,000000 000000000000,000000 000000000000,000000 0003 S0003+B0001
D000017+S0007 000000000001,500000 000000000003,000000 000000000000,000000 000000000000,000000 0003 S0003+B0001
D000017+S0009 000000000001,300000 000000000004,000000 000000000000,000000 000000000000,000000 0003 S0003+B0001
D000017+S0018 000000000001,500000 000000000004,000000 000000000000,000000 000000000000,000000 0003 S0003+B0001
D000018+S0002 000000000003,000000 000000000002,000000 000000000000,000000 000000000000,000000 0003 S0003+B0001
D000018+S0005 000000000001,500000 000000000003,000000 000000000000,000000 000000000000,000000 0003 S0003+B0001
D000018+S0007 000000000002,500000 000000000004,000000 000000000000,000000 000000000000,000000 0003 S0003+B0001
D000018+S0008 000000000001,000000 000000000001,000000 000000000000,000000 000000000000,000000 0003 S0003+B0001
D000018+S0009 000000000001,200000 000000000004,000000 000000000000,000000 000000000000,000000 0003 S0003+B0001
D000018+S0011 000000000000,950000 000000000002,000000 000000000000,000000 000000000000,000000 0003 S0003+B0001
D000018+S0018 000000000005,000000 000000000016,000000 000000000000,000000 000000000000,000000 0003 S0003+B0001
D000018+S0020 000000000001,300000 000000000002,000000 000000000000,000000 000000000000,000000 0003 S0003+B0001
D000019+S0002 000000000001,500000 000000000001,000000 000000000000,000000 000000000000,000000 0003 S0003+B0001
D000019+S0007 000000000000,600000 000000000003,000000 000000000000,000000 000000000000,000000 0003 S0003+B0001
D000019+S0009 000000000001,000000 000000000006,000000 000000000000,000000 000000000000,000000 0003 S0003+B0001
D000019+S0011 000000000000,600000 000000000001,000000 000000000000,000000 000000000000,000000 0003 S0003+B0001
D000019+S0018 000000000000,100000 000000000001,000000 000000000000,000000 000000000000,000000 0003 S0003+B0001
D000021+S0018 000000000002,000000 000000000007,000000 000000000000,000000 000000000000,000000 0003 S0003+B0001
D000021+S0021 000000000000,030000 000000000001,000000 000000000000,000000 000000000000,000000 0003 S0003+B0001
D000022+S0008 000000000000,500000 000000000001,000000 000000000000,000000 000000000000,000000 0003 S0003+B0001
D000022+S0009 000000000001,500000 000000000014,000000 000000000000,000000 000000000000,000000 0003 S0003+B0001
D000022+S0011 000000000000,040000 000000000001,000000 000000000000,000000 000000000000,000000 0003 S0003+B0001
D000022+S0021 000000000000,080000 000000000002,000000 000000000000,000000 000000000000,000000 0003 S0003+B0001
D000023+S0007 000000000003,000000 000000000010,000000 000000000000,000000 000000000000,000000 0003 S0003+B0001
D000023+S0008 000000000000,500000 000000000004,000000 000000000000,000000 000000000000,000000 0003 S0003+B0001
D000023+S0009 000000000001,950000 000000000005,000000 000000000000,000000 000000000000,000000 0003 S0003+B0001
D000023+S0011 000000000001,850000 000000000036,000000 000000000000,000000 000000000000,000000 0003 S0003+B0001
D000023+S0015 000000000000,110000 000000000011,000000 000000000000,000000 000000000000,000000 0003 S0003+B0001
D000023+S0018 000000000001,000000 000000000005,000000 000000000000,000000 000000000000,000000 0003 S0003+B0001
D000023+S0021 000000000000,560000 000000000002,000000 000000000000,000000 000000000000,000000 0003 S0003+B0001
D000024+S0002 000000000001,000000 000000000001,000000 000000000000,000000 000000000000,000000 0003 S0003+B0001
D000024+S0008 000000000002,100000 000000000016,000000 000000000000,000000 000000000000,000000 0003 S0003+B0001
D000024+S0009 000000000000,040000 000000000001,000000 000000000000,000000 000000000000,000000 0003 S0003+B0001
D000024+S0011 000000000002,000000 000000000020,000000 000000000000,000000 000000000000,000000 0003 S0003+B0001
D000024+S0018 000000000002,000000 000000000010,000000 000000000000,000000 000000000000,000000 0003 S0003+B0001
D000024+S0019 000000000010,000000 000000000011,000000 000000000000,000000 000000000000,000000 0003 S0003+B0001
D000024+S0021 000000000000,060000 000000000001,000000 000000000000,000000 000000000000,000000 0003 S0003+B0001
D000025+S0005 000000000000,300000 000000000001,000000 000000000000,000000 000000000000,000000 0003 S0003+B0001
D000025+S0008 000000000000,010000 000000000002,000000 000000000000,000000 000000000000,000000 0003 S0003+B0001
D000025+S0009 000000000000,100000 000000000002,000000 000000000000,000000 000000000000,000000 0003 S0003+B0001
D000025+S0011 000000000000,800000 000000000004,000000 000000000000,000000 000000000000,000000 0003 S0003+B0001
D000025+S0013 000000000000,030000 000000000004,000000 000000000000,000000 000000000000,000000 0003 S0003+B0001
D000025+S0018 000000000001,750000 000000000009,000000 000000000000,000000 000000000000,000000 0003 S0003+B0001
D000020+S0011 000000000001,000000 000000000001,000000 000000000000,000000 000000000000,000000 0003 S0003+B0001
D000020+S0018 000000000001,000000 000000000021,000000 000000000000,000000 000000000000,000000 0003 S0003+B0001
D000020+S0021 000000000000,030000 000000000001,000000 000000000000,000000 000000000000,000000 0003 S0003+B0001
D000021+S0005 000000000000,600000 000000000001,000000 000000000000,000000 000000000000,000000 0003 S0003+B0001
D000021+S0007 000000000000,500000 000000000002,000000 000000000000,000000 000000000000,000000 0003 S0003+B0001
D000021+S0009 000000000002,000000 000000000006,000000 000000000000,000000 000000000000,000000 0003 S0003+B0001
D000021+S0011 000000000004,500000 000000000015,000000 000000000000,000000 000000000000,000000 0003 S0003+B0001
D000027+S0004 000000000001,000000 000000000001,000000 000000000000,000000 000000000000,000000 0003 S0003+B0001
D000027+S0008 000000000000,700000 000000000003,000000 000000000000,000000 000000000000,000000 0003 S0003+B0001
D000027+S0009 000000000001,000000 000000000005,000000 000000000000,000000 000000000000,000000 0003 S0003+B0001
D000027+S0011 000000000000,850000 000000000007,000000 000000000000,000000 000000000000,000000 0003 S0003+B0001
D000027+S0015 000000000000,200000 000000000002,000000 000000000000,000000 000000000000,000000 0003 S0003+B0001
D000027+S0018 000000000001,900000 000000000011,000000 000000000000,000000 000000000000,000000 0003 S0003+B0001
D000027+S0021 000000000001,000000 000000000001,000000 000000000000,000000 000000000000,000000 0003 S0003+B0001
D000028+S0009 000000000002,000000 000000000022,000000 000000000000,000000 000000000000,000000 0003 S0003+B0001
D000028+S0011 000000000000,300000 000000000004,000000 000000000000,000000 000000000000,000000 0003 S0003+B0001
D000028+S0013 000000000001,800000 000000000041,000000 000000000000,000000 000000000000,000000 0003 S0003+B0001
D000028+S0015 000000000000,100000 000000000002,000000 000000000000,000000 000000000000,000000 0003 S0003+B0001
D000028+S0019 000000000001,200000 000000000001,000000 000000000000,000000 000000000000,000000 0003 S0003+B0001
D000029+S0001 000000000000,500000 000000000001,000000 000000000000,000000 000000000000,000000 0003 S0003+B0001
D000029+S0008 000000000000,900000 000000000001,000000 000000000000,000000 000000000000,000000 0003 S0003+B0001
D000029+S0009 000000000001,500000 000000000028,000000 000000000000,000000 000000000000,000000 0003 S0003+B0001
D000029+S0018 000000000001,900000 000000000005,000000 000000000000,000000 000000000000,000000 0003 S0003+B0001
D000030+S0007 000000000001,500000 000000000003,000000 000000000000,000000 000000000000,000000 0003 S0003+B0001
D000030+S0009 000000000000,900000 000000000001,000000 000000000000,000000 000000000000,000000 0003 S0003+B0001
D000030+S0011 000000000003,000000 000000000009,000000 000000000000,000000 000000000000,000000 0003 S0003+B0001
D000030+S0018 000000000002,000000 000000000008,000000 000000000000,000000 000000000000,000000 0003 S0003+B0001
D000031+S0009 000000000000,600000 000000000003,000000 000000000000,000000 000000000000,000000 0004 S0004+B0001
D000031+S0011 000000000001,700000 000000000004,000000 000000000000,000000 000000000000,000000 0004 S0004+B0001
D000031+S0014 000000000001,100000 000000000002,000000 000000000000,000000 000000000000,000000 0004 S0004+B0001
D000031+S0018 000000000000,800000 000000000003,000000 000000000000,000000 000000000000,000000 0004 S0004+B0001
D000031+S0020 000000000000,600000 000000000003,000000 000000000000,000000 000000000000,000000 0004 S0004+B0001
D000032+S0004 000000000001,100000 000000000003,000000 000000000000,000000 000000000000,000000 0004 S0004+B0001
D000032+S0006 000000000001,700000 000000000003,000000 000000000000,000000 000000000000,000000 0004 S0004+B0001
D000032+S0011 000000000000,900000 000000000002,000000 000000000000,000000 000000000000,000000 0004 S0004+B0001
D000032+S0017 000000000001,800000 000000000001,000000 000000000000,000000 000000000000,000000 0004 S0004+B0001
D000033+S0004 000000000000,900000 000000000001,000000 000000000000,000000 000000000000,000000 0004 S0004+B0001
D000033+S0009 000000000000,800000 000000000003,000000 000000000000,000000 000000000000,000000 0004 S0004+B0001
D000033+S0011 000000000001,100000 000000000004,000000 000000000000,000000 000000000000,000000 0004 S0004+B0001
D000033+S0018 000000000002,100000 000000000010,000000 000000000000,000000 000000000000,000000 0004 S0004+B0001
D000034+S0004 000000000000,800000 000000000002,000000 000000000000,000000 000000000000,000000 0004 S0004+B0001
D000034+S0009 000000000001,200000 000000000008,000000 000000000000,000000 000000000000,000000 0004 S0004+B0001
D000034+S0011 000000000001,200000 000000000004,000000 000000000000,000000 000000000000,000000 0004 S0004+B0001
D000034+S0016 000000000000,300000 000000000002,000000 000000000000,000000 000000000000,000000 0004 S0004+B0001
D000035+S0004 000000000000,700000 000000000001,000000 000000000000,000000 000000000000,000000 0004 S0004+B0001
D000035+S0009 000000000000,500000 000000000004,000000 000000000000,000000 000000000000,000000 0004 S0004+B0001
D000035+S0011 000000000001,200000 000000000008,000000 000000000000,000000 000000000000,000000 0004 S0004+B0001
D000046+S0018 000000000001,100000 000000000009,000000 000000000000,000000 000000000000,000000 0004 S0004+B0001
D000047+S0004 000000000003,800000 000000000004,000000 000000000000,000000 000000000000,000000 0004 S0004+B0001
D000047+S0009 000000000002,100000 000000000017,000000 000000000000,000000 000000000000,000000 0004 S0004+B0001
D000047+S0011 000000000002,900000 000000000027,000000 000000000000,000000 000000000000,000000 0004 S0004+B0001
D000048+S0009 000000000000,800000 000000000002,000000 000000000000,000000 000000000000,000000 0004 S0004+B0001
D000048+S0011 000000000002,800000 000000000013,000000 000000000000,000000 000000000000,000000 0004 S0004+B0001
D000048+S0014 000000000001,300000 000000000002,000000 000000000000,000000 000000000000,000000 0004 S0004+B0001
D000048+S0018 000000000003,700000 000000000009,000000 000000000000,000000 000000000000,000000 0004 S0004+B0001
D000049+S0005 000000000010,000000 000000000021,000000 000000000000,200000 000000000002,000000 0004 S0005+B0001
D000050+S0005 000000000010,000000 000000000051,000000 000000000000,200000 000000000002,000000 0004 S0005+B0001
D000051+S0016 000000000008,000000 000000000007,000000 000000000000,500000 000000000004,000000 0004 S0005+B0001
D000051+S0018 000000000001,000000 000000000001,000000 000000000000,500000 000000000000,500000 0004 S0005+B0001
D000051+S0020 000000000000,500000 000000000001,000000 000000000000,500000 000000000000,250000 0004 S0005+B0001
D000052+S0004 000000000001,000000 000000000001,000000 000000000000,400000 000000000000,400000 0004 S0005+B0001
D000052+S0018 000000000003,000000 000000000011,000000 000000000000,300000 000000000000,900000 0004 S0005+B0001
D000053+S0006 000000000001,000000 000000000001,000000 000000000000,500000 000000000000,500000 0004 S0005+B0001
D000055+S0005 000000000007,000000 000000000036,000000 000000000000,200000 000000000001,400000 0004 S0005+B0001
D000056+S0005 000000000003,000000 000000000017,000000 000000000000,200000 000000000000,600000 0004 S0005+B0001
D000056+S0008 000000000002,000000 000000000001,000000 000000000000,500000 000000000001,000000 0004 S0005+B0001
D000057+S0004 000000000015,000000 000000000053,000000 000000000000,500000 000000000007,500000 0004 S0005+B0005
D000058+S0004 000000000040,000000 000000000084,000000 000000000000,500000 000000000020,000000 0004 S0005+B0005
D000059+S0003 000000000010,000000 000000000002,000000 000000000000,250000 000000000002,500000 0004 S0005+B0005
D000109+S0018 000000000000,030000 000000000000,000000 000000000000,000000 000000000000,000000 0007 S0010+B0005
D000110+S0006 000000000000,250000 000000000004,000000 000000000000,000000 000000000000,000000 0007 S0010+B0005
D000112+S0006 000000000000,900000 000000000004,000000 000000000000,500000 000000000000,450000 0007 S0010+B0004
D000112+S0009 000000000000,060000 000000000002,000000 000000000000,300000 000000000000,018000 0007 S0010+B0004
D000113+S0004 000000000002,300000 000000000005,000000 000000000000,550000 000000000001,265000 0007 S0010+B0004
D000113+S0011 000000000000,400000 000000000008,000000 000000000000,400000 000000000000,160000 0007 S0010+B0004
D000114+S0004 000000000001,800000 000000000009,000000 000000000000,350000 000000000000,630000 0007 S0010+B0004
D000114+S0021 000000000000,040000 000000000001,000000 000000000000,400000 000000000000,016000 0007 S0010+B0004
D000115+S0006 000000000000,100000 000000000001,000000 000000000000,550000 000000000000,055000 0007 S0010+B0004
D000115+S0009 000000000001,250000 000000000019,000000 000000000000,550000 000000000000,687500 0007 S0010+B0004
D000116+S0004 000000000000,550000 000000000008,000000 000000000000,500000 000000000000,275000 0007 S0010+B0004
D000116+S0006 000000000000,350000 000000000005,000000 000000000000,400000 000000000000,140000 0007 S0010+B0004
D000116+S0021 000000000000,250000 000000000005,000000 000000000000,400000 000000000000,100000 0007 S0010+B0004
D000117+S0006 000000000000,150000 000000000001,000000 000000000000,500000 000000000000,075000 0007 S0010+B0004
D000117+S0009 000000000000,010000 000000000001,000000 000000000000,300000 000000000000,003000 0007 S0010+B0004
D000079+S0011 000000000003,500000 000000000004,000000 000000000000,000000 000000000000,000000 0005 S0007+B0001
D000079+S0021 000000000000,500000 000000000001,000000 000000000000,000000 000000000000,000000 0005 S0007+B0001
D000080+S0008 000000000001,500000 000000000014,000000 000000000000,000000 000000000000,000000 0005 S0007+B0001
D000080+S0012 000000000000,500000 000000000007,000000 000000000000,000000 000000000000,000000 0005 S0007+B0001
D000080+S0015 000000000000,500000 000000000009,000000 000000000000,000000 000000000000,000000 0005 S0007+B0001
D000082+S0011 000000000000,500000 000000000001,000000 000000000000,000000 000000000000,000000 0005 S0007+B0001
D000083+S0008 000000000001,500000 000000000001,000000 000000000000,000000 000000000000,000000 0005 S0007+B0001
D000083+S0011 000000000002,000000 000000000004,000000 000000000000,000000 000000000000,000000 0005 S0007+B0001
D000083+S0020 000000000003,000000 000000000001,000000 000000000000,000000 000000000000,000000 0005 S0007+B0001
D000084+S0011 000000000002,500000 000000000007,000000 000000000000,000000 000000000000,000000 0005 S0007+B0001
D000085+S0011 000000000001,000000 000000000002,000000 000000000000,000000 000000000000,000000 0005 S0007+B0001
D000086+S0011 000000000003,500000 000000000047,000000 000000000000,000000 000000000000,000000 0005 S0007+B0001
D000086+S0015 000000000000,500000 000000000007,000000 000000000000,000000 000000000000,000000 0005 S0007+B0001
D000086+S0018 000000000001,000000 000000000015,000000 000000000000,000000 000000000000,000000 0005 S0007+B0001
D000087+S0006 000000000000,500000 000000000002,000000 000000000000,000000 000000000000,000000 0005 S0007+B0001
D000087+S0011 000000000001,500000 000000000015,000000 000000000000,000000 000000000000,000000 0005 S0007+B0001
D000087+S0012 000000000000,500000 000000000001,000000 000000000000,000000 000000000000,000000 0005 S0007+B0001
D000059+S0011 000000000015,000000 000000000043,000000 000000000000,200000 000000000003,000000 0004 S0005+B0005
D000060+S0011 000000000050,000000 000000000084,000000 000000000000,200000 000000000010,000000 0004 S0005+B0005
D000035+S0017 000000000001,500000 000000000001,000000 000000000000,000000 000000000000,000000 0004 S0004+B0001
D000035+S0021 000000000000,300000 000000000001,000000 000000000000,000000 000000000000,000000 0004 S0004+B0001
D000036+S0004 000000000001,100000 000000000002,000000 000000000000,000000 000000000000,000000 0004 S0004+B0001
D000036+S0006 000000000000,800000 000000000002,000000 000000000000,000000 000000000000,000000 0004 S0004+B0001
D000036+S0009 000000000000,500000 000000000003,000000 000000000000,000000 000000000000,000000 0004 S0004+B0001
D000037+S0008 000000000001,100000 000000000002,000000 000000000000,000000 000000000000,000000 0004 S0004+B0001
D000037+S0009 000000000000,900000 000000000004,000000 000000000000,000000 000000000000,000000 0004 S0004+B0001
D000037+S0011 000000000001,700000 000000000017,000000 000000000000,000000 000000000000,000000 0004 S0004+B0001
D000037+S0017 000000000001,400000 000000000002,000000 000000000000,000000 000000000000,000000 0004 S0004+B0001
D000037+S0018 000000000000,300000 000000000009,000000 000000000000,000000 000000000000,000000 0004 S0004+B0001
D000038+S0002 000000000001,300000 000000000003,000000 000000000000,000000 000000000000,000000 0004 S0004+B0001
D000038+S0003 000000000000,800000 000000000002,000000 000000000000,000000 000000000000,000000 0004 S0004+B0001
D000038+S0007 000000000000,700000 000000000002,000000 000000000000,000000 000000000000,000000 0004 S0004+B0001
D000038+S0009 000000000001,900000 000000000003,000000 000000000000,000000 000000000000,000000 0004 S0004+B0001
D000038+S0011 000000000000,900000 000000000010,000000 000000000000,000000 000000000000,000000 0004 S0004+B0001
D000038+S0017 000000000002,700000 000000000003,000000 000000000000,000000 000000000000,000000 0004 S0004+B0001
D000038+S0018 000000000001,300000 000000000008,000000 000000000000,000000 000000000000,000000 0004 S0004+B0001
D000039+S0009 000000000000,900000 000000000004,000000 000000000000,000000 000000000000,000000 0004 S0004+B0001
D000039+S0011 000000000001,700000 000000000021,000000 000000000000,000000 000000000000,000000 0004 S0004+B0001
D000039+S0013 000000000001,900000 000000000014,000000 000000000000,000000 000000000000,000000 0004 S0004+B0001
D000039+S0018 000000000000,200000 000000000001,000000 000000000000,000000 000000000000,000000 0004 S0004+B0001
D000039+S0020 000000000000,400000 000000000003,000000 000000000000,000000 000000000000,000000 0004 S0004+B0001
D000040+S0009 000000000000,200000 000000000002,000000 000000000000,000000 000000000000,000000 0004 S0004+B0001
D000040+S0011 000000000001,400000 000000000008,000000 000000000000,000000 000000000000,000000 0004 S0004+B0001
D000040+S0017 000000000001,800000 000000000005,000000 000000000000,000000 000000000000,000000 0004 S0004+B0001
D000040+S0018 000000000002,100000 000000000012,000000 000000000000,000000 000000000000,000000 0004 S0004+B0001
D000040+S0021 000000000002,600000 000000000005,000000 000000000000,000000 000000000000,000000 0004 S0004+B0001
D000041+S0002 000000000000,400000 000000000003,000000 000000000000,000000 000000000000,000000 0004 S0004+B0001
D000041+S0004 000000000000,200000 000000000001,000000 000000000000,000000 000000000000,000000 0004 S0004+B0001
D000041+S0008 000000000001,100000 000000000004,000000 000000000000,000000 000000000000,000000 0004 S0004+B0001
D000041+S0009 000000000002,500000 000000000014,000000 000000000000,000000 000000000000,000000 0004 S0004+B0001
D000041+S0011 000000000001,700000 000000000034,000000 000000000000,000000 000000000000,000000 0004 S0004+B0001
D000041+S0017 000000000001,700000 000000000004,000000 000000000000,000000 000000000000,000000 0004 S0004+B0001
D000041+S0018 000000000001,800000 000000000006,000000 000000000000,000000 000000000000,000000 0004 S0004+B0001
D000041+S0021 000000000001,300000 000000000003,000000 000000000000,000000 000000000000,000000 0004 S0004+B0001
D000042+S0005 000000000000,900000 000000000001,000000 000000000000,000000 000000000000,000000 0004 S0004+B0001
D000042+S0006 000000000000,800000 000000000002,000000 000000000000,000000 000000000000,000000 0004 S0004+B0001
D000042+S0011 000000000001,100000 000000000017,000000 000000000000,000000 000000000000,000000 0004 S0004+B0001
D000042+S0018 000000000002,100000 000000000008,000000 000000000000,000000 000000000000,000000 0004 S0004+B0001
D000043+S0002 000000000000,900000 000000000008,000000 000000000000,000000 000000000000,000000 0004 S0004+B0001
D000043+S0011 000000000001,800000 000000000021,000000 000000000000,000000 000000000000,000000 0004 S0004+B0001
D000043+S0013 000000000001,200000 000000000008,000000 000000000000,000000 000000000000,000000 0004 S0004+B0001
D000043+S0017 000000000004,500000 000000000003,000000 000000000000,000000 000000000000,000000 0004 S0004+B0001
D000043+S0018 000000000000,900000 000000000007,000000 000000000000,000000 000000000000,000000 0004 S0004+B0001
D000044+S0002 000000000000,700000 000000000003,000000 000000000000,000000 000000000000,000000 0004 S0004+B0001
D000044+S0009 000000000000,800000 000000000004,000000 000000000000,000000 000000000000,000000 0004 S0004+B0001
D000044+S0013 000000000001,800000 000000000008,000000 000000000000,000000 000000000000,000000 0004 S0004+B0001
D000044+S0017 000000000001,300000 000000000001,000000 000000000000,000000 000000000000,000000 0004 S0004+B0001
D000045+S0004 000000000000,600000 000000000002,000000 000000000000,000000 000000000000,000000 0004 S0004+B0001
D000045+S0009 000000000001,400000 000000000012,000000 000000000000,000000 000000000000,000000 0004 S0004+B0001
D000045+S0011 000000000001,200000 000000000017,000000 000000000000,000000 000000000000,000000 0004 S0004+B0001
D000045+S0016 000000000000,300000 000000000002,000000 000000000000,000000 000000000000,000000 0004 S0004+B0001
D000046+S0005 000000000002,500000 000000000002,000000 000000000000,000000 000000000000,000000 0004 S0004+B0001
D000046+S0008 000000000001,700000 000000000004,000000 000000000000,000000 000000000000,000000 0004 S0004+B0001
D000046+S0011 000000000000,900000 000000000007,000000 000000000000,000000 000000000000,000000 0004 S0004+B0001
D000046+S0012 000000000000,400000 000000000002,000000 000000000000,000000 000000000000,000000 0004 S0004+B0001
D000046+S0016 000000000000,800000 000000000002,000000 000000000000,000000 000000000000,000000 0004 S0004+B0001
D000053+S0016 000000000001,000000 000000000001,000000 000000000000,500000 000000000000,500000 0004 S0005+B0001
D000054+S0004 000000000003,000000 000000000035,000000 000000000000,200000 000000000000,600000 0004 S0005+B0001
D000054+S0011 000000000004,000000 000000000086,000000 000000000000,200000 000000000000,800000 0004 S0005+B0001
D000061+S0011 000000000070,000000 000000000157,000000 000000000000,200000 000000000014,000000 0004 S0005+B0005
D000062+S0011 000000000050,000000 000000000117,000000 000000000000,200000 000000000010,000000 0004 S0005+B0005
D000063+S0004 000000000007,000000 000000000023,000000 000000000000,500000 000000000003,500000 0004 S0005+B0005
D000064+S0004 000000000010,000000 000000000028,000000 000000000000,500000 000000000005,000000 0004 S0005+B0005
D000065+S0011 000000000010,000000 000000000206,000000 000000000000,200000 000000000002,000000 0004 S0005+B0005
D000066+S0005 000000000004,000000 000000000103,000000 000000000000,500000 000000000002,000000 0004 S0005+B0005
D000067+S0011 000000000005,000000 000000000002,000000 000000000000,500000 000000000002,500000 0004 S0005+B0003
D000067+S0017 000000000004,000000 000000000001,000000 000000000001,000000 000000000004,000000 0004 S0005+B0003
D000068+S0002 000000000006,000000 000000000001,000000 000000000000,500000 000000000003,000000 0004 S0005+B0003
D000069+S0011 000000000003,000000 000000000003,000000 000000000000,500000 000000000001,500000 0004 S0005+B0003
D000070+S0011 000000000003,000000 000000000002,000000 000000000000,500000 000000000001,500000 0004 S0005+B0003
D000071+S0003 000000000001,000000 000000000001,000000 000000000000,500000 000000000000,500000 0004 S0005+B0003
D000071+S0017 000000000002,000000 000000000001,000000 000000000001,000000 000000000002,000000 0004 S0005+B0003
D000072+S0006 000000000001,500000 000000000005,000000 000000000000,000000 000000000000,000000 0005 S0007+B0001
D000072+S0009 000000000000,500000 000000000004,000000 000000000000,000000 000000000000,000000 0005 S0007+B0001
D000072+S0011 000000000001,500000 000000000021,000000 000000000000,000000 000000000000,000000 0005 S0007+B0001
D000073+S0011 000000000002,600000 000000000006,000000 000000000000,000000 000000000000,000000 0005 S0007+B0001
D000074+S0011 000000000002,500000 000000000008,000000 000000000000,000000 000000000000,000000 0005 S0007+B0001
D000075+S0002 000000000001,500000 000000000002,000000 000000000000,000000 000000000000,000000 0005 S0007+B0001
D000075+S0011 000000000000,500000 000000000002,000000 000000000000,000000 000000000000,000000 0005 S0007+B0001
D000076+S0011 000000000000,500000 000000000002,000000 000000000000,000000 000000000000,000000 0005 S0007+B0001
D000077+S0002 000000000000,500000 000000000003,000000 000000000000,000000 000000000000,000000 0005 S0007+B0001
D000077+S0011 000000000002,500000 000000000006,000000 000000000000,000000 000000000000,000000 0005 S0007+B0001
D000078+S0011 000000000001,000000 000000000002,000000 000000000000,000000 000000000000,000000 0005 S0007+B0001
D000080+S0020 000000000001,500000 000000000001,000000 000000000000,000000 000000000000,000000 0005 S0007+B0001
D000081+S0009 000000000001,500000 000000000025,000000 000000000000,000000 000000000000,000000 0005 S0007+B0001
D000081+S0011 000000000002,500000 000000000043,000000 000000000000,000000 000000000000,000000 0005 S0007+B0001
D000081+S0015 000000000001,000000 000000000007,000000 000000000000,000000 000000000000,000000 0005 S0007+B0001
D000087+S0018 000000000001,000000 000000000004,000000 000000000000,000000 000000000000,000000 0005 S0007+B0001
D000088+S0008 000000000000,500000 000000000002,000000 000000000000,000000 000000000000,000000 0005 S0008+B0001
D000088+S0011 000000000000,500000 000000000004,000000 000000000000,000000 000000000000,000000 0005 S0008+B0001
D000089+S0021 000000000005,000000 000000000103,000000 000000000000,000000 000000000000,000000 0005 S0008+B0001
D000090+S0004 000000000006,000000 000000000085,000000 000000000000,000000 000000000000,000000 0005 S0008+B0001
D000091+S0004 000000000009,000000 000000000125,000000 000000000000,000000 000000000000,000000 0005 S0008+B0001
D000092+S0004 000000000001,500000 000000000041,000000 000000000000,000000 000000000000,000000 0005 S0008+B0001
D000093+S0018 000000000002,000000 000000000020,000000 000000000000,000000 000000000000,000000 0005 S0008+B0001
D000094+S0004 000000000001,500000 000000000034,000000 000000000000,000000 000000000000,000000 0005 S0008+B0001
D000094+S0008 000000000001,500000 000000000048,000000 000000000000,000000 000000000000,000000 0005 S0008+B0001
D000095+S0004 000000000002,000000 000000000029,000000 000000000000,000000 000000000000,000000 0005 S0008+B0001
D000095+S0011 000000000001,500000 000000000006,000000 000000000000,000000 000000000000,000000 0005 S0008+B0001
D000096+S0004 000000000002,500000 000000000026,000000 000000000000,000000 000000000000,000000 0005 S0008+B0001
D000096+S0008 000000000002,000000 000000000025,000000 000000000000,000000 000000000000,000000 0005 S0008+B0001
D000097+S0008 000000000001,500000 000000000026,000000 000000000000,000000 000000000000,000000 0005 S0008+B0001
D000097+S0011 000000000002,000000 000000000004,000000 000000000000,000000 000000000000,000000 0005 S0008+B0001
D000097+S0021 000000000000,500000 000000000006,000000 000000000000,000000 000000000000,000000 0005 S0008+B0001
D000098+S0004 000000000001,000000 000000000007,000000 000000000000,000000 000000000000,000000 0005 S0008+B0001
D000098+S0008 000000000001,000000 000000000008,000000 000000000000,000000 000000000000,000000 0005 S0008+B0001
D000098+S0011 000000000002,500000 000000000023,000000 000000000000,000000 000000000000,000000 0005 S0008+B0001
D000099+S0004 000000000001,500000 000000000033,000000 000000000000,000000 000000000000,000000 0005 S0008+B0001
D000099+S0008 000000000001,000000 000000000019,000000 000000000000,000000 000000000000,000000 0005 S0008+B0001
D000099+S0011 000000000001,500000 000000000006,000000 000000000000,000000 000000000000,000000 0005 S0008+B0001
D000099+S0021 000000000000,500000 000000000001,000000 000000000000,000000 000000000000,000000 0005 S0008+B0001
D000100+S0011 000000000001,500000 000000000006,000000 000000000000,000000 000000000000,000000 0005 S0008+B0001
D000100+S0021 000000000000,500000 000000000003,000000 000000000000,000000 000000000000,000000 0005 S0008+B0001
D000101+S0002 000000000001,500000 000000000009,000000 000000000000,000000 000000000000,000000 0005 S0008+B0001
D000101+S0003 000000000001,000000 000000000007,000000 000000000000,000000 000000000000,000000 0005 S0008+B0001
D000101+S0008 000000000001,000000 000000000011,000000 000000000000,000000 000000000000,000000 0005 S0008+B0001
D000101+S0011 000000000001,500000 000000000019,000000 000000000000,000000 000000000000,000000 0005 S0008+B0001
D000101+S0018 000000000000,500000 000000000003,000000 000000000000,000000 000000000000,000000 0005 S0008+B0001
D000103+S0017 000000000039,000000 000000000001,000000 000000000000,000000 000000000000,000000 0005 S0008+B0001
D000104+S0008 000000000000,500000 000000000004,000000 000000000000,000000 000000000000,000000 0005 S0008+B0001
D000104+S0011 000000000001,000000 000000000005,000000 000000000000,000000 000000000000,000000 0005 S0008+B0001
D000104+S0021 000000000000,500000 000000000017,000000 000000000000,000000 000000000000,000000 0005 S0008+B0001
D000105+S0009 000000000000,400000 000000000008,000000 000000000000,300000 000000000000,120000 0007 S0010+B0005
D000106+S0004 000000000000,300000 000000000002,000000 000000000000,300000 000000000000,090000 0007 S0010+B0005
D000106+S0006 000000000000,450000 000000000005,000000 000000000000,300000 000000000000,135000 0007 S0010+B0005
D000107+S0009 000000000000,300000 000000000008,000000 000000000000,300000 000000000000,090000 0007 S0010+B0005
D000108+S0004 000000000000,350000 000000000011,000000 000000000000,300000 000000000000,105000 0007 S0010+B0005
D000108+S0006 000000000000,500000 000000000006,000000 000000000000,300000 000000000000,150000 0007 S0010+B0005
D000108+S0009 000000000000,200000 000000000007,000000 000000000000,300000 000000000000,060000 0007 S0010+B0005
D000109+S0004 000000000000,150000 000000000001,000000 000000000000,000000 000000000000,000000 0007 S0010+B0005
D000109+S0006 000000000000,250000 000000000002,000000 000000000000,000000 000000000000,000000 0007 S0010+B0005
D000111+S0009 000000000000,100000 000000000002,000000 000000000000,400000 000000000000,040000 0007 S0010+B0004
D000111+S0010 000000000000,080000 000000000003,000000 000000000000,300000 000000000000,024000 0007 S0010+B0004
D000111+S0020 000000000000,400000 000000000004,000000 000000000000,400000 000000000000,160000 0007 S0010+B0004
D000111+S0021 000000000000,200000 000000000007,000000 000000000000,400000 000000000000,080000 0007 S0010+B0004
D000117+S0019 000000000000,050000 000000000002,000000 000000000000,300000 000000000000,015000 0007 S0010+B0004
D000117+S0021 000000000000,030000 000000000001,000000 000000000000,300000 000000000000,009000 0007 S0010+B0004
D000118+S0006 000000000000,600000 000000000005,000000 000000000000,400000 000000000000,240000 0007 S0010+B0004
D000118+S0009 000000000000,050000 000000000002,000000 000000000000,300000 000000000000,015000 0007 S0010+B0004
D000118+S0021 000000000000,300000 000000000011,000000 000000000000,300000 000000000000,090000 0007 S0010+B0004
D000119+S0004 000000000001,700000 000000000007,000000 000000000000,000000 000000000000,000000 0007 S0010+B0004
D000119+S0009 000000000000,400000 000000000005,000000 000000000000,000000 000000000000,000000 0007 S0010+B0004
D000120+S0004 000000000002,000000 000000000011,000000 000000000000,000000 000000000000,000000 0007 S0010+B0004
D000121+S0004 000000000000,060000 000000000004,000000 000000000000,300000 000000000000,018000 0007 S0010+B0004
D000121+S0009 000000000000,045000 000000000003,000000 000000000000,300000 000000000000,013500 0007 S0010+B0004
D000122+S0004 000000000001,200000 000000000004,000000 000000000000,000000 000000000000,000000 0007 S0010+B0004
D000122+S0006 000000000000,400000 000000000003,000000 000000000000,000000 000000000000,000000 0007 S0010+B0004
D000123+S0006 000000000000,500000 000000000005,000000 000000000000,300000 000000000000,150000 0007 S0010+B0004
D000124+S0004 000000000000,300000 000000000002,000000 000000000000,300000 000000000000,090000 0007 S0010+B0004
D000124+S0006 000000000000,450000 000000000005,000000 000000000000,300000 000000000000,135000 0007 S0010+B0004
D000125+S0004 000000000000,800000 000000000004,000000 000000000000,400000 000000000000,320000 0007 S0010+B0004
D000125+S0021 000000000000,100000 000000000004,000000 000000000000,400000 000000000000,040000 0007 S0010+B0004
D000126+S0021 000000000000,400000 000000000001,000000 000000000004,000000 000000000001,600000 0007 S0010+B0004
D000127+S0004 000000000000,030000 000000000001,000000 000000000000,400000 000000000000,012000 0007 S0010+B0002
D000127+S0009 000000000000,750000 000000000027,000000 000000000000,400000 000000000000,300000 0007 S0010+B0002
D000127+S0018 000000000000,200000 000000000001,000000 000000000000,000000 000000000000,000000 0007 S0010+B0002
D000127+S0020 000000000000,002000 000000000001,000000 000000000000,300000 000000000000,000600 0007 S0010+B0002
D000127+S0021 000000000000,410000 000000000036,000000 000000000000,400000 000000000000,164000 0007 S0010+B0002
D000128+S0004 000000000000,500000 000000000004,000000 000000000000,500000 000000000000,250000 0007 S0010+B0002
D000128+S0009 000000000002,150000 000000000090,000000 000000000000,400000 000000000000,860000 0007 S0010+B0002
D000129+S0004 000000000000,200000 000000000003,000000 000000000000,500000 000000000000,100000 0007 S0010+B0002
D000129+S0006 000000000000,100000 000000000001,000000 000000000000,500000 000000000000,050000 0007 S0010+B0002
D000129+S0009 000000000003,000000 000000000120,000000 000000000000,400000 000000000001,200000 0007 S0010+B0002
D000129+S0021 000000000000,100000 000000000005,000000 000000000000,300000 000000000000,030000 0007 S0010+B0002
D000130+S0006 000000000000,250000 000000000003,000000 000000000000,500000 000000000000,125000 0007 S0010+B0002
D000130+S0009 000000000001,700000 000000000080,000000 000000000000,400000 000000000000,680000 0007 S0010+B0002
D000130+S0021 000000000000,230000 000000000028,000000 000000000000,300000 000000000000,069000 0007 S0010+B0002
D000131+S0004 000000000000,100000 000000000001,000000 000000000000,500000 000000000000,050000 0007 S0010+B0002
D000131+S0006 000000000000,015000 000000000001,000000 000000000000,400000 000000000000,006000 0007 S0010+B0002
D000131+S0009 000000000004,300000 000000000172,000000 000000000000,400000 000000000001,720000 0007 S0010+B0002
D000131+S0021 000000000000,450000 000000000033,000000 000000000000,300000 000000000000,135000 0007 S0010+B0002
D000132+S0009 000000000002,500000 000000000093,000000 000000000000,400000 000000000001,000000 0007 S0010+B0002
D000132+S0017 000000000000,150000 000000000001,000000 000000000000,500000 000000000000,075000 0007 S0010+B0002
D000132+S0021 000000000000,400000 000000000022,000000 000000000000,300000 000000000000,120000 0007 S0010+B0002
D000133+S0009 000000000002,000000 000000000388,000000 000000000000,300000 000000000000,600000 0007 S0010+B0002
D000134+S0004 000000000000,350000 000000000006,000000 000000000000,400000 000000000000,140000 0007 S0010+B0002
D000134+S0009 000000000001,550000 000000000106,000000 000000000000,400000 000000000000,620000 0007 S0010+B0002
D000135+S0021 000000000000,450000 000000000202,000000 000000000000,000000 000000000000,000000 0007 S0010+B0002
D000136+S0011 000000000000,100000 000000000002,000000 000000000000,400000 000000000000,040000 0007 S0010+B0002
D000136+S0019 000000000000,200000 000000000002,000000 000000000000,500000 000000000000,100000 0007 S0010+B0002
D000136+S0021 000000000000,165000 000000000019,000000 000000000000,300000 000000000000,049500 0007 S0010+B0002
D000137+S0009 000000000002,500000 000000000450,000000 000000000000,250000 000000000000,625000 0007 S0010+B0002
D000138+S0004 000000000000,200000 000000000002,000000 000000000000,000000 000000000000,000000 0007 S0010+B0002
D000138+S0006 000000000000,500000 000000000004,000000 000000000000,000000 000000000000,000000 0007 S0010+B0002
D000138+S0009 000000000002,100000 000000000036,000000 000000000000,000000 000000000000,000000 0007 S0010+B0002
D000138+S0020 000000000000,150000 000000000014,000000 000000000000,300000 000000000000,045000 0007 S0010+B0002
D000138+S0021 000000000000,500000 000000000022,000000 000000000000,300000 000000000000,150000 0007 S0010+B0002
D000139+S0005 000000000000,060000 000000000002,000000 000000000000,300000 000000000000,018000 0007 S0010+B0002
D000139+S0006 000000000000,050000 000000000002,000000 000000000000,300000 000000000000,015000 0007 S0010+B0002
D000139+S0009 000000000001,700000 000000000020,000000 000000000000,300000 000000000000,510000 0007 S0010+B0002
D000140+S0009 000000000001,200000 000000000060,000000 000000000000,300000 000000000000,360000 0007 S0010+B0002
D000140+S0021 000000000000,500000 000000000025,000000 000000000000,300000 000000000000,150000 0007 S0010+B0002
D000141+S0004 000000000000,480000 000000000006,000000 000000000000,300000 000000000000,144000 0007 S0010+B0002
D000141+S0006 000000000000,050000 000000000001,000000 000000000000,300000 000000000000,015000 0007 S0010+B0002
D000141+S0009 000000000000,350000 000000000007,000000 000000000000,300000 000000000000,105000 0007 S0010+B0002
D000142+S0004 000000000000,150000 000000000002,000000 000000000000,000000 000000000000,000000 0007 S0010+B0002
D000142+S0006 000000000000,150000 000000000004,000000 000000000000,000000 000000000000,000000 0007 S0010+B0002
D000142+S0009 000000000002,500000 000000000200,000000 000000000000,000000 000000000000,000000 0007 S0010+B0002
D000143+S0009 000000000001,000000 000000000010,000000 000000000000,300000 000000000000,300000 0007 S0010+B0001
D000144+S0004 000000000000,500000 000000000001,000000 000000000000,300000 000000000000,150000 0007 S0010+B0001
D000144+S0009 000000000000,600000 000000000008,000000 000000000000,300000 000000000000,180000 0007 S0010+B0001
D000145+S0001 000000000000,040000 000000000001,000000 000000000000,300000 000000000000,012000 0007 S0010+B0001
D000145+S0006 000000000000,150000 000000000003,000000 000000000000,300000 000000000000,045000 0007 S0010+B0001
D000145+S0009 000000000003,100000 000000000043,000000 000000000000,300000 000000000000,930000 0007 S0010+B0001
D000146+S0004 000000000000,080000 000000000001,000000 000000000000,300000 000000000000,024000 0007 S0010+B0001
D000146+S0006 000000000000,050000 000000000001,000000 000000000000,300000 000000000000,015000 0007 S0010+B0001
D000146+S0009 000000000001,000000 000000000017,000000 000000000000,300000 000000000000,300000 0007 S0010+B0001
D000147+S0004 000000000000,650000 000000000002,000000 000000000000,500000 000000000000,325000 0007 S0010+B0001
D000147+S0009 000000000000,850000 000000000012,000000 000000000000,500000 000000000000,425000 0007 S0010+B0001
D000148+S0009 000000000000,600000 000000000007,000000 000000000000,500000 000000000000,300000 0007 S0010+B0001
D000149+S0004 000000000000,060000 000000000003,000000 000000000000,300000 000000000000,018000 0007 S0010+B0001
D000149+S0006 000000000000,150000 000000000003,000000 000000000000,400000 000000000000,060000 0007 S0010+B0001
D000149+S0008 000000000000,020000 000000000001,000000 000000000000,300000 000000000000,006000 0007 S0010+B0001
D000149+S0021 000000000000,115000 000000000004,000000 000000000000,350000 000000000000,040250 0007 S0010+B0001
D000150+S0004 000000000000,300000 000000000001,000000 000000000000,550000 000000000000,165000 0007 S0010+B0001
D000150+S0009 000000000000,015000 000000000001,000000 000000000000,300000 000000000000,004500 0007 S0010+B0001
D000151+S0006 000000000000,300000 000000000001,000000 000000000000,550000 000000000000,165000 0007 S0010+B0001
D000151+S0009 000000000000,350000 000000000003,000000 000000000000,400000 000000000000,140000 0007 S0010+B0001
D000152+S0004 000000000002,750000 000000000027,000000 000000000000,400000 000000000001,100000 0007 S0010+B0001
D000152+S0006 000000000000,100000 000000000002,000000 000000000000,400000 000000000000,040000 0007 S0010+B0001
D000152+S0009 000000000000,200000 000000000004,000000 000000000000,400000 000000000000,080000 0007 S0010+B0001
D000152+S0011 000000000000,900000 000000000024,000000 000000000000,400000 000000000000,360000 0007 S0010+B0001
D000152+S0021 000000000000,400000 000000000009,000000 000000000000,400000 000000000000,160000 0007 S0010+B0001
D000153+S0004 000000000000,300000 000000000001,000000 000000000000,500000 000000000000,150000 0007 S0010+B0001
D000153+S0009 000000000000,700000 000000000007,000000 000000000000,400000 000000000000,280000 0007 S0010+B0001
D000154+S0004 000000000000,300000 000000000001,000000 000000000000,500000 000000000000,150000 0007 S0010+B0001
D000154+S0009 000000000000,500000 000000000004,000000 000000000000,400000 000000000000,200000 0007 S0010+B0001
D000155+S0009 000000000001,250000 000000000014,000000 000000000000,500000 000000000000,625000 0007 S0010+B0001
D000156+S0011 000000000000,100000 000000000002,000000 000000000000,000000 000000000000,000000 0007 S0010+B0001
D000156+S0019 000000000000,200000 000000000002,000000 000000000000,000000 000000000000,000000 0007 S0010+B0001
D000156+S0021 000000000000,165000 000000000018,000000 000000000000,000000 000000000000,000000 0007 S0010+B0001
D000157+S0004 000000000001,000000 000000000013,000000 000000000000,500000 000000000000,500000 0007 S0010+B0001
D000157+S0009 000000000000,150000 000000000003,000000 000000000000,500000 000000000000,075000 0007 S0010+B0001
D000157+S0011 000000000000,400000 000000000015,000000 000000000000,300000 000000000000,120000 0007 S0010+B0001
D000158+S0006 000000000000,400000 000000000002,000000 000000000000,400000 000000000000,160000 0007 S0010+B0001
D000158+S0009 000000000001,500000 000000000016,000000 000000000000,300000 000000000000,450000 0007 S0010+B0001
D000158+S0010 000000000000,700000 000000000002,000000 000000000000,300000 000000000000,210000 0007 S0010+B0001
D000158+S0018 000000000000,200000 000000000001,000000 000000000000,300000 000000000000,060000 0007 S0010+B0001
D000159+S0009 000000000000,500000 000000000007,000000 000000000000,400000 000000000000,200000 0007 S0010+B0001
D000160+S0004 000000000000,100000 000000000002,000000 000000000000,000000 000000000000,000000 0007 S0010+B0001
D000160+S0006 000000000000,060000 000000000001,000000 000000000000,000000 000000000000,000000 0007 S0010+B0001
D000160+S0008 000000000000,040000 000000000005,000000 000000000000,000000 000000000000,000000 0007 S0010+B0001
D000160+S0009 000000000001,200000 000000000022,000000 000000000000,000000 000000000000,000000 0007 S0010+B0001
D000160+S0019 000000000000,020000 000000000007,000000 000000000000,000000 000000000000,000000 0007 S0010+B0001
D000160+S0021 000000000000,350000 000000000046,000000 000000000000,000000 000000000000,000000 0007 S0010+B0001
D000161+S0004 000000000005,700000 000000000014,000000 000000000000,500000 000000000002,850000 0008 S0013+B0003
D000162+S0004 000000000004,100000 000000000009,000000 000000000000,500000 000000000002,050000 0008 S0013+B0003
D000163+S0004 000000000001,000000 000000000001,000000 000000000000,500000 000000000000,500000 0008 S0013+B0003
D000164+S0004 000000000001,000000 000000000001,000000 000000000000,500000 000000000000,500000 0008 S0013+B0003
D000165+S0004 000000000001,300000 000000000001,000000 000000000000,500000 000000000000,650000 0008 S0013+B0003
D000167+S0004 000000000006,500000 000000000010,000000 000000000000,500000 000000000003,250000 0008 S0013+B0003
D000168+S0004 000000000002,000000 000000000002,000000 000000000000,500000 000000000001,000000 0008 S0013+B0003
D000169+S0004 000000000002,000000 000000000002,000000 000000000000,500000 000000000001,000000 0008 S0013+B0003
D000170+S0004 000000000001,600000 000000000002,000000 000000000000,500000 000000000000,800000 0008 S0013+B0003
D000171+S0004 000000000004,000000 000000000002,000000 000000000000,500000 000000000002,000000 0008 S0013+B0003
D000172+S0004 000000000004,000000 000000000002,000000 000000000000,500000 000000000002,000000 0008 S0013+B0003
D000173+S0004 000000000002,000000 000000000003,000000 000000000000,500000 000000000001,000000 0008 S0013+B0003
D000174+S0004 000000000001,000000 000000000002,000000 000000000000,500000 000000000000,500000 0008 S0013+B0003
D000175+S0004 000000000002,000000 000000000002,000000 000000000000,500000 000000000001,000000 0008 S0013+B0003
D000176+S0004 000000000002,000000 000000000002,000000 000000000000,500000 000000000001,000000 0008 S0013+B0003
D000177+S0004 000000000007,000000 000000000120,000000 000000000000,350000 000000000002,450000 0008 S0011+B0002
D000177+S0009 000000000014,000000 000000000060,000000 000000000000,250000 000000000003,500000 0008 S0011+B0002
D000178+S0009 000000000008,500000 000000000070,000000 000000000000,250000 000000000002,125000 0008 S0011+B0002
D000178+S0015 000000000003,000000 000000000028,000000 000000000000,250000 000000000000,750000 0008 S0011+B0002
D000179+S0009 000000000011,000000 000000000340,000000 000000000000,250000 000000000002,750000 0008 S0011+B0002
D000179+S0015 000000000002,000000 000000000014,000000 000000000000,250000 000000000000,500000 0008 S0011+B0002
D000179+S0017 000000000001,500000 000000000007,000000 000000000000,750000 000000000001,125000 0008 S0011+B0002
D000180+S0009 000000000017,000000 000000000504,000000 000000000000,250000 000000000004,250000 0008 S0011+B0002
D000180+S0015 000000000003,000000 000000000014,000000 000000000000,250000 000000000000,750000 0008 S0011+B0002
D000181+S0004 000000000001,000000 000000000013,000000 000000000000,350000 000000000000,350000 0008 S0011+B0002
D000181+S0009 000000000007,000000 000000000150,000000 000000000000,250000 000000000001,750000 0008 S0011+B0002
D000182+S0004 000000000017,000000 000000000104,000000 000000000000,350000 000000000005,950000 0008 S0011+B0002
D000182+S0009 000000000004,000000 000000000040,000000 000000000000,250000 000000000001,000000 0008 S0011+B0002
D000183+S0009 000000000004,500000 000000000030,000000 000000000000,250000 000000000001,125000 0008 S0011+B0002
D000183+S0015 000000000001,500000 000000000009,000000 000000000000,250000 000000000000,375000 0008 S0011+B0002
D000184+S0009 000000000005,000000 000000000217,000000 000000000000,250000 000000000001,250000 0008 S0011+B0002
D000185+S0004 000000000003,000000 000000000008,000000 000000000000,350000 000000000001,050000 0008 S0011+B0002
D000185+S0009 000000000005,000000 000000000150,000000 000000000000,250000 000000000001,250000 0008 S0011+B0002
D000186+S0004 000000000002,000000 000000000013,000000 000000000000,250000 000000000000,500000 0008 S0011+B0002
D000186+S0009 000000000002,000000 000000000055,000000 000000000000,250000 000000000000,500000 0008 S0011+B0002
D000187+S0009 000000000013,000000 000000000105,000000 000000000000,250000 000000000003,250000 0008 S0011+B0002
D000187+S0015 000000000002,000000 000000000013,000000 000000000000,250000 000000000000,500000 0008 S0011+B0002
D000188+S0009 000000000008,000000 000000000049,000000 000000000000,250000 000000000002,000000 0008 S0011+B0002
D000188+S0017 000000000002,000000 000000000005,000000 000000000000,750000 000000000001,500000 0008 S0011+B0002
D000189+S0004 000000000005,000000 000000000007,000000 000000000000,350000 000000000001,750000 0008 S0011+B0002
D000189+S0009 000000000013,000000 000000000080,000000 000000000000,250000 000000000003,250000 0008 S0011+B0002
D000190+S0004 000000000008,000000 000000000012,000000 000000000000,350000 000000000002,800000 0008 S0011+B0002
D000190+S0009 000000000005,000000 000000000025,000000 000000000000,250000 000000000001,250000 0008 S0011+B0002
D000190+S0017 000000000001,500000 000000000005,000000 000000000000,750000 000000000001,125000 0008 S0011+B0002
D000191+S0004 000000000003,000000 000000000007,000000 000000000000,350000 000000000001,050000 0008 S0011+B0002
D000191+S0009 000000000005,000000 000000000105,000000 000000000000,250000 000000000001,250000 0008 S0011+B0002
D000191+S0021 000000000002,000000 000000000013,000000 000000000000,250000 000000000000,500000 0008 S0011+B0002
D000192+S0004 000000000001,500000 000000000004,000000 000000000000,350000 000000000000,525000 0008 S0011+B0002
D000192+S0009 000000000008,000000 000000001085,000000 000000000000,250000 000000000002,000000 0008 S0011+B0002
D000193+S0017 000000000002,000000 000000000001,000000 000000000000,750000 000000000001,500000 0008 S0011+B0004
D000194+S0017 000000000004,000000 000000000002,000000 000000000000,750000 000000000003,000000 0008 S0011+B0004
D000195+S0017 000000000002,000000 000000000001,000000 000000000000,750000 000000000001,500000 0008 S0011+B0004
D000196+S0017 000000000009,500000 000000000002,000000 000000000000,750000 000000000007,125000 0008 S0011+B0004
D000197+S0017 000000000005,000000 000000000001,000000 000000000000,750000 000000000003,750000 0008 S0011+B0004
D000198+S0017 000000000013,000000 000000000002,000000 000000000000,750000 000000000009,750000 0008 S0011+B0004
D000199+S0017 000000000005,500000 000000000001,000000 000000000000,000000 000000000000,000000 0008 S0011+B0004
D000200+S0017 000000000003,000000 000000000001,000000 000000000000,750000 000000000002,250000 0008 S0011+B0004
D000201+S0017 000000000003,000000 000000000001,000000 000000000000,750000 000000000002,250000 0008 S0011+B0004
D000202+S0017 000000000009,500000 000000000002,000000 000000000000,000000 000000000000,000000 0008 S0011+B0004
D000203+S0017 000000000008,000000 000000000002,000000 000000000000,750000 000000000006,000000 0008 S0011+B0004
D000204+S0017 000000000013,000000 000000000005,000000 000000000000,000000 000000000000,000000 0008 S0011+B0004
D000205+S0017 000000000004,000000 000000000001,000000 000000000000,750000 000000000003,000000 0008 S0011+B0004
D000206+S0004 000000000001,000000 000000000008,000000 000000000000,350000 000000000000,350000 0008 S0011+B0004
D000206+S0017 000000000017,000000 000000000001,000000 000000000000,750000 000000000012,750000 0008 S0011+B0004
D000207+S0017 000000000009,500000 000000000005,000000 000000000000,750000 000000000007,125000 0008 S0011+B0004
D000208+S0017 000000000006,500000 000000000003,000000 000000000000,750000 000000000004,875000 0008 S0011+B0004
D000209+S0004 000000000009,000000 000000000120,000000 000000000000,350000 000000000003,150000 0008 S0011+B0001
D000209+S0009 000000000008,000000 000000000120,000000 000000000000,250000 000000000002,000000 0008 S0011+B0001
D000210+S0009 000000000008,000000 000000000120,000000 000000000000,250000 000000000002,000000 0008 S0011+B0001
D000211+S0004 000000000005,000000 000000000013,000000 000000000000,350000 000000000001,750000 0008 S0011+B0001
D000211+S0009 000000000006,000000 000000000097,000000 000000000000,250000 000000000001,500000 0008 S0011+B0001
D000211+S0017 000000000003,000000 000000000006,000000 000000000000,750000 000000000002,250000 0008 S0011+B0001
D000212+S0004 000000000002,000000 000000000009,000000 000000000000,350000 000000000000,700000 0008 S0011+B0001
D000212+S0009 000000000006,000000 000000000013,000000 000000000000,250000 000000000001,500000 0008 S0011+B0001
D000212+S0017 000000000003,000000 000000000009,000000 000000000000,750000 000000000002,250000 0008 S0011+B0001
D000213+S0004 000000000004,000000 000000000035,000000 000000000000,350000 000000000001,400000 0008 S0011+B0001
D000213+S0009 000000000002,000000 000000000009,000000 000000000000,250000 000000000000,500000 0008 S0011+B0001
D000214+S0004 000000000002,000000 000000000012,000000 000000000000,350000 000000000000,700000 0008 S0011+B0001
D000214+S0009 000000000001,500000 000000000014,000000 000000000000,250000 000000000000,375000 0008 S0011+B0001
D000214+S0015 000000000006,000000 000000000012,000000 000000000000,250000 000000000001,500000 0008 S0011+B0001
D000215+S0004 000000000001,000000 000000000007,000000 000000000000,250000 000000000000,250000 0008 S0011+B0001
D000215+S0015 000000000001,000000 000000000009,000000 000000000000,250000 000000000000,250000 0008 S0011+B0001
D000215+S0017 000000000003,000000 000000000010,000000 000000000000,750000 000000000002,250000 0008 S0011+B0001
D000216+S0004 000000000003,000000 000000000016,000000 000000000000,350000 000000000001,050000 0008 S0011+B0001
D000216+S0009 000000000005,000000 000000000087,000000 000000000000,250000 000000000001,250000 0008 S0011+B0001
D000217+S0017 000000000002,000000 000000000001,000000 000000000000,750000 000000000001,500000 0008 S0011+B0001
D000218+S0004 000000000001,000000 000000000006,000000 000000000000,350000 000000000000,350000 0008 S0011+B0001
D000219+S0017 000000000002,000000 000000000003,000000 000000000000,750000 000000000001,500000 0008 S0011+B0001
D000220+S0004 000000000005,000000 000000000012,000000 000000000000,350000 000000000001,750000 0008 S0011+B0001
D000220+S0009 000000000005,000000 000000000040,000000 000000000000,250000 000000000001,250000 0008 S0011+B0001
D000221+S0009 000000000002,000000 000000000010,000000 000000000000,250000 000000000000,500000 0008 S0011+B0001
D000221+S0021 000000000013,000000 000000000070,000000 000000000000,250000 000000000003,250000 0008 S0011+B0001
D000222+S0009 000000000013,000000 000000000080,000000 000000000000,250000 000000000003,250000 0008 S0011+B0001
D000222+S0017 000000000002,000000 000000000005,000000 000000000000,750000 000000000001,500000 0008 S0011+B0001
D000223+S0017 000000000023,500000 000000000003,000000 000000000000,750000 000000000017,625000 0008 S0011+B0001
D000223+S0021 000000000001,000000 000000000028,000000 000000000000,250000 000000000000,250000 0008 S0011+B0001
D000224+S0009 000000000013,000000 000000001250,000000 000000000000,250000 000000000003,250000 0008 S0011+B0001
D000224+S0015 000000000003,000000 000000000017,000000 000000000000,250000 000000000000,750000 0008 S0011+B0001
D000225+S0004 000000000005,000000 000000000038,000000 000000000000,300000 000000000001,500000 0008 S0013+B0003
D000225+S0009 000000000001,500000 000000000009,000000 000000000000,200000 000000000000,300000 0008 S0013+B0003
D000226+S0004 000000000008,000000 000000000042,000000 000000000000,300000 000000000002,400000 0008 S0013+B0003
D000226+S0009 000000000005,000000 000000000029,000000 000000000000,200000 000000000001,000000 0008 S0013+B0003
D000226+S0011 000000000002,000000 000000000032,000000 000000000000,100000 000000000000,200000 0008 S0013+B0003
D000227+S0004 000000000002,000000 000000000029,000000 000000000000,300000 000000000000,600000 0008 S0012+B0001
D000227+S0006 000000000001,000000 000000000002,000000 000000000000,600000 000000000000,600000 0008 S0012+B0001
D000227+S0009 000000000006,000000 000000000085,000000 000000000000,200000 000000000001,200000 0008 S0012+B0001
D000227+S0011 000000000001,500000 000000000022,000000 000000000000,100000 000000000000,150000 0008 S0012+B0001
D000228+S0006 000000000012,000000 000000000002,000000 000000000000,600000 000000000007,200000 0008 S0012+B0001
D000228+S0009 000000000002,000000 000000000019,000000 000000000000,200000 000000000000,400000 0008 S0012+B0001
D000229+S0004 000000000001,000000 000000000005,000000 000000000000,300000 000000000000,300000 0008 S0012+B0001
D000229+S0006 000000000003,000000 000000000006,000000 000000000000,600000 000000000001,800000 0008 S0012+B0001
D000229+S0009 000000000004,000000 000000000050,000000 000000000000,200000 000000000000,800000 0008 S0012+B0001
D000229+S0011 000000000002,000000 000000000021,000000 000000000000,100000 000000000000,200000 0008 S0012+B0001
D000230+S0006 000000000007,000000 000000000009,000000 000000000000,600000 000000000004,200000 0008 S0012+B0001
D000230+S0009 000000000005,000000 000000000067,000000 000000000000,200000 000000000001,000000 0008 S0012+B0001
D000230+S0021 000000000003,000000 000000000007,000000 000000000000,200000 000000000000,600000 0008 S0012+B0001
D000231+S0006 000000000013,000000 000000000007,000000 000000000000,600000 000000000007,800000 0008 S0012+B0001
D000231+S0009 000000000002,000000 000000000012,000000 000000000000,200000 000000000000,400000 0008 S0012+B0001
D000232+S0006 000000000004,000000 000000000006,000000 000000000000,600000 000000000002,400000 0008 S0012+B0001
D000232+S0009 000000000004,000000 000000000029,000000 000000000000,200000 000000000000,800000 0008 S0012+B0001
D000232+S0021 000000000002,000000 000000000005,000000 000000000000,200000 000000000000,400000 0008 S0012+B0001
D000233+S0006 000000000001,500000 000000000004,000000 000000000000,600000 000000000000,900000 0008 S0012+B0001
D000233+S0009 000000000008,000000 000000000104,000000 000000000000,200000 000000000001,600000 0008 S0012+B0001
D000234+S0004 000000000012,000000 000000000102,000000 000000000000,300000 000000000003,600000 0008 S0012+B0001
D000234+S0009 000000000005,000000 000000000082,000000 000000000000,200000 000000000001,000000 0008 S0012+B0001
D000235+S0004 000000000003,000000 000000000021,000000 000000000000,300000 000000000000,900000 0008 S0012+B0001
D000235+S0009 000000000006,000000 000000000093,000000 000000000000,200000 000000000001,200000 0008 S0012+B0001
D000235+S0011 000000000003,000000 000000000084,000000 000000000000,100000 000000000000,300000 0008 S0012+B0001
D000236+S0004 000000000004,000000 000000000017,000000 000000000000,300000 000000000001,200000 0008 S0012+B0001
D000236+S0006 000000000001,500000 000000000004,000000 000000000000,600000 000000000000,900000 0008 S0012+B0001
D000236+S0009 000000000009,000000 000000000127,000000 000000000000,200000 000000000001,800000 0008 S0012+B0001
D000237+S0006 000000000005,000000 000000000010,000000 000000000000,600000 000000000003,000000 0008 S0012+B0001
D000237+S0009 000000000002,000000 000000000015,000000 000000000000,200000 000000000000,400000 0008 S0012+B0001
D000237+S0021 000000000003,000000 000000000005,000000 000000000000,200000 000000000000,600000 0008 S0012+B0001
D000238+S0004 000000000005,000000 000000000042,000000 000000000000,300000 000000000001,500000 0008 S0012+B0001
D000238+S0006 000000000002,500000 000000000006,000000 000000000000,600000 000000000001,500000 0008 S0012+B0001
D000238+S0009 000000000010,500000 000000000181,000000 000000000000,200000 000000000002,100000 0008 S0012+B0001
D000239+S0004 000000000002,000000 000000000009,000000 000000000000,300000 000000000000,600000 0008 S0012+B0001
D000239+S0006 000000000003,000000 000000000007,000000 000000000006,000000 000000000018,000000 0008 S0012+B0001
D000239+S0009 000000000009,000000 000000000131,000000 000000000000,600000 000000000005,400000 0008 S0012+B0001
D000239+S0017 000000000001,000000 000000000003,000000 000000000000,650000 000000000000,650000 0008 S0012+B0001
D000239+S0021 000000000004,000000 000000000012,000000 000000000000,000000 000000000000,000000 0008 S0012+B0001
D000240+S0003 000000000005,000000 000000000017,000000 000000000000,300000 000000000001,500000 0008 S0012+B0001
D000240+S0006 000000000009,000000 000000000015,000000 000000000000,600000 000000000005,400000 0008 S0012+B0001
D000240+S0009 000000000012,000000 000000000084,000000 000000000000,200000 000000000002,400000 0008 S0012+B0001
D000241+S0004 000000000001,500000 000000000003,000000 000000000000,400000 000000000000,600000 0006 S0009+B0003
D000241+S0006 000000000000,500000 000000000001,000000 000000000000,500000 000000000000,250000 0006 S0009+B0003
D000241+S0009 000000000000,500000 000000000007,000000 000000000000,300000 000000000000,150000 0006 S0009+B0003
D000242+S0004 000000000003,000000 000000000002,000000 000000000000,400000 000000000001,200000 0006 S0009+B0003
D000242+S0006 000000000001,500000 000000000001,000000 000000000000,500000 000000000000,750000 0006 S0009+B0003
D000242+S0009 000000000001,000000 000000000011,000000 000000000000,300000 000000000000,300000 0006 S0009+B0003
D000243+S0004 000000000000,500000 000000000002,000000 000000000000,400000 000000000000,200000 0006 S0009+B0003
D000243+S0006 000000000000,500000 000000000001,000000 000000000000,500000 000000000000,250000 0006 S0009+B0003
D000243+S0009 000000000000,250000 000000000003,000000 000000000000,300000 000000000000,075000 0006 S0009+B0003
D000243+S0021 000000000000,250000 000000000001,000000 000000000000,300000 000000000000,075000 0006 S0009+B0003
D000244+S0004 000000000001,000000 000000000005,000000 000000000000,400000 000000000000,400000 0006 S0009+B0003
D000244+S0009 000000000002,000000 000000000013,000000 000000000000,300000 000000000000,600000 0006 S0009+B0003
D000245+S0004 000000000002,500000 000000000013,000000 000000000000,400000 000000000001,000000 0006 S0009+B0003
D000245+S0006 000000000002,500000 000000000001,000000 000000000000,500000 000000000001,250000 0006 S0009+B0003
D000245+S0009 000000000001,000000 000000000006,000000 000000000000,300000 000000000000,300000 0006 S0009+B0003
D000246+S0004 000000000002,000000 000000000011,000000 000000000000,400000 000000000000,800000 0006 S0009+B0003
D000246+S0009 000000000003,000000 000000000016,000000 000000000000,300000 000000000000,900000 0006 S0009+B0003
D000247+S0004 000000000002,500000 000000000013,000000 000000000000,400000 000000000001,000000 0006 S0009+B0003
D000247+S0009 000000000002,000000 000000000011,000000 000000000000,300000 000000000000,600000 0006 S0009+B0003
D000248+S0004 000000000002,000000 000000000014,000000 000000000000,400000 000000000000,800000 0006 S0009+B0003
D000248+S0009 000000000003,500000 000000000027,000000 000000000000,300000 000000000001,050000 0006 S0009+B0003
D000249+S0004 000000000003,000000 000000000007,000000 000000000000,400000 000000000001,200000 0006 S0009+B0003
D000250+S0004 000000000005,000000 000000000012,000000 000000000000,400000 000000000002,000000 0006 S0009+B0003
D000251+S0004 000000000006,000000 000000000022,000000 000000000000,400000 000000000002,400000 0006 S0009+B0003
D000252+S0004 000000000001,000000 000000000005,000000 000000000000,400000 000000000000,400000 0006 S0009+B0003
D000253+S0004 000000000001,000000 000000000009,000000 000000000000,400000 000000000000,400000 0006 S0009+B0005
D000253+S0009 000000000003,000000 000000000208,000000 000000000000,300000 000000000000,900000 0006 S0009+B0005
D000253+S0021 000000000000,500000 000000000002,000000 000000000000,300000 000000000000,150000 0006 S0009+B0005
D000254+S0004 000000000000,500000 000000000004,000000 000000000000,400000 000000000000,200000 0006 S0009+B0005
D000254+S0009 000000000004,500000 000000000327,000000 000000000000,300000 000000000001,350000 0006 S0009+B0005
D000255+S0009 000000000003,500000 000000000273,000000 000000000000,300000 000000000001,050000 0006 S0009+B0005
D000256+S0009 000000000002,500000 000000000124,000000 000000000000,300000 000000000000,750000 0006 S0009+B0005
D000256+S0021 000000000000,250000 000000000002,000000 000000000000,300000 000000000000,075000 0006 S0009+B0005
D000257+S0009 000000000003,000000 000000000088,000000 000000000000,300000 000000000000,900000 0006 S0009+B0005
D000258+S0009 000000000002,000000 000000000096,000000 000000000000,300000 000000000000,600000 0006 S0009+B0005
D000259+S0009 000000000003,500000 000000000196,000000 000000000000,300000 000000000001,050000 0006 S0009+B0005
D000260+S0009 000000000004,000000 000000000234,000000 000000000000,300000 000000000001,200000 0006 S0009+B0005
D000260+S0021 000000000000,500000 000000000004,000000 000000000000,300000 000000000000,150000 0006 S0009+B0005
D000261+S0021 000000000002,500000 000000000012,000000 000000000000,300000 000000000000,750000 0006 S0009+B0005
D000262+S0021 000000000001,500000 000000000005,000000 000000000000,300000 000000000000,450000 0006 S0009+B0005
D000263+S0021 000000000003,500000 000000000028,000000 000000000000,300000 000000000001,050000 0006 S0009+B0005
D000264+S0021 000000000002,000000 000000000019,000000 000000000000,300000 000000000000,600000 0006 S0009+B0005
D000265+S0009 000000000006,000000 000000000440,000000 000000000000,300000 000000000001,800000 0006 S0009+B0005
D000266+S0009 000000000001,000000 000000000157,000000 000000000000,300000 000000000000,300000 0006 S0009+B0005
D000267+S0009 000000000004,000000 000000000339,000000 000000000000,300000 000000000001,200000 0006 S0009+B0005
D000267+S0021 000000000000,500000 000000000002,000000 000000000000,300000 000000000000,150000 0006 S0009+B0005
D000268+S0009 000000000002,000000 000000000240,000000 000000000000,200000 000000000000,400000 0006 S0009+B0005
D000269+S0004 000000000003,000000 000000000008,000000 000000000000,400000 000000000001,200000 0006 S0009+B0001
D000269+S0009 000000000004,000000 000000000017,000000 000000000000,300000 000000000001,200000 0006 S0009+B0001
D000270+S0004 000000000003,000000 000000000011,000000 000000000000,400000 000000000001,200000 0006 S0009+B0001
D000270+S0009 000000000002,500000 000000000012,000000 000000000000,300000 000000000000,750000 0006 S0009+B0001
D000271+S0004 000000000001,500000 000000000004,000000 000000000000,400000 000000000000,600000 0006 S0009+B0001
D000271+S0009 000000000001,000000 000000000006,000000 000000000000,300000 000000000000,300000 0006 S0009+B0001
D000272+S0004 000000000001,500000 000000000007,000000 000000000000,400000 000000000000,600000 0006 S0009+B0001
D000272+S0009 000000000001,500000 000000000010,000000 000000000000,300000 000000000000,450000 0006 S0009+B0001
D000273+S0004 000000000003,500000 000000000016,000000 000000000000,400000 000000000001,400000 0006 S0009+B0001
D000273+S0009 000000000001,000000 000000000006,000000 000000000000,300000 000000000000,300000 0006 S0009+B0001
D000274+S0004 000000000004,500000 000000000024,000000 000000000000,400000 000000000001,800000 0006 S0009+B0001
D000274+S0009 000000000000,500000 000000000003,000000 000000000000,300000 000000000000,150000 0006 S0009+B0001
D000275+S0004 000000000001,000000 000000000005,000000 000000000000,400000 000000000000,400000 0006 S0009+B0001
D000275+S0006 000000000000,500000 000000000001,000000 000000000000,500000 000000000000,250000 0006 S0009+B0001
D000275+S0009 000000000001,000000 000000000012,000000 000000000000,300000 000000000000,300000 0006 S0009+B0001
D000276+S0009 000000000001,500000 000000000012,000000 000000000000,300000 000000000000,450000 0006 S0009+B0001
D000276+S0021 000000000000,500000 000000000002,000000 000000000000,300000 000000000000,150000 0006 S0009+B0001
D000277+S0004 000000000003,500000 000000000009,000000 000000000000,400000 000000000001,400000 0006 S0009+B0001
D000277+S0009 000000000002,000000 000000000012,000000 000000000000,300000 000000000000,600000 0006 S0009+B0001
D000278+S0004 000000000001,500000 000000000006,000000 000000000000,400000 000000000000,600000 0006 S0009+B0001
D000278+S0005 000000000001,000000 000000000001,000000 000000000000,500000 000000000000,500000 0006 S0009+B0001
D000278+S0009 000000000001,000000 000000000005,000000 000000000000,300000 000000000000,300000 0006 S0009+B0001
D000279+S0021 000000000005,000000 000000000044,000000 000000000000,500000 000000000002,500000 0006 S0009+B0001
D000280+S0021 000000000004,500000 000000000026,000000 000000000000,300000 000000000001,350000 0006 S0009+B0001
D000281+S0021 000000000003,000000 000000000022,000000 000000000000,300000 000000000000,900000 0006 S0009+B0001
D000282+S0021 000000000004,000000 000000000024,000000 000000000000,300000 000000000001,200000 0006 S0009+B0001
