000001 04 0001,000 0001,000 000000000007,700000 000000000007,700000 S Françoi       0004 S0004+B0001
000002 04 0001,000 0001,000 000000000005,500000 000000000005,500000 S Françoi       0004 S0004+B0001
000003 09 0001,000 0001,000 000000000001,800000 000000000001,800000 S Françoi       0004 S0004+B0001
000004 09 0001,000 0001,000 000000000004,300000 000000000004,300000 S Françoi       0004 S0004+B0001
000005 12 0001,000 0001,000 000000000006,600000 000000000006,600000 S Françoi       0004 S0004+B0001
000006 12 0001,000 0001,000 000000000003,400000 000000000003,400000 S Françoi       0004 S0004+B0001
000007 18 0001,000 0001,000 000000000008,300000 000000000008,300000 S Françoi       0004 S0004+B0001
000008 18 0001,000 0001,000 000000000006,300000 000000000006,300000 S Françoi       0004 S0004+B0001
000009 23 0001,000 0001,000 000000000004,900000 000000000004,900000 S Françoi       0004 S0004+B0001
000010 23 0001,000 0001,000 000000000004,400000 000000000004,400000 S Françoi       0004 S0004+B0001
000011 26 0001,000 0001,000 000000000008,400001 000000000008,400001 S Françoi       0004 S0004+B0001
000012 26 0001,000 0001,000 000000000005,800000 000000000005,800000 S Françoi       0004 S0004+B0001
000013 04 0001,000 0001,000 000000000005,400000 000000000005,400000 S Françoi       0004 S0004+B0002
000014 04 0001,000 0001,000 000000000006,500000 000000000006,500000 S Françoi       0004 S0004+B0002
000015 09 0001,000 0001,000 000000000004,700000 000000000004,700000 S Françoi       0004 S0004+B0002
000016 09 0001,000 0001,000 000000000005,300000 000000000005,300000 S Françoi       0004 S0004+B0002
000017 12 0001,000 0001,000 000000000004,500000 000000000004,500000 S Françoi       0004 S0004+B0002
000018 12 0001,000 0001,000 000000000006,800000 000000000006,800000 S Françoi       0004 S0004+B0002
000019 16 0001,000 0001,000 000000000007,300000 000000000007,300000 S Françoi       0004 S0004+B0002
000020 16 0001,000 0001,000 000000000007,300000 000000000007,300000 S Françoi       0004 S0004+B0002
000021 18 0001,000 0001,000 000000000011,100000 000000000011,100000 S Françoi       0004 S0004+B0002
000022 18 0001,000 0001,000 000000000009,300000 000000000009,300000 S Françoi       0004 S0004+B0002
000023 23 0001,000 0001,000 000000000011,100000 000000000011,100000 S Françoi       0004 S0004+B0002
000024 23 0001,000 0001,000 000000000005,600000 000000000005,600000 S Françoi       0004 S0004+B0002
000025 26 0001,000 0001,000 000000000012,100000 000000000012,100000 S Françoi       0004 S0004+B0002
000026 26 0001,000 0001,000 000000000005,000000 000000000005,000000 S Françoi       0004 S0004+B0002
000027 29 0001,000 0001,000 000000000005,400000 000000000005,400000 S Françoi       0004 S0004+B0002
000028 29 0001,000 0001,000 000000000004,800000 000000000004,800000 S Françoi       0004 S0004+B0002
000029 04 0001,000 0001,000 000000000006,000000 000000000006,000000 Mamane  oumarou 0005 S0008+B0001
000030 04 0001,000 0001,000 000000000002,000000 000000000002,000000 Mamane  oumarou 0005 S0008+B0001
000031 07 0001,000 0001,000 000000000004,000000 000000000004,000000 Mamane  oumarou 0005 S0008+B0001
000032 07 0001,000 0001,000 000000000006,500000 000000000006,500000 Mamane  oumarou 0005 S0008+B0001
000033 12 0001,000 0001,000 000000000010,500000 000000000010,500000 Mamane  oumarou 0005 S0008+B0001
000034 12 0001,000 0001,000 000000000005,000000 000000000005,000000 Mamane  oumarou 0005 S0008+B0001
000035 15 0001,000 0001,000 000000000005,000000 000000000005,000000 Mamane  oumarou 0005 S0008+B0001
000036 15 0001,000 0001,000 000000000007,500000 000000000007,500000 Mamane  oumarou 0005 S0008+B0001
000037 18 0001,000 0001,000 000000000001,500000 000000000001,500000 Mamane  oumarou 0005 S0008+B0001
000038 18 0001,000 0001,000 000000000002,000000 000000000002,000000 Mamane  oumarou 0005 S0008+B0001
000039 20 0001,000 0001,000 000000000002,000000 000000000002,000000 Mamane  oumarou 0005 S0008+B0001
000040 20 0001,000 0001,000 000000000002,000000 000000000002,000000 Mamane  oumarou 0005 S0008+B0001
000041 25 0001,000 0001,000 000000000001,500000 000000000001,500000 Mamane  oumarou 0005 S0008+B0001
000042 25 0001,000 0001,000 000000000002,500000 000000000002,500000 Mamane  oumarou 0005 S0008+B0001
000043 28 0001,000 0001,000 000000000002,000000 000000000002,000000 Mamane  oumarou 0005 S0008+B0001
000044 28 0001,000 0001,000 000000000008,000000 000000000008,000000 Mamane  oumarou 0005 S0008+B0001
000045 04 0001,000 0001,000 000000000002,000000 000000000002,000000 Oumarou Mamane  0005 S0007+B0001
000046 04 0001,000 0001,000 000000000003,500000 000000000003,500000 Oumarou Mamane  0005 S0007+B0001
000047 07 0001,000 0001,000 000000000003,500000 000000000003,500000 Oumarou Mamane  0005 S0007+B0001
000048 07 0001,000 0001,000 000000000002,500000 000000000002,500000 Oumarou Mamane  0005 S0007+B0001
000049 12 0001,000 0001,000 000000000003,500000 000000000003,500000 Oumarou Mamane  0005 S0007+B0001
000050 12 0001,000 0001,000 000000000001,000000 000000000001,000000 Oumarou Mamane  0005 S0007+B0001
000051 15 0001,000 0001,000 000000000002,500000 000000000002,500000 Oumarou Mamane  0005 S0007+B0001
000052 15 0001,000 0001,000 000000000000,000000 000000000000,000000 Oumarou Mamane  0005 S0007+B0001
000053 18 0001,000 0001,000 000000000001,000000 000000000001,000000 Oumarou Mamane  0005 S0007+B0001
000054 18 0001,000 0001,000 000000000001,500000 000000000001,500000 Oumarou Mamane  0005 S0007+B0001
000055 20 0001,000 0001,000 000000000001,500000 000000000001,500000 Oumarou Mamane  0005 S0007+B0001
000056 20 0001,000 0001,000 000000000002,500000 000000000002,500000 Oumarou Mamane  0005 S0007+B0001
000057 28 0001,000 0001,000 000000000001,500000 000000000001,500000 Oumarou Mamane  0005 S0007+B0001
000058 28 0001,000 0001,000 000000000002,000000 000000000002,000000 Oumarou Mamane  0005 S0007+B0001
000059 29 0001,000 0001,000 000000000020,500000 000000000020,500000 Dan Goni  Bilal 0008 S0011+B0001
000060 29 0001,000 0001,000 000000000022,000000 000000000022,000000 Dan Goni  Bilal 0008 S0011+B0001
000061 22 0001,000 0001,000 000000000010,000000 000000000010,000000 Dan Goni  Bilal 0008 S0011+B0001
000062 22 0001,000 0001,000 000000000008,000000 000000000008,000000 Dan Goni  Bilal 0008 S0011+B0001
000063 20 0001,000 0001,000 000000000021,500000 000000000021,500000 Dan Goni  Bilal 0008 S0011+B0001
000064 20 0001,000 0001,000 000000000018,000000 000000000018,000000 Dan Goni  Bilal 0008 S0011+B0001
000065 15 0001,000 0001,000 000000000029,500000 000000000029,500000 Dan Goni  Bilal 0008 S0011+B0001
000066 15 0001,000 0001,000 000000000023,500000 000000000023,500000 Dan Goni  Bilal 0008 S0011+B0001
000067 13 0001,000 0001,000 000000000021,000000 000000000021,000000 Dan Goni  Bilal 0008 S0011+B0001
000068 13 0001,000 0001,000 000000000010,500000 000000000010,500000 Dan Goni  Bilal 0008 S0011+B0001
000069 04 0001,000 0001,000 000000000005,500000 000000000005,500000 Dan Goni  Bilal 0008 S0011+B0001
000070 04 0001,000 0001,000 000000000023,000000 000000000023,000000 Dan Goni  Bilal 0008 S0011+B0001
000071 06 0001,000 0001,000 000000000011,000000 000000000011,000000 Dan Goni  Bilal 0008 S0011+B0001
000072 06 0001,000 0001,000 000000000015,000000 000000000015,000000 Dan Goni  Bilal 0008 S0011+B0001
000073 26 0001,000 0001,000 000000000026,000000 000000000026,000000 Dan Goni  Bilal 0008 S0011+B0001
000074 26 0001,000 0001,000 000000000017,500000 000000000017,500000 Dan Goni  Bilal 0008 S0011+B0001
000075 01 0001,000 0001,000 000000000002,500000 000000000002,500000 Soumaila Arzika 0008 S0013+B0003
000076 01 0001,000 0001,000 000000000005,000000 000000000005,000000 Soumaila Arzika 0008 S0013+B0003
000077 06 0001,000 0001,000 000000000003,500000 000000000003,500000 Soumaila Arzika 0008 S0013+B0003
000078 06 0001,000 0001,000 000000000005,000000 000000000005,000000 Soumaila Arzika 0008 S0013+B0003
000079 09 0001,000 0001,000 000000000002,000000 000000000002,000000 Soumaila Arzika 0008 S0013+B0003
000080 09 0001,000 0001,000 000000000005,100000 000000000005,100000 Soumaila Arzika 0008 S0013+B0003
000081 14 0001,000 0001,000 000000000016,500000 000000000016,500000 Soumaila Arzika 0008 S0013+B0003
000082 14 0001,000 0001,000 000000000012,000000 000000000012,000000 Soumaila Arzika 0008 S0013+B0003
000083 17 0001,000 0001,000 000000000020,000000 000000000020,000000 Soumaila Arzika 0008 S0013+B0003
000084 17 0001,000 0001,000 000000000011,000000 000000000011,000000 Soumaila Arzika 0008 S0013+B0003
000085 19 0001,000 0001,000 000000000022,000000 000000000022,000000 Soumaila Arzika 0008 S0013+B0003
000086 19 0001,000 0001,000 000000000010,500000 000000000010,500000 Soumaila Arzika 0008 S0013+B0003
000087 22 0001,000 0001,000 000000000008,000000 000000000008,000000 Soumaila Arzika 0008 S0013+B0003
000088 22 0001,000 0001,000 000000000004,500000 000000000004,500000 Soumaila Arzika 0008 S0013+B0003
000089 28 0001,000 0001,000 000000000005,000000 000000000005,000000 Soumaila Arzika 0008 S0013+B0003
000090 28 0001,000 0001,000 000000000005,000000 000000000005,000000 Soumaila Arzika 0008 S0013+B0003
000091 17 0001,000 0000,500 000000000022,299999 000000000022,299999 Issaka Hamidou  0003 S0003+B0005
000092 17 0001,000 0000,500 000000000010,300000 000000000010,300000 Issaka Hamidou  0003 S0003+B0005
000093 08 0001,000 0000,500 000000000012,400000 000000000012,400000 Issaka Hamidou  0003 S0003+B0005
000094 08 0001,000 0000,500 000000000016,600000 000000000016,600000 Issaka Hamidou  0003 S0003+B0005
000095 02 0001,000 0000,500 000000000028,500000 000000000028,500000 Issaka Hamidou  0003 S0003+B0005
000096 02 0001,000 0000,500 000000000024,299999 000000000024,299999 Issaka Hamidou  0003 S0003+B0005
000097 01 0001,000 0000,500 000000000026,900000 000000000026,900000 Issaka Hamidou  0003 S0003+B0005
000098 30 0001,000 0001,000 000000000005,100000 000000000005,100000 Issaka Hamidou  0003 S0003+B0002
000099 30 0001,000 0001,000 000000000009,799999 000000000009,799999 Issaka Hamidou  0003 S0003+B0002
000100 29 0001,000 0001,000 000000000010,300000 000000000010,300000 Issaka Hamidou  0003 S0003+B0002
000101 29 0001,000 0001,000 000000000009,200000 000000000009,200000 Issaka Hamidou  0003 S0003+B0002
000102 20 0001,000 0001,000 000000000017,299999 000000000017,299999 Issaka Hamidou  0003 S0003+B0002
000103 20 0001,000 0001,000 000000000007,600000 000000000007,600000 Issaka Hamidou  0003 S0003+B0002
000104 17 0001,000 0001,000 000000000010,800000 000000000010,800000 Issaka Hamidou  0003 S0003+B0002
000105 17 0001,000 0001,000 000000000005,200000 000000000005,200000 Issaka Hamidou  0003 S0003+B0002
000106 09 0001,000 0001,000 000000000008,000000 000000000008,000000 Issaka Hamidou  0003 S0003+B0002
000107 09 0001,000 0001,000 000000000009,700001 000000000009,700001 Issaka Hamidou  0003 S0003+B0002
000108 02 0001,000 0001,000 000000000022,400000 000000000022,400000 Issaka Hamidou  0003 S0003+B0002
000109 02 0001,000 0001,000 000000000012,400000 000000000012,400000 Issaka Hamidou  0003 S0003+B0002
000110 29 0001,000 0001,000 000000000015,900000 000000000015,900000 Issaka Hamidou  0003 S0003+B0001
000111 29 0001,000 0001,000 000000000013,800000 000000000013,800000 Issaka Hamidou  0003 S0003+B0001
000112 21 0001,000 0001,000 000000000008,000000 000000000008,000000 Issaka Hamidou  0003 S0003+B0001
000113 21 0001,000 0001,000 000000000010,000000 000000000010,000000 Issaka Hamidou  0003 S0003+B0001
000114 16 0001,000 0001,000 000000000009,200000 000000000009,200000 Issaka Hamidou  0003 S0003+B0001
000115 16 0001,000 0001,000 000000000009,200000 000000000009,200000 Issaka Hamidou  0003 S0003+B0001
000116 08 0001,000 0001,000 000000000011,800000 000000000011,800000 Issaka Hamidou  0003 S0003+B0001
000117 08 0001,000 0001,000 000000000005,100000 000000000005,100000 Issaka Hamidou  0003 S0003+B0001
000118 01 0001,000 0001,000 000000000010,300000 000000000010,300000 Issaka Hamidou  0003 S0003+B0001
000119 01 0001,000 0001,000 000000000006,500000 000000000006,500000 Issaka Hamidou  0003 S0003+B0001
000120 07 0001,000 0000,500 000000000001,500000 000000000001,500000 Aboubakar K     0006 S0009+B0005
000121 07 0001,000 0000,500 000000000002,500000 000000000002,500000 Aboubakar K     0006 S0009+B0005
000122 08 0001,000 0000,500 000000000001,000000 000000000001,000000 Aboubakar K     0006 S0009+B0005
000123 08 0001,000 0000,500 000000000001,500000 000000000001,500000 Aboubakar K     0006 S0009+B0005
000124 16 0001,000 0000,500 000000000002,500000 000000000002,500000 Aboubakar K     0006 S0009+B0005
000125 16 0001,000 0000,500 000000000001,500000 000000000001,500000 Aboubakar K     0006 S0009+B0005
000126 17 0001,000 0000,500 000000000001,500000 000000000001,500000 Aboubakar K     0006 S0009+B0005
000127 17 0001,000 0000,500 000000000001,500000 000000000001,500000 Aboubakar K     0006 S0009+B0005
000128 18 0001,000 0000,500 000000000002,500000 000000000002,500000 Aboubakar K     0006 S0009+B0005
000129 18 0001,000 0000,500 000000000012,000000 000000000012,000000 Aboubakar K     0006 S0009+B0005
000130 19 0001,000 0000,500 000000000004,000000 000000000004,000000 Aboubakar K     0006 S0009+B0005
000131 19 0001,000 0000,500 000000000003,500000 000000000003,500000 Aboubakar K     0006 S0009+B0005
000132 27 0001,000 0000,500 000000000003,000000 000000000003,000000 Aboubakar K     0006 S0009+B0005
000133 27 0001,000 0000,500 000000000003,500000 000000000003,500000 Aboubakar K     0006 S0009+B0005
000134 28 0001,000 0000,500 000000000002,500000 000000000002,500000 Aboubakar K     0006 S0009+B0005
000135 28 0001,000 0000,500 000000000004,000000 000000000004,000000 Aboubakar K     0006 S0009+B0005
