000001 19 0001,000 0001,000 000000000009,600000 000000000009,600000 Issaka Hamidou  0003 S0003+B0001
000002 19 0001,000 0001,000 000000000012,400000 000000000012,400000 Issaka Hamidou  0003 S0003+B0001
000003 03 0001,000 0001,000 000000000027,400000 000000000027,400000 Issaka Hamidou  0003 S0003+B0001
000004 03 0001,000 0001,000 000000000020,600000 000000000020,600000 Issaka Hamidou  0003 S0003+B0001
000005 13 0001,000 0001,000 000000000015,600000 000000000015,600000 Issaka Hamidou  0003 S0003+B0001
000006 13 0001,000 0001,000 000000000019,799999 000000000019,799999 Issaka Hamidou  0003 S0003+B0001
000007 29 0001,000 0000,500 000000000022,600000 000000000022,600000 Issaka Hamidou  0003 S0003+B0005
000008 29 0001,000 0000,500 000000000018,500000 000000000018,500000 Issaka Hamidou  0003 S0003+B0005
000009 26 0001,000 0000,500 000000000016,549999 000000000016,549999 Issaka Hamidou  0003 S0003+B0005
000010 26 0001,000 0000,500 000000000022,200001 000000000022,200001 Issaka Hamidou  0003 S0003+B0005
000011 20 0001,000 0000,500 000000000008,900000 000000000008,900000 Issaka Hamidou  0003 S0003+B0005
000012 20 0001,000 0000,500 000000000013,700000 000000000013,700000 Issaka Hamidou  0003 S0003+B0005
000013 19 0001,000 0000,500 000000000007,800000 000000000007,800000 Issaka Hamidou  0003 S0003+B0005
000014 19 0001,000 0000,500 000000000005,500000 000000000005,500000 Issaka Hamidou  0003 S0003+B0005
000015 03 0001,000 0000,500 000000000023,200001 000000000023,200001 Issaka Hamidou  0003 S0003+B0005
000016 03 0001,000 0000,500 000000000017,400000 000000000017,400000 Issaka Hamidou  0003 S0003+B0005
000017 05 0001,000 0000,500 000000000025,600000 000000000025,600000 Issaka Hamidou  0003 S0003+B0005
000018 05 0001,000 0000,500 000000000014,200000 000000000014,200000 Issaka Hamidou  0003 S0003+B0005
000019 14 0001,000 0000,500 000000000012,800000 000000000012,800000 Issaka Hamidou  0003 S0003+B0005
000020 14 0001,000 0000,500 000000000008,300000 000000000008,300000 Issaka Hamidou  0003 S0003+B0005
000021 13 0001,000 0000,500 000000000027,400000 000000000027,400000 Issaka Hamidou  0003 S0003+B0005
000022 13 0001,000 0000,500 000000000014,700000 000000000014,700000 Issaka Hamidou  0003 S0003+B0005
000023 29 0001,000 0001,000 000000000007,500000 000000000007,500000 Issaka Hamidou  0003 S0003+B0002
000024 29 0001,000 0001,000 000000000003,700000 000000000003,700000 Issaka Hamidou  0003 S0003+B0002
000025 26 0001,000 0001,000 000000000006,000000 000000000006,000000 Issaka Hamidou  0003 S0003+B0002
000026 26 0001,000 0001,000 000000000004,500000 000000000004,500000 Issaka Hamidou  0003 S0003+B0002
000027 20 0001,000 0001,000 000000000004,600000 000000000004,600000 Issaka Hamidou  0003 S0003+B0002
000028 20 0001,000 0001,000 000000000008,300000 000000000008,300000 Issaka Hamidou  0003 S0003+B0002
000029 05 0001,000 0001,000 000000000011,800000 000000000011,800000 Issaka Hamidou  0003 S0003+B0002
000030 05 0001,000 0001,000 000000000006,300000 000000000006,300000 Issaka Hamidou  0003 S0003+B0002
000031 14 0001,000 0001,000 000000000013,870000 000000000013,870000 Issaka Hamidou  0003 S0003+B0002
000032 30 0001,000 0001,000 000000000004,600000 000000000004,600000 S. François     0004 S0004+B0001
000033 30 0001,000 0001,000 000000000006,300000 000000000006,300000 S. François     0004 S0004+B0001
000034 26 0001,000 0001,000 000000000005,400000 000000000005,400000 S. François     0004 S0004+B0001
000035 26 0001,000 0001,000 000000000005,700000 000000000005,700000 S. François     0004 S0004+B0001
000036 23 0001,000 0001,000 000000000006,100000 000000000006,100000 S. François     0004 S0004+B0001
000037 23 0001,000 0001,000 000000000004,900000 000000000004,900000 S. François     0004 S0004+B0001
000038 19 0001,000 0001,000 000000000007,400000 000000000007,400000 S. François     0004 S0004+B0001
000039 19 0001,000 0001,000 000000000009,500000 000000000009,500000 S. François     0004 S0004+B0001
000040 15 0001,000 0001,000 000000000005,500000 000000000005,500000 S. François     0004 S0004+B0001
000041 15 0001,000 0001,000 000000000006,000000 000000000006,000000 S. François     0004 S0004+B0001
000042 11 0001,000 0001,000 000000000005,500000 000000000005,500000 S. François     0004 S0004+B0001
000043 11 0001,000 0001,000 000000000006,600000 000000000006,600000 S. François     0004 S0004+B0001
000044 09 0001,000 0001,000 000000000006,800000 000000000006,800000 S. François     0004 S0004+B0001
000045 09 0001,000 0001,000 000000000007,500000 000000000007,500000 S. François     0004 S0004+B0001
000046 04 0001,000 0001,000 000000000007,000000 000000000007,000000 S. François     0004 S0004+B0001
000047 04 0001,000 0001,000 000000000006,400000 000000000006,400000 S. François     0004 S0004+B0001
000048 02 0001,000 0001,000 000000000004,300000 000000000004,300000 S. François     0004 S0004+B0001
000049 02 0001,000 0001,000 000000000006,500000 000000000006,500000 S. François     0004 S0004+B0001
000050 27 0001,000 0001,000 000000000003,000000 000000000003,000000 Mamoudou A.     0005 S0008+B0001
000051 27 0001,000 0001,000 000000000003,500000 000000000003,500000 Mamoudou A.     0005 S0008+B0001
000052 26 0001,000 0001,000 000000000002,500000 000000000002,500000 Mamoudou A.     0005 S0008+B0001
000053 26 0001,000 0001,000 000000000002,000000 000000000002,000000 Mamoudou A.     0005 S0008+B0001
000054 21 0001,000 0001,000 000000000006,500000 000000000006,500000 Mamoudou A.     0005 S0008+B0001
000055 21 0001,000 0001,000 000000000004,500000 000000000004,500000 Mamoudou A.     0005 S0008+B0001
000056 19 0001,000 0001,000 000000000001,500000 000000000001,500000 Mamoudou A.     0005 S0008+B0001
000057 19 0001,000 0001,000 000000000002,500000 000000000002,500000 Mamoudou A.     0005 S0008+B0001
000058 13 0001,000 0001,000 000000000004,500000 000000000004,500000 Mamoudou A.     0005 S0008+B0001
000059 13 0001,000 0001,000 000000000004,500000 000000000004,500000 Mamoudou A.     0005 S0008+B0001
000060 11 0001,000 0001,000 000000000004,500000 000000000004,500000 Mamoudou A.     0005 S0008+B0001
000061 11 0001,000 0001,000 000000000002,500000 000000000002,500000 Mamoudou A.     0005 S0008+B0001
000062 07 0001,000 0001,000 000000000004,500000 000000000004,500000 Mamoudou A.     0005 S0008+B0001
000063 07 0001,000 0001,000 000000000005,000000 000000000005,000000 Mamoudou A.     0005 S0008+B0001
000064 05 0001,000 0001,000 000000000002,000000 000000000002,000000 Mamoudou A.     0005 S0008+B0001
000065 05 0001,000 0001,000 000000000002,500000 000000000002,500000 Mamoudou A.     0005 S0008+B0001
000066 05 0001,000 0001,000 000000000003,500000 000000000003,500000 Amadou Moukaila 0005 S0007+B0001
000067 05 0001,000 0001,000 000000000000,001000 000000000000,001000 Amadou Moukaila 0005 S0007+B0001
000068 21 0001,000 0001,000 000000000001,000000 000000000001,000000 Amadou Moukaila 0005 S0007+B0001
000069 21 0001,000 0001,000 000000000000,001000 000000000000,001000 Amadou Moukaila 0005 S0007+B0001
000070 19 0001,000 0001,000 000000000002,000000 000000000002,000000 Amadou Moukaila 0005 S0007+B0001
000071 19 0001,000 0001,000 000000000002,500000 000000000002,500000 Amadou Moukaila 0005 S0007+B0001
000072 11 0001,000 0001,000 000000000001,000000 000000000001,000000 Amadou Moukaila 0005 S0007+B0001
000073 11 0001,000 0001,000 000000000001,000000 000000000001,000000 Amadou Moukaila 0005 S0007+B0001
000074 07 0001,000 0001,000 000000000005,000000 000000000005,000000 Amadou Moukaila 0005 S0007+B0001
000075 07 0001,000 0001,000 000000000003,500000 000000000003,500000 Amadou Moukaila 0005 S0007+B0001
000076 05 0001,000 0001,000 000000000004,300000 000000000004,300000 Soumaila Arzika 0008 S0013+B0003
000077 05 0001,000 0001,000 000000000001,200000 000000000001,200000 Soumaila Arzika 0008 S0013+B0003
000078 08 0001,000 0001,000 000000000001,900000 000000000001,900000 Soumaila Arzika 0008 S0013+B0003
000079 08 0001,000 0001,000 000000000002,850000 000000000002,850000 Soumaila Arzika 0008 S0013+B0003
000080 14 0001,000 0001,000 000000000005,300000 000000000005,300000 Soumaila Arzika 0008 S0013+B0003
000081 14 0001,000 0001,000 000000000002,100000 000000000002,100000 Soumaila Arzika 0008 S0013+B0003
000082 17 0001,000 0001,000 000000000001,300000 000000000001,300000 Soumaila Arzika 0008 S0013+B0003
000083 17 0001,000 0001,000 000000000003,400000 000000000003,400000 Soumaila Arzika 0008 S0013+B0003
000084 21 0001,000 0001,000 000000000002,700000 000000000002,700000 Soumaila Arzika 0008 S0013+B0003
000085 21 0001,000 0001,000 000000000005,300000 000000000005,300000 Soumaila Arzika 0008 S0013+B0003
000086 22 0001,000 0001,000 000000000003,400000 000000000003,400000 Soumaila Arzika 0008 S0013+B0003
000087 22 0001,000 0001,000 000000000003,400000 000000000003,400000 Soumaila Arzika 0008 S0013+B0003
000088 26 0001,000 0001,000 000000000004,100000 000000000004,100000 Soumaila Arzika 0008 S0013+B0003
000089 26 0001,000 0001,000 000000000002,800000 000000000002,800000 Soumaila Arzika 0008 S0013+B0003
000090 02 0001,000 0001,000 000000000003,800000 000000000003,800000 Soumaila Arzika 0008 S0013+B0003
000091 02 0001,000 0001,000 000000000001,400000 000000000001,400000 Soumaila Arzika 0008 S0013+B0003
000092 26 0001,000 0001,000 000000000016,000000 000000000016,000000 Ibrahim Niadou  0008 S0012+B0001
000093 26 0001,000 0001,000 000000000014,500000 000000000014,500000 Ibrahim Niadou  0008 S0012+B0001
000094 22 0001,000 0001,000 000000000016,500000 000000000016,500000 Ibrahim Niadou  0008 S0012+B0001
000095 22 0001,000 0001,000 000000000009,000000 000000000009,000000 Ibrahim Niadou  0008 S0012+B0001
000096 18 0001,000 0001,000 000000000010,000000 000000000010,000000 Ibrahim Niadou  0008 S0012+B0001
000097 18 0001,000 0001,000 000000000010,500000 000000000010,500000 Ibrahim Niadou  0008 S0012+B0001
000098 14 0001,000 0001,000 000000000015,000000 000000000015,000000 Ibrahim Niadou  0008 S0012+B0001
000099 14 0001,000 0001,000 000000000020,500000 000000000020,500000 Ibrahim Niadou  0008 S0012+B0001
000100 10 0001,000 0001,000 000000000023,500000 000000000023,500000 Ibrahim Niadou  0008 S0012+B0001
000101 10 0001,000 0001,000 000000000019,000000 000000000019,000000 Ibrahim Niadou  0008 S0012+B0001
000102 07 0001,000 0001,000 000000000011,500000 000000000011,500000 Ibrahim Niadou  0008 S0012+B0001
000103 07 0001,000 0001,000 000000000015,000000 000000000015,000000 Ibrahim Niadou  0008 S0012+B0001
000104 30 0001,000 0001,000 000000000005,000000 000000000005,000000 Ibrahim Niadou  0008 S0012+B0001
000105 30 0001,000 0001,000 000000000016,500000 000000000016,500000 Ibrahim Niadou  0008 S0012+B0001
000106 03 0001,000 0001,000 000000000017,500000 000000000017,500000 Ibrahim Niadou  0008 S0012+B0001
000107 03 0001,000 0001,000 000000000022,000000 000000000022,000000 Ibrahim Niadou  0008 S0012+B0001
000108 23 0001,000 0000,500 000000000002,000000 000000000002,000000 Kassoum A.      0006 S0009+B0005
000109 23 0001,000 0000,500 000000000002,500000 000000000002,500000 Kassoum A.      0006 S0009+B0005
000110 22 0001,000 0000,500 000000000003,000000 000000000003,000000 Kassoum A.      0006 S0009+B0005
000111 22 0001,000 0000,500 000000000004,000000 000000000004,000000 Kassoum A.      0006 S0009+B0005
000112 14 0001,000 0000,500 000000000007,500000 000000000007,500000 Kassoum A.      0006 S0009+B0005
000113 14 0001,000 0000,500 000000000002,500000 000000000002,500000 Kassoum A.      0006 S0009+B0005
000114 13 0001,000 0000,500 000000000003,500000 000000000003,500000 Kassoum A.      0006 S0009+B0005
000115 13 0001,000 0000,500 000000000004,500000 000000000004,500000 Kassoum A.      0006 S0009+B0005
000116 05 0001,000 0000,500 000000000005,500000 000000000005,500000 Kassoum A.      0006 S0009+B0005
000117 05 0001,000 0000,500 000000000002,500000 000000000002,500000 Kassoum A.      0006 S0009+B0005
000118 04 0001,000 0000,500 000000000003,500000 000000000003,500000 Kassoum A.      0006 S0009+B0005
000119 04 0001,000 0000,500 000000000002,000000 000000000002,000000 Kassoum A.      0006 S0009+B0005
000120 29 0001,000 0000,500 000000000001,500000 000000000001,500000 Kassoum A.      0006 S0009+B0005
000121 29 0001,000 0000,500 000000000004,000000 000000000004,000000 Kassoum A.      0006 S0009+B0005
000122 30 0001,000 0000,500 000000000002,500000 000000000002,500000 Kassoum A.      0006 S0009+B0005
000123 30 0001,000 0000,500 000000000001,500000 000000000001,500000 Kassoum A.      0006 S0009+B0005
000124 11 0001,000 0000,500 000000000002,250000 000000000002,250000 Kassoum A.      0006 S0009+B0005
000125 11 0001,000 0000,500 000000000001,500000 000000000001,500000 Kassoum A.      0006 S0009+B0005
000126 10 0001,000 0000,500 000000000003,250000 000000000003,250000 Kassoum A.      0006 S0009+B0005
000127 10 0001,000 0000,500 000000000005,000000 000000000005,000000 Kassoum A.      0006 S0009+B0005
000128 02 0001,000 0000,500 000000000002,500000 000000000002,500000 Kassoum A.      0006 S0009+B0005
000129 02 0001,000 0000,500 000000000004,500000 000000000004,500000 Kassoum A.      0006 S0009+B0005
000130 01 0001,000 0000,500 000000000002,250000 000000000002,250000 Kassoum A.      0006 S0009+B0005
000131 01 0001,000 0000,500 000000000005,500000 000000000005,500000 Kassoum A.      0006 S0009+B0005
000132 30 0001,000 0001,000 000000000001,000000 000000000001,000000 Kassoum A.      0006 S0009+B0001
000133 30 0001,000 0001,000 000000000002,500000 000000000002,500000 Kassoum A.      0006 S0009+B0001
000134 29 0001,000 0001,000 000000000001,500000 000000000001,500000 Kassoum A.      0006 S0009+B0001
000135 29 0001,000 0001,000 000000000002,500000 000000000002,500000 Kassoum A.      0006 S0009+B0001
000136 21 0001,000 0001,000 000000000002,000000 000000000002,000000 Kassoum A.      0006 S0009+B0001
000137 21 0001,000 0001,000 000000000001,500000 000000000001,500000 Kassoum A.      0006 S0009+B0001
000138 22 0001,000 0001,000 000000000001,500000 000000000001,500000 Kassoum A.      0006 S0009+B0001
000139 22 0001,000 0001,000 000000000000,500000 000000000000,500000 Kassoum A.      0006 S0009+B0001
000140 14 0001,000 0001,000 000000000004,000000 000000000004,000000 Kassoum A.      0006 S0009+B0001
000141 14 0001,000 0001,000 000000000002,500000 000000000002,500000 Kassoum A.      0006 S0009+B0001
000142 13 0001,000 0001,000 000000000002,500000 000000000002,500000 Kassoum A.      0006 S0009+B0001
000143 13 0001,000 0001,000 000000000003,500000 000000000003,500000 Kassoum A.      0006 S0009+B0001
000144 05 0001,000 0001,000 000000000002,500000 000000000002,500000 Kassoum A.      0006 S0009+B0001
000145 05 0001,000 0001,000 000000000003,000000 000000000003,000000 Kassoum A.      0006 S0009+B0001
000146 04 0001,000 0001,000 000000000001,500000 000000000001,500000 Kassoum A.      0006 S0009+B0001
000147 04 0001,000 0001,000 000000000003,000000 000000000003,000000 Kassoum A.      0006 S0009+B0001
000148 11 0001,000 0001,000 000000000017,000000 000000000017,000000 Kassoum A.      0006 S0009+B0001
000149 11 0001,000 0001,000 000000000012,000000 000000000012,000000 Kassoum A.      0006 S0009+B0001
000150 10 0001,000 0001,000 000000000013,000000 000000000013,000000 Kassoum A.      0006 S0009+B0001
000151 10 0001,000 0001,000 000000000010,500000 000000000010,500000 Kassoum A.      0006 S0009+B0001
000152 02 0001,000 0001,000 000000000009,000000 000000000009,000000 Kassoum A.      0006 S0009+B0001
000153 02 0001,000 0001,000 000000000004,500000 000000000004,500000 Kassoum A.      0006 S0009+B0001
000154 01 0001,000 0001,000 000000000007,000000 000000000007,000000 Kassoum A.      0006 S0009+B0001
000155 01 0001,000 0001,000 000000000004,000000 000000000004,000000 Kassoum A.      0006 S0009+B0001
000156 11 0001,000 0001,000 000000000040,000000 000000000040,000000 Sabdoulaye      0004 S0005+B0001
000157 11 0001,000 0001,000 000000000024,000000 000000000024,000000 Sabdoulaye      0004 S0005+B0001
000158 16 0001,000 0001,000 000000000015,000000 000000000015,000000 Sabdoulaye      0004 S0005+B0001
000159 16 0001,000 0001,000 000000000037,000000 000000000037,000000 Sabdoulaye      0004 S0005+B0001
000160 21 0001,000 0001,000 000000000010,000000 000000000010,000000 Sabdoulaye      0004 S0005+B0001
000161 21 0001,000 0001,000 000000000011,000000 000000000011,000000 Sabdoulaye      0004 S0005+B0001
000162 27 0001,000 0001,000 000000000006,000000 000000000006,000000 Sabdoulaye      0004 S0005+B0001
000163 27 0001,000 0001,000 000000000015,000000 000000000015,000000 Sabdoulaye      0004 S0005+B0001
000164 11 0001,000 0001,000 000000000045,000000 000000000045,000000 Sabdoulaye      0004 S0005+B0005
000165 11 0001,000 0001,000 000000000065,000000 000000000065,000000 Sabdoulaye      0004 S0005+B0005
000166 16 0001,000 0001,000 000000000040,000000 000000000040,000000 Sabdoulaye      0004 S0005+B0005
000167 16 0001,000 0001,000 000000000060,000000 000000000060,000000 Sabdoulaye      0004 S0005+B0005
000168 21 0001,000 0001,000 000000000010,000000 000000000010,000000 Sabdoulaye      0004 S0005+B0005
000169 21 0001,000 0001,000 000000000020,000000 000000000020,000000 Sabdoulaye      0004 S0005+B0005
000170 27 0001,000 0001,000 000000000035,000000 000000000035,000000 Sabdoulaye      0004 S0005+B0005
000171 27 0001,000 0001,000 000000000025,000000 000000000025,000000 Sabdoulaye      0004 S0005+B0005
