D000001+S0002 000000000000,900000 000000000004,000000 000000000000,000000 000000000000,000000 0004 S0004+B0001
D000001+S0005 000000000001,100000 000000000006,000000 000000000000,000000 000000000000,000000 0004 S0004+B0001
D000001+S0008 000000000000,600000 000000000003,000000 000000000000,000000 000000000000,000000 0004 S0004+B0001
D000001+S0009 000000000000,700000 000000000008,000000 000000000000,000000 000000000000,000000 0004 S0004+B0001
D000001+S0017 000000000000,600000 000000000003,000000 000000000000,000000 000000000000,000000 0004 S0004+B0001
D000001+S0018 000000000000,900000 000000000009,000000 000000000000,000000 000000000000,000000 0004 S0004+B0001
D000002+S0002 000000000000,500000 000000000005,000000 000000000000,000000 000000000000,000000 0004 S0004+B0001
D000002+S0004 000000000000,500000 000000000003,000000 000000000000,000000 000000000000,000000 0004 S0004+B0001
D000002+S0006 000000000000,700000 000000000004,000000 000000000000,000000 000000000000,000000 0004 S0004+B0001
D000002+S0008 000000000000,600000 000000000004,000000 000000000000,000000 000000000000,000000 0004 S0004+B0001
D000002+S0009 000000000000,800000 000000000011,000000 000000000000,000000 000000000000,000000 0004 S0004+B0001
D000002+S0017 000000000000,300000 000000000002,000000 000000000000,000000 000000000000,000000 0004 S0004+B0001
D000003+S0001 000000000001,800000 000000000012,000000 000000000000,000000 000000000000,000000 0004 S0004+B0001
D000003+S0013 000000000001,900000 000000000017,000000 000000000000,000000 000000000000,000000 0004 S0004+B0001
D000003+S0015 000000000002,100000 000000000047,000000 000000000000,000000 000000000000,000000 0004 S0004+B0001
D000003+S0017 000000000000,800000 000000000002,000000 000000000000,000000 000000000000,000000 0004 S0004+B0001
D000003+S0020 000000000001,300000 000000000007,000000 000000000000,000000 000000000000,000000 0004 S0004+B0001
D000004+S0003 000000000000,700000 000000000003,000000 000000000000,000000 000000000000,000000 0004 S0004+B0001
D000004+S0006 000000000001,700000 000000000003,000000 000000000000,000000 000000000000,000000 0004 S0004+B0001
D000004+S0009 000000000001,200000 000000000011,000000 000000000000,000000 000000000000,000000 0004 S0004+B0001
D000004+S0017 000000000000,600000 000000000002,000000 000000000000,000000 000000000000,000000 0004 S0004+B0001
D000004+S0018 000000000000,900000 000000000006,000000 000000000000,000000 000000000000,000000 0004 S0004+B0001
D000005+S0002 000000000000,600000 000000000004,000000 000000000000,000000 000000000000,000000 0004 S0004+B0001
D000005+S0004 000000000000,700000 000000000003,000000 000000000000,000000 000000000000,000000 0004 S0004+B0001
D000005+S0007 000000000000,400000 000000000002,000000 000000000000,000000 000000000000,000000 0004 S0004+B0001
D000005+S0009 000000000001,300000 000000000015,000000 000000000000,000000 000000000000,000000 0004 S0004+B0001
D000005+S0011 000000000001,700000 000000000035,000000 000000000000,000000 000000000000,000000 0004 S0004+B0001
D000005+S0016 000000000000,900000 000000000007,000000 000000000000,000000 000000000000,000000 0004 S0004+B0001
D000005+S0017 000000000000,700000 000000000005,000000 000000000000,000000 000000000000,000000 0004 S0004+B0001
D000006+S0002 000000000000,400000 000000000002,000000 000000000000,000000 000000000000,000000 0004 S0004+B0001
D000006+S0004 000000000000,900000 000000000003,000000 000000000000,000000 000000000000,000000 0004 S0004+B0001
D000006+S0008 000000000001,100000 000000000004,000000 000000000000,000000 000000000000,000000 0004 S0004+B0001
D000006+S0011 000000000001,800000 000000000027,000000 000000000000,000000 000000000000,000000 0004 S0004+B0001
D000006+S0017 000000000000,900000 000000000003,000000 000000000000,000000 000000000000,000000 0004 S0004+B0001
D000006+S0018 000000000001,100000 000000000005,000000 000000000000,000000 000000000000,000000 0004 S0004+B0001
D000007+S0002 000000000000,700000 000000000006,000000 000000000000,000000 000000000000,000000 0004 S0004+B0001
D000007+S0009 000000000001,300000 000000000015,000000 000000000000,000000 000000000000,000000 0004 S0004+B0001
D000007+S0011 000000000000,800000 000000000003,000000 000000000000,000000 000000000000,000000 0004 S0004+B0001
D000007+S0016 000000000000,700000 000000000005,000000 000000000000,000000 000000000000,000000 0004 S0004+B0001
D000007+S0017 000000000000,500000 000000000001,000000 000000000000,000000 000000000000,000000 0004 S0004+B0001
D000007+S0018 000000000001,900000 000000000024,000000 000000000000,000000 000000000000,000000 0004 S0004+B0001
D000008+S0002 000000000000,900000 000000000006,000000 000000000000,000000 000000000000,000000 0004 S0004+B0001
D000008+S0008 000000000001,400000 000000000002,000000 000000000000,000000 000000000000,000000 0004 S0004+B0001
D000008+S0013 000000000001,900000 000000000054,000000 000000000000,000000 000000000000,000000 0004 S0004+B0001
D000008+S0017 000000000000,900000 000000000002,000000 000000000000,000000 000000000000,000000 0004 S0004+B0001
D000008+S0018 000000000001,300000 000000000011,000000 000000000000,000000 000000000000,000000 0004 S0004+B0001
D000009+S0003 000000000001,900000 000000000019,000000 000000000000,000000 000000000000,000000 0004 S0004+B0001
D000009+S0006 000000000000,500000 000000000003,000000 000000000000,000000 000000000000,000000 0004 S0004+B0001
D000009+S0009 000000000001,100000 000000000010,000000 000000000000,000000 000000000000,000000 0004 S0004+B0001
D000009+S0011 000000000001,800000 000000000015,000000 000000000000,000000 000000000000,000000 0004 S0004+B0001
D000009+S0017 000000000000,600000 000000000004,000000 000000000000,000000 000000000000,000000 0004 S0004+B0001
D000009+S0018 000000000000,900000 000000000017,000000 000000000000,000000 000000000000,000000 0004 S0004+B0001
D000010+S0004 000000000001,900000 000000000011,000000 000000000000,000000 000000000000,000000 0004 S0004+B0001
D000010+S0006 000000000000,500000 000000000004,000000 000000000000,000000 000000000000,000000 0004 S0004+B0001
D000010+S0008 000000000000,700000 000000000004,000000 000000000000,000000 000000000000,000000 0004 S0004+B0001
D000010+S0009 000000000001,300000 000000000008,000000 000000000000,000000 000000000000,000000 0004 S0004+B0001
D000010+S0011 000000000001,700000 000000000019,000000 000000000000,000000 000000000000,000000 0004 S0004+B0001
D000010+S0016 000000000001,100000 000000000010,000000 000000000000,000000 000000000000,000000 0004 S0004+B0001
D000010+S0017 000000000000,700000 000000000002,000000 000000000000,000000 000000000000,000000 0004 S0004+B0001
D000010+S0018 000000000001,900000 000000000012,000000 000000000000,000000 000000000000,000000 0004 S0004+B0001
D000010+S0020 000000000004,000000 000000000001,000000 000000000000,000000 000000000000,000000 0004 S0004+B0001
D000010+S0021 000000000000,900000 000000000002,000000 000000000000,000000 000000000000,000000 0004 S0004+B0001
D000011+S0002 000000000001,000000 000000000006,000000 000000000000,000000 000000000000,000000 0004 S0004+B0001
D000011+S0011 000000000001,200000 000000000008,000000 000000000000,000000 000000000000,000000 0004 S0004+B0001
D000011+S0016 000000000001,600000 000000000004,000000 000000000000,000000 000000000000,000000 0004 S0004+B0001
D000011+S0018 000000000001,200000 000000000009,000000 000000000000,000000 000000000000,000000 0004 S0004+B0001
D000012+S0008 000000000000,900000 000000000002,000000 000000000000,000000 000000000000,000000 0004 S0004+B0001
D000012+S0009 000000000001,700000 000000000010,000000 000000000000,000000 000000000000,000000 0004 S0004+B0001
D000012+S0011 000000000001,100000 000000000007,000000 000000000000,000000 000000000000,000000 0004 S0004+B0001
D000012+S0015 000000000001,300000 000000000009,000000 000000000000,000000 000000000000,000000 0004 S0004+B0001
D000012+S0017 000000000000,800000 000000000003,000000 000000000000,000000 000000000000,000000 0004 S0004+B0001
D000012+S0018 000000000001,900000 000000000013,000000 000000000000,000000 000000000000,000000 0004 S0004+B0001
D000013+S0004 000000000000,800000 000000000003,000000 000000000000,000000 000000000000,000000 0004 S0004+B0001
D000013+S0008 000000000000,900000 000000000003,000000 000000000000,000000 000000000000,000000 0004 S0004+B0001
D000013+S0009 000000000001,100000 000000000014,000000 000000000000,000000 000000000000,000000 0004 S0004+B0001
D000013+S0011 000000000000,900000 000000000008,000000 000000000000,000000 000000000000,000000 0004 S0004+B0001
D000013+S0017 000000000000,500000 000000000002,000000 000000000000,000000 000000000000,000000 0004 S0004+B0001
D000013+S0018 000000000001,200000 000000000007,000000 000000000000,000000 000000000000,000000 0004 S0004+B0001
D000014+S0002 000000000000,400000 000000000002,000000 000000000000,000000 000000000000,000000 0004 S0004+B0001
D000014+S0004 000000000001,200000 000000000004,000000 000000000000,000000 000000000000,000000 0004 S0004+B0001
D000014+S0008 000000000000,700000 000000000004,000000 000000000000,000000 000000000000,000000 0004 S0004+B0001
D000014+S0009 000000000001,000000 000000000012,000000 000000000000,000000 000000000000,000000 0004 S0004+B0001
D000014+S0017 000000000000,700000 000000000003,000000 000000000000,000000 000000000000,000000 0004 S0004+B0001
D000014+S0018 000000000000,900000 000000000003,000000 000000000000,000000 000000000000,000000 0004 S0004+B0001
D000015+S0009 000000000007,000000 000000000040,000000 000000000000,250000 000000000001,750000 0004 S0005+B0001
D000016+S0004 000000000080,000000 000000000216,000000 000000000000,200000 000000000016,000000 0004 S0005+B0001
D000016+S0011 000000000005,000000 000000000003,000000 000000000000,500000 000000000002,500000 0004 S0005+B0001
D000016+S0017 000000000009,000000 000000000003,000000 000000000001,000000 000000000009,000000 0004 S0005+B0001
D000017+S0009 000000000006,000000 000000000040,000000 000000000000,250000 000000000001,500000 0004 S0005+B0001
D000018+S0016 000000000015,000000 000000000095,000000 000000000000,200000 000000000003,000000 0004 S0005+B0001
D000019+S0009 000000000010,000000 000000000080,000000 000000000000,250000 000000000002,500000 0004 S0005+B0001
D000020+S0014 000000000005,500000 000000000009,000000 000000000000,300000 000000000001,650000 0004 S0005+B0001
D000021+S0009 000000000008,000000 000000000041,000000 000000000000,250000 000000000002,000000 0004 S0005+B0001
D000022+S0014 000000000008,000000 000000000016,000000 000000000000,300000 000000000002,400000 0004 S0005+B0001
D000023+S0009 000000000010,000000 000000000042,000000 000000000000,250000 000000000002,500000 0004 S0005+B0005
D000024+S0004 000000000040,000000 000000000700,000000 000000000000,500000 000000000020,000000 0004 S0005+B0005
D000025+S0005 000000000080,000000 000000001400,000000 000000000000,500000 000000000040,000000 0004 S0005+B0005
D000026+S0005 000000000090,000000 000000001507,000000 000000000000,500000 000000000045,000000 0004 S0005+B0005
D000027+S0004 000000000050,000000 000000000425,000000 000000000000,500000 000000000025,000000 0004 S0005+B0005
D000028+S0004 000000000070,000000 000000000511,000000 000000000000,500000 000000000035,000000 0004 S0005+B0005
D000029+S0004 000000000070,000000 000000000307,000000 000000000000,500000 000000000035,000000 0004 S0005+B0005
D000030+S0004 000000000030,000000 000000000212,000000 000000000000,500000 000000000015,000000 0004 S0005+B0005
D000031+S0008 000000000001,500000 000000000008,000000 000000000000,000000 000000000000,000000 0005 S0007+B0001
D000031+S0009 000000000001,500000 000000000007,000000 000000000000,000000 000000000000,000000 0005 S0007+B0001
D000031+S0017 000000000002,000000 000000000004,000000 000000000000,000000 000000000000,000000 0005 S0007+B0001
D000031+S0018 000000000003,000000 000000000010,000000 000000000000,000000 000000000000,000000 0005 S0007+B0001
D000032+S0004 000000000001,000000 000000000009,000000 000000000000,000000 000000000000,000000 0005 S0007+B0001
D000032+S0008 000000000001,500000 000000000013,000000 000000000000,000000 000000000000,000000 0005 S0007+B0001
D000032+S0011 000000000001,000000 000000000017,000000 000000000000,000000 000000000000,000000 0005 S0007+B0001
D000032+S0016 000000000002,500000 000000000022,000000 000000000000,000000 000000000000,000000 0005 S0007+B0001
D000033+S0003 000000000000,500000 000000000002,000000 000000000000,000000 000000000000,000000 0005 S0007+B0001
D000033+S0008 000000000000,500000 000000000002,000000 000000000000,000000 000000000000,000000 0005 S0007+B0001
D000033+S0009 000000000000,500000 000000000001,000000 000000000000,000000 000000000000,000000 0005 S0007+B0001
D000033+S0013 000000000000,500000 000000000002,000000 000000000000,000000 000000000000,000000 0005 S0007+B0001
D000033+S0016 000000000001,000000 000000000019,000000 000000000000,000000 000000000000,000000 0005 S0007+B0001
D000033+S0020 000000000000,500000 000000000001,000000 000000000000,000000 000000000000,000000 0005 S0007+B0001
D000034+S0020 000000000000,500000 000000000002,000000 000000000000,000000 000000000000,000000 0005 S0007+B0001
D000035+S0002 000000000001,000000 000000000006,000000 000000000000,000000 000000000000,000000 0005 S0007+B0001
D000035+S0009 000000000001,500000 000000000016,000000 000000000000,000000 000000000000,000000 0005 S0007+B0001
D000035+S0011 000000000001,000000 000000000006,000000 000000000000,000000 000000000000,000000 0005 S0007+B0001
D000035+S0016 000000000001,000000 000000000021,000000 000000000000,000000 000000000000,000000 0005 S0007+B0001
D000036+S0002 000000000001,000000 000000000002,000000 000000000000,000000 000000000000,000000 0005 S0007+B0001
D000036+S0011 000000000000,500000 000000000001,000000 000000000000,000000 000000000000,000000 0005 S0007+B0001
D000037+S0002 000000000001,500000 000000000004,000000 000000000000,000000 000000000000,000000 0005 S0007+B0001
D000037+S0008 000000000000,500000 000000000003,000000 000000000000,000000 000000000000,000000 0005 S0007+B0001
D000037+S0011 000000000000,500000 000000000005,000000 000000000000,000000 000000000000,000000 0005 S0007+B0001
D000037+S0017 000000000001,000000 000000000001,000000 000000000000,000000 000000000000,000000 0005 S0007+B0001
D000037+S0020 000000000000,500000 000000000001,000000 000000000000,000000 000000000000,000000 0005 S0007+B0001
D000038+S0002 000000000000,500000 000000000001,000000 000000000000,000000 000000000000,000000 0005 S0007+B0001
D000038+S0011 000000000000,500000 000000000002,000000 000000000000,000000 000000000000,000000 0005 S0007+B0001
D000038+S0020 000000000000,500000 000000000001,000000 000000000000,000000 000000000000,000000 0005 S0007+B0001
D000039+S0002 000000000001,000000 000000000005,000000 000000000000,000000 000000000000,000000 0005 S0007+B0001
D000039+S0009 000000000000,500000 000000000001,000000 000000000000,000000 000000000000,000000 0005 S0007+B0001
D000039+S0018 000000000000,500000 000000000002,000000 000000000000,000000 000000000000,000000 0005 S0007+B0001
D000062+S0020 000000000010,000000 000000000005,000000 000000000000,000000 000000000000,000000 0005 S0008+B0001
D000063+S0013 000000000010,500000 000000000171,000000 000000000000,000000 000000000000,000000 0005 S0008+B0001
D000064+S0009 000000000004,500000 000000000063,000000 000000000000,000000 000000000000,000000 0005 S0008+B0001
D000064+S0017 000000000001,500000 000000000002,000000 000000000000,000000 000000000000,000000 0005 S0008+B0001
D000040+S0002 000000000000,500000 000000000003,000000 000000000000,000000 000000000000,000000 0005 S0007+B0001
D000040+S0008 000000000000,500000 000000000002,000000 000000000000,000000 000000000000,000000 0005 S0007+B0001
D000040+S0009 000000000000,500000 000000000009,000000 000000000000,000000 000000000000,000000 0005 S0007+B0001
D000040+S0016 000000000001,500000 000000000023,000000 000000000000,000000 000000000000,000000 0005 S0007+B0001
D000040+S0020 000000000000,500000 000000000001,000000 000000000000,000000 000000000000,000000 0005 S0007+B0001
D000041+S0021 000000000005,500000 000000000097,000000 000000000000,000000 000000000000,000000 0005 S0007+B0001
D000042+S0021 000000000002,000000 000000000010,000000 000000000000,000000 000000000000,000000 0005 S0007+B0001
D000045+S0011 000000000003,500000 000000000003,000000 000000000000,000000 000000000000,000000 0005 S0007+B0001
D000046+S0017 000000000001,000000 000000000001,000000 000000000000,000000 000000000000,000000 0005 S0007+B0001
D000048+S0008 000000000000,500000 000000000003,000000 000000000000,000000 000000000000,000000 0005 S0007+B0001
D000048+S0018 000000000000,500000 000000000001,000000 000000000000,000000 000000000000,000000 0005 S0007+B0001
D000048+S0021 000000000002,500000 000000000005,000000 000000000000,000000 000000000000,000000 0005 S0007+B0001
D000049+S0002 000000000000,500000 000000000002,000000 000000000000,000000 000000000000,000000 0005 S0008+B0001
D000049+S0011 000000000000,500000 000000000006,000000 000000000000,000000 000000000000,000000 0005 S0008+B0001
D000049+S0013 000000000000,500000 000000000010,000000 000000000000,000000 000000000000,000000 0005 S0008+B0001
D000049+S0016 000000000002,000000 000000000031,000000 000000000000,000000 000000000000,000000 0005 S0008+B0001
D000049+S0018 000000000001,000000 000000000030,000000 000000000000,000000 000000000000,000000 0005 S0008+B0001
D000049+S0019 000000000000,500000 000000000002,000000 000000000000,000000 000000000000,000000 0005 S0008+B0001
D000050+S0020 000000000002,500000 000000000001,000000 000000000000,000000 000000000000,000000 0005 S0008+B0001
D000051+S0017 000000000003,000000 000000000001,000000 000000000000,000000 000000000000,000000 0005 S0008+B0001
D000051+S0020 000000000020,000000 000000000008,000000 000000000000,000000 000000000000,000000 0005 S0008+B0001
D000046+S0020 000000000004,500000 000000000001,000000 000000000000,000000 000000000000,000000 0005 S0007+B0001
D000047+S0008 000000000002,500000 000000000021,000000 000000000000,000000 000000000000,000000 0005 S0007+B0001
D000047+S0011 000000000002,500000 000000000020,000000 000000000000,000000 000000000000,000000 0005 S0007+B0001
D000048+S0002 000000000001,000000 000000000008,000000 000000000000,000000 000000000000,000000 0005 S0007+B0001
D000052+S0016 000000000002,000000 000000000026,000000 000000000000,000000 000000000000,000000 0005 S0008+B0001
D000052+S0017 000000000001,500000 000000000005,000000 000000000000,000000 000000000000,000000 0005 S0008+B0001
D000052+S0018 000000000001,000000 000000000007,000000 000000000000,000000 000000000000,000000 0005 S0008+B0001
D000052+S0019 000000000000,500000 000000000004,000000 000000000000,000000 000000000000,000000 0005 S0008+B0001
D000052+S0021 000000000001,500000 000000000003,000000 000000000000,000000 000000000000,000000 0005 S0008+B0001
D000053+S0008 000000000001,500000 000000000075,000000 000000000000,000000 000000000000,000000 0005 S0008+B0001
D000053+S0011 000000000000,500000 000000000019,000000 000000000000,000000 000000000000,000000 0005 S0008+B0001
D000053+S0018 000000000001,500000 000000000033,000000 000000000000,000000 000000000000,000000 0005 S0008+B0001
D000054+S0020 000000000002,500000 000000000001,000000 000000000000,000000 000000000000,000000 0005 S0008+B0001
D000055+S0020 000000000006,500000 000000000003,000000 000000000000,000000 000000000000,000000 0005 S0008+B0001
D000056+S0002 000000000001,000000 000000000012,000000 000000000000,000000 000000000000,000000 0005 S0008+B0001
D000056+S0004 000000000000,500000 000000000005,000000 000000000000,000000 000000000000,000000 0005 S0008+B0001
D000056+S0008 000000000001,000000 000000000010,000000 000000000000,000000 000000000000,000000 0005 S0008+B0001
D000056+S0009 000000000001,000000 000000000014,000000 000000000000,000000 000000000000,000000 0005 S0008+B0001
D000056+S0018 000000000001,000000 000000000017,000000 000000000000,000000 000000000000,000000 0005 S0008+B0001
D000056+S0021 000000000000,500000 000000000004,000000 000000000000,000000 000000000000,000000 0005 S0008+B0001
D000057+S0017 000000000001,000000 000000000001,000000 000000000000,000000 000000000000,000000 0005 S0008+B0001
D000057+S0020 000000000010,500000 000000000004,000000 000000000000,000000 000000000000,000000 0005 S0008+B0001
D000058+S0002 000000000001,000000 000000000008,000000 000000000000,000000 000000000000,000000 0005 S0008+B0001
D000058+S0008 000000000000,500000 000000000007,000000 000000000000,000000 000000000000,000000 0005 S0008+B0001
D000058+S0009 000000000001,500000 000000000024,000000 000000000000,000000 000000000000,000000 0005 S0008+B0001
D000058+S0011 000000000000,500000 000000000008,000000 000000000000,000000 000000000000,000000 0005 S0008+B0001
D000058+S0016 000000000002,500000 000000000040,000000 000000000000,000000 000000000000,000000 0005 S0008+B0001
D000059+S0020 000000000003,000000 000000000001,000000 000000000000,000000 000000000000,000000 0005 S0008+B0001
D000059+S0021 000000000008,000000 000000000054,000000 000000000000,000000 000000000000,000000 0005 S0008+B0001
D000060+S0004 000000000003,500000 000000000020,000000 000000000000,000000 000000000000,000000 0005 S0008+B0001
D000060+S0021 000000000005,000000 000000000035,000000 000000000000,000000 000000000000,000000 0005 S0008+B0001
D000061+S0002 000000000001,500000 000000000023,000000 000000000000,000000 000000000000,000000 0005 S0008+B0001
D000061+S0009 000000000002,500000 000000000047,000000 000000000000,000000 000000000000,000000 0005 S0008+B0001
D000061+S0011 000000000001,500000 000000000029,000000 000000000000,000000 000000000000,000000 0005 S0008+B0001
D000061+S0021 000000000000,500000 000000000001,000000 000000000000,000000 000000000000,000000 0005 S0008+B0001
D000065+S0006 000000000007,500000 000000000004,000000 000000000000,600000 000000000004,500000 0008 S0012+B0001
D000065+S0009 000000000004,500000 000000000039,000000 000000000000,200000 000000000000,900000 0008 S0012+B0001
D000066+S0004 000000000002,500000 000000000009,000000 000000000000,300000 000000000000,750000 0008 S0012+B0001
D000066+S0006 000000000012,000000 000000000007,000000 000000000000,600000 000000000007,200000 0008 S0012+B0001
D000066+S0009 000000000003,000000 000000000021,000000 000000000000,200000 000000000000,600000 0008 S0012+B0001
D000066+S0017 000000000002,000000 000000000005,000000 000000000000,650000 000000000001,300000 0008 S0012+B0001
D000067+S0004 000000000002,000000 000000000003,000000 000000000000,300000 000000000000,600000 0008 S0012+B0001
D000067+S0006 000000000003,000000 000000000002,000000 000000000000,600000 000000000001,800000 0008 S0012+B0001
D000067+S0009 000000000008,000000 000000000042,000000 000000000000,200000 000000000001,600000 0008 S0012+B0001
D000068+S0006 000000000014,000000 000000000009,000000 000000000000,600000 000000000008,400000 0008 S0012+B0001
D000068+S0009 000000000015,000000 000000000032,000000 000000000000,200000 000000000003,000000 0008 S0012+B0001
D000069+S0004 000000000001,500000 000000000004,000000 000000000000,300000 000000000000,450000 0008 S0012+B0001
D000069+S0006 000000000008,000000 000000000012,000000 000000000000,600000 000000000004,800000 0008 S0012+B0001
D000069+S0009 000000000007,000000 000000000057,000000 000000000000,200000 000000000001,400000 0008 S0012+B0001
D000070+S0006 000000000005,500000 000000000009,000000 000000000000,600000 000000000003,300000 0008 S0012+B0001
D000070+S0009 000000000005,000000 000000000064,000000 000000000000,200000 000000000001,000000 0008 S0012+B0001
D000070+S0017 000000000001,000000 000000000002,000000 000000000000,650000 000000000000,650000 0008 S0012+B0001
D000071+S0006 000000000013,000000 000000000008,000000 000000000000,600000 000000000007,800000 0008 S0012+B0001
D000071+S0009 000000000009,600000 000000000142,000000 000000000000,200000 000000000001,920000 0008 S0012+B0001
D000072+S0004 000000000003,000000 000000000008,000000 000000000000,300000 000000000000,900000 0008 S0012+B0001
D000072+S0006 000000000003,500000 000000000004,000000 000000000000,600000 000000000002,100000 0008 S0012+B0001
D000073+S0017 000000000004,000000 000000000003,000000 000000000000,650000 000000000002,600000 0008 S0012+B0001
D000074+S0004 000000000001,000000 000000000002,000000 000000000000,300000 000000000000,300000 0008 S0012+B0001
D000074+S0006 000000000001,500000 000000000003,000000 000000000000,600000 000000000000,900000 0008 S0012+B0001
D000074+S0009 000000000008,000000 000000000063,000000 000000000000,200000 000000000001,600000 0008 S0012+B0001
D000075+S0006 000000000013,000000 000000000009,000000 000000000000,600000 000000000007,800000 0008 S0012+B0001
D000075+S0009 000000000005,000000 000000000061,000000 000000000000,200000 000000000001,000000 0008 S0012+B0001
D000076+S0006 000000000011,000000 000000000007,000000 000000000000,600000 000000000006,600000 0008 S0012+B0001
D000076+S0009 000000000007,000000 000000000078,000000 000000000000,200000 000000000001,400000 0008 S0012+B0001
D000076+S0017 000000000002,500000 000000000004,000000 000000000000,650000 000000000001,625000 0008 S0012+B0001
D000077+S0006 000000000012,000000 000000000007,000000 000000000000,600000 000000000007,200000 0008 S0012+B0001
D000077+S0009 000000000006,000000 000000000044,000000 000000000000,200000 000000000001,200000 0008 S0012+B0001
D000077+S0017 000000000002,000000 000000000004,000000 000000000000,650000 000000000001,300000 0008 S0012+B0001
D000078+S0004 000000000002,000000 000000000005,000000 000000000000,200000 000000000000,400000 0008 S0012+B0001
D000078+S0006 000000000002,500000 000000000004,000000 000000000000,600000 000000000001,500000 0008 S0012+B0001
D000078+S0009 000000000009,000000 000000000056,000000 000000000000,200000 000000000001,800000 0008 S0012+B0001
D000089+S0017 000000000001,400000 000000000003,000000 000000000000,350000 000000000000,490000 0008 S0013+B0003
D000090+S0004 000000000001,200000 000000000002,000000 000000000000,500000 000000000000,600000 0008 S0013+B0003
D000132+S0017 000000000000,500000 000000000001,000000 000000000000,500000 000000000000,250000 0007 S0010+B0004
D000133+S0009 000000000000,500000 000000000003,000000 000000000000,550000 000000000000,275000 0007 S0010+B0004
D000133+S0017 000000000000,600000 000000000003,000000 000000000000,350000 000000000000,210000 0007 S0010+B0004
D000090+S0017 000000000002,600000 000000000012,000000 000000000000,350000 000000000000,910000 0008 S0013+B0003
D000091+S0004 000000000002,200000 000000000002,000000 000000000000,500000 000000000001,100000 0008 S0013+B0003
D000091+S0017 000000000000,800000 000000000001,000000 000000000000,350000 000000000000,280000 0008 S0013+B0003
D000092+S0017 000000000001,600000 000000000003,000000 000000000000,350000 000000000000,560000 0008 S0013+B0003
D000093+S0017 000000000002,800000 000000000013,000000 000000000000,350000 000000000000,980000 0008 S0013+B0003
D000094+S0004 000000000001,400000 000000000002,000000 000000000000,500000 000000000000,700000 0008 S0013+B0003
D000094+S0017 000000000001,000000 000000000005,000000 000000000000,350000 000000000000,350000 0008 S0013+B0003
D000095+S0004 000000000001,600000 000000000002,000000 000000000000,500000 000000000000,800000 0008 S0013+B0003
D000095+S0017 000000000003,200000 000000000015,000000 000000000000,350000 000000000001,120000 0008 S0013+B0003
D000096+S0017 000000000002,800000 000000000013,000000 000000000000,350000 000000000000,980000 0008 S0013+B0003
D000072+S0009 000000000007,000000 000000000126,000000 000000000000,200000 000000000001,400000 0008 S0012+B0001
D000072+S0017 000000000001,000000 000000000002,000000 000000000000,650000 000000000000,650000 0008 S0012+B0001
D000073+S0004 000000000001,000000 000000000005,000000 000000000000,300000 000000000000,300000 0008 S0012+B0001
D000073+S0006 000000000003,500000 000000000004,000000 000000000000,600000 000000000002,100000 0008 S0012+B0001
D000073+S0009 000000000005,000000 000000000060,000000 000000000000,200000 000000000001,000000 0008 S0012+B0001
D000079+S0006 000000000004,000000 000000000005,000000 000000000000,600000 000000000002,400000 0008 S0012+B0001
D000079+S0009 000000000004,500000 000000000030,000000 000000000000,200000 000000000000,900000 0008 S0012+B0001
D000080+S0004 000000000011,000000 000000000024,000000 000000000000,300000 000000000003,300000 0008 S0012+B0001
D000080+S0009 000000000005,000000 000000000059,000000 000000000000,200000 000000000001,000000 0008 S0012+B0001
D000080+S0017 000000000002,500000 000000000005,000000 000000000000,650000 000000000001,625000 0008 S0012+B0001
D000081+S0017 000000000002,000000 000000000014,000000 000000000000,350000 000000000000,700000 0008 S0013+B0003
D000082+S0004 000000000001,000000 000000000001,000000 000000000000,500000 000000000000,500000 0008 S0013+B0003
D000082+S0017 000000000001,800000 000000000013,000000 000000000000,350000 000000000000,630000 0008 S0013+B0003
D000083+S0004 000000000000,600000 000000000001,000000 000000000000,500000 000000000000,300000 0008 S0013+B0003
D000083+S0017 000000000001,800000 000000000012,000000 000000000000,350000 000000000000,630000 0008 S0013+B0003
D000084+S0004 000000000001,400000 000000000002,000000 000000000000,500000 000000000000,700000 0008 S0013+B0003
D000084+S0017 000000000001,200000 000000000008,000000 000000000000,350000 000000000000,420000 0008 S0013+B0003
D000085+S0004 000000000001,000000 000000000002,000000 000000000000,500000 000000000000,500000 0008 S0013+B0003
D000085+S0017 000000000001,200000 000000000009,000000 000000000000,350000 000000000000,420000 0008 S0013+B0003
D000086+S0017 000000000001,700000 000000000011,000000 000000000000,350000 000000000000,595000 0008 S0013+B0003
D000087+S0004 000000000000,400000 000000000001,000000 000000000000,500000 000000000000,200000 0008 S0013+B0003
D000087+S0017 000000000003,600000 000000000019,000000 000000000000,350000 000000000001,260000 0008 S0013+B0003
D000088+S0004 000000000000,900000 000000000001,000000 000000000000,500000 000000000000,450000 0008 S0013+B0003
D000088+S0017 000000000003,000000 000000000016,000000 000000000000,350000 000000000001,050000 0008 S0013+B0003
D000097+S0009 000000000003,500000 000000000158,000000 000000000000,200000 000000000000,700000 0006 S0009+B0005
D000098+S0009 000000000004,000000 000000000204,000000 000000000000,200000 000000000000,800000 0006 S0009+B0005
D000099+S0009 000000000002,500000 000000000143,000000 000000000000,200000 000000000000,500000 0006 S0009+B0005
D000100+S0009 000000000005,500000 000000000304,000000 000000000000,200000 000000000001,100000 0006 S0009+B0005
D000102+S0009 000000000002,500000 000000000158,000000 000000000000,000000 000000000000,000000 0006 S0009+B0005
D000103+S0009 000000000003,500000 000000000224,000000 000000000000,200000 000000000000,700000 0006 S0009+B0005
D000104+S0009 000000000002,000000 000000000147,000000 000000000000,200000 000000000000,400000 0006 S0009+B0005
D000105+S0004 000000000000,500000 000000000003,000000 000000000000,400000 000000000000,200000 0006 S0009+B0005
D000105+S0009 000000000002,500000 000000000170,000000 000000000000,200000 000000000000,500000 0006 S0009+B0005
D000106+S0009 000000000002,000000 000000000153,000000 000000000000,200000 000000000000,400000 0006 S0009+B0005
D000107+S0004 000000000001,000000 000000000006,000000 000000000000,400000 000000000000,400000 0006 S0009+B0005
D000107+S0009 000000000003,500000 000000000237,000000 000000000000,200000 000000000000,700000 0006 S0009+B0005
D000101+S0009 000000000003,000000 000000000207,000000 000000000000,200000 000000000000,600000 0006 S0009+B0005
D000108+S0009 000000000002,500000 000000000182,000000 000000000000,200000 000000000000,500000 0006 S0009+B0005
D000109+S0009 000000000001,500000 000000000138,000000 000000000000,200000 000000000000,300000 0006 S0009+B0005
D000110+S0009 000000000002,500000 000000000208,000000 000000000000,200000 000000000000,500000 0006 S0009+B0005
D000111+S0009 000000000002,000000 000000000167,000000 000000000000,200000 000000000000,400000 0006 S0009+B0005
D000112+S0009 000000000001,000000 000000000095,000000 000000000000,200000 000000000000,200000 0006 S0009+B0005
D000113+S0004 000000000000,100000 000000000001,000000 000000000000,000000 000000000000,000000 0007 S0010+B0001
D000113+S0006 000000000000,150000 000000000003,000000 000000000000,000000 000000000000,000000 0007 S0010+B0001
D000113+S0009 000000000000,150000 000000000006,000000 000000000000,000000 000000000000,000000 0007 S0010+B0001
D000113+S0017 000000000000,500000 000000000010,000000 000000000000,000000 000000000000,000000 0007 S0010+B0001
D000113+S0021 000000000000,030000 000000000001,000000 000000000000,000000 000000000000,000000 0007 S0010+B0001
D000114+S0004 000000000000,200000 000000000002,000000 000000000000,000000 000000000000,000000 0007 S0010+B0001
D000114+S0006 000000000000,600000 000000000003,000000 000000000000,000000 000000000000,000000 0007 S0010+B0001
D000114+S0009 000000000004,000000 000000000024,000000 000000000000,000000 000000000000,000000 0007 S0010+B0001
D000115+S0009 000000000003,500000 000000000038,000000 000000000000,550000 000000000001,925000 0007 S0010+B0001
D000116+S0017 000000000002,000000 000000000004,000000 000000000001,000000 000000000002,000000 0007 S0010+B0001
D000116+S0018 000000000000,900000 000000000002,000000 000000000000,550000 000000000000,495000 0007 S0010+B0001
D000117+S0006 000000000002,000000 000000000014,000000 000000000000,550000 000000000001,100000 0007 S0010+B0001
D000117+S0009 000000000001,800000 000000000012,000000 000000000000,550000 000000000000,990000 0007 S0010+B0001
D000118+S0009 000000000004,000000 000000000036,000000 000000000000,550000 000000000002,200000 0007 S0010+B0001
D000118+S0018 000000000008,000000 000000000017,000000 000000000000,550000 000000000004,400000 0007 S0010+B0001
D000119+S0009 000000000004,000000 000000000046,000000 000000000000,000000 000000000000,000000 0007 S0010+B0001
D000119+S0018 000000000001,000000 000000000002,000000 000000000000,000000 000000000000,000000 0007 S0010+B0001
D000122+S0009 000000000001,500000 000000000010,000000 000000000000,550000 000000000000,825000 0007 S0010+B0001
D000122+S0018 000000000000,300000 000000000002,000000 000000000000,550000 000000000000,165000 0007 S0010+B0001
D000134+S0009 000000000001,000000 000000000010,000000 000000000000,000000 000000000000,000000 0007 S0010+B0004
D000134+S0018 000000000000,600000 000000000007,000000 000000000000,000000 000000000000,000000 0007 S0010+B0004
D000135+S0006 000000000000,400000 000000000002,000000 000000000000,550000 000000000000,220000 0007 S0010+B0004
D000135+S0017 000000000003,000000 000000000006,000000 000000000001,000000 000000000003,000000 0007 S0010+B0004
D000136+S0006 000000000000,700000 000000000004,000000 000000000000,550000 000000000000,385000 0007 S0010+B0004
D000136+S0009 000000000000,200000 000000000001,000000 000000000000,550000 000000000000,110000 0007 S0010+B0004
D000136+S0018 000000000000,600000 000000000008,000000 000000000000,550000 000000000000,330000 0007 S0010+B0004
D000137+S0009 000000000000,400000 000000000006,000000 000000000000,300000 000000000000,120000 0007 S0010+B0004
D000138+S0006 000000000003,700000 000000000000,000000 000000000000,000000 000000000000,000000 0007 S0010+B0004
D000139+S0009 000000000001,500000 000000000020,000000 000000000000,550000 000000000000,825000 0007 S0010+B0004
D000140+S0018 000000000002,000000 000000000003,000000 000000000000,000000 000000000000,000000 0007 S0010+B0004
D000141+S0006 000000000001,000000 000000000006,000000 000000000000,550000 000000000000,550000 0007 S0010+B0004
D000141+S0009 000000000002,000000 000000000018,000000 000000000000,350000 000000000000,700000 0007 S0010+B0004
D000142+S0017 000000000004,000000 000000000003,000000 000000000125,000000 000000000500,000000 0007 S0010+B0004
D000143+S0006 000000000003,500000 000000000045,000000 000000000000,400000 000000000001,400000 0007 S0010+B0004
D000143+S0017 000000000000,800000 000000000002,000000 000000000000,400000 000000000000,320000 0007 S0010+B0004
D000144+S0009 000000000001,500000 000000000010,000000 000000000000,550000 000000000000,825000 0007 S0010+B0004
D000120+S0009 000000000002,140000 000000000018,000000 000000000000,000000 000000000000,000000 0007 S0010+B0001
D000121+S0004 000000000000,500000 000000000003,000000 000000000000,550000 000000000000,275000 0007 S0010+B0001
D000121+S0006 000000000001,200000 000000000010,000000 000000000000,550000 000000000000,660000 0007 S0010+B0001
D000121+S0009 000000000002,000000 000000000028,000000 000000000000,550000 000000000001,100000 0007 S0010+B0001
D000123+S0006 000000000001,500000 000000000011,000000 000000000000,550000 000000000000,825000 0007 S0010+B0001
D000123+S0009 000000000002,200000 000000000017,000000 000000000000,550000 000000000001,210000 0007 S0010+B0001
D000123+S0017 000000000000,300000 000000000001,000000 000000000001,000000 000000000000,300000 0007 S0010+B0001
D000124+S0004 000000000002,200000 000000000012,000000 000000000000,550000 000000000001,210000 0007 S0010+B0001
D000124+S0009 000000000001,500000 000000000022,000000 000000000000,550000 000000000000,825000 0007 S0010+B0001
D000125+S0004 000000000000,400000 000000000001,000000 000000000000,300000 000000000000,120000 0007 S0010+B0001
D000125+S0006 000000000000,030000 000000000001,000000 000000000000,300000 000000000000,009000 0007 S0010+B0001
D000125+S0009 000000000003,500000 000000000020,000000 000000000000,550000 000000000001,925000 0007 S0010+B0001
D000125+S0017 000000000000,550000 000000000001,000000 000000000001,000000 000000000000,550000 0007 S0010+B0001
D000125+S0018 000000000000,650000 000000000002,000000 000000000000,550000 000000000000,357500 0007 S0010+B0001
D000126+S0009 000000000000,450000 000000000003,000000 000000000000,300000 000000000000,135000 0007 S0010+B0001
D000127+S0006 000000000000,600000 000000000003,000000 000000000000,550000 000000000000,330000 0007 S0010+B0001
D000127+S0009 000000000001,600000 000000000008,000000 000000000000,550000 000000000000,880000 0007 S0010+B0001
D000128+S0009 000000000002,000000 000000000028,000000 000000000000,550000 000000000001,100000 0007 S0010+B0001
D000128+S0017 000000000000,400000 000000000001,000000 000000000000,550000 000000000000,220000 0007 S0010+B0001
D000129+S0004 000000000000,400000 000000000001,000000 000000000000,000000 000000000000,000000 0007 S0010+B0004
D000129+S0006 000000000000,200000 000000000002,000000 000000000000,000000 000000000000,000000 0007 S0010+B0004
D000129+S0017 000000000000,600000 000000000001,000000 000000000000,000000 000000000000,000000 0007 S0010+B0004
D000130+S0006 000000000000,600000 000000000006,000000 000000000000,000000 000000000000,000000 0007 S0010+B0004
D000131+S0017 000000000003,000000 000000000004,000000 000000000001,000000 000000000003,000000 0007 S0010+B0004
D000132+S0006 000000000001,500000 000000000015,000000 000000000000,500000 000000000000,750000 0007 S0010+B0004
