D000001+S0009 000000000002,500000 000000000028,000000 000000000000,000000 000000000000,000000 0003 S0003+B0002
D000002+S0005 000000000000,080000 000000000002,000000 000000000000,000000 000000000000,000000 0003 S0003+B0002
D000002+S0009 000000000006,000000 000000000079,000000 000000000000,000000 000000000000,000000 0003 S0003+B0002
D000002+S0015 000000000000,100000 000000000003,000000 000000000000,000000 000000000000,000000 0003 S0003+B0002
D000003+S0008 000000000000,200000 000000000001,000000 000000000000,000000 000000000000,000000 0003 S0003+B0002
D000003+S0009 000000000006,000000 000000000031,000000 000000000000,000000 000000000000,000000 0003 S0003+B0002
D000003+S0013 000000000000,010000 000000000001,000000 000000000000,000000 000000000000,000000 0003 S0003+B0002
D000004+S0001 000000000001,000000 000000000003,000000 000000000000,000000 000000000000,000000 0003 S0003+B0005
D000004+S0004 000000000002,000000 000000000003,000000 000000000000,000000 000000000000,000000 0003 S0003+B0005
D000004+S0007 000000000000,800000 000000000002,000000 000000000000,000000 000000000000,000000 0003 S0003+B0005
D000004+S0009 000000000001,500000 000000000038,000000 000000000000,000000 000000000000,000000 0003 S0003+B0005
D000004+S0011 000000000005,000000 000000000137,000000 000000000000,000000 000000000000,000000 0003 S0003+B0005
D000004+S0013 000000000001,000000 000000000049,000000 000000000000,000000 000000000000,000000 0003 S0003+B0005
D000004+S0018 000000000000,400000 000000000004,000000 000000000000,000000 000000000000,000000 0003 S0003+B0005
D000004+S0021 000000000001,100000 000000000002,000000 000000000000,000000 000000000000,000000 0003 S0003+B0005
D000005+S0004 000000000001,500000 000000000002,000000 000000000000,000000 000000000000,000000 0003 S0003+B0005
D000005+S0007 000000000000,500000 000000000004,000000 000000000000,000000 000000000000,000000 0003 S0003+B0005
D000005+S0009 000000000002,500000 000000000040,000000 000000000000,000000 000000000000,000000 0003 S0003+B0005
D000005+S0011 000000000001,700000 000000000036,000000 000000000000,000000 000000000000,000000 0003 S0003+B0005
D000005+S0014 000000000000,800000 000000000001,000000 000000000000,000000 000000000000,000000 0003 S0003+B0005
D000005+S0018 000000000000,900000 000000000003,000000 000000000000,000000 000000000000,000000 0003 S0003+B0005
D000005+S0019 000000000000,600000 000000000002,000000 000000000000,000000 000000000000,000000 0003 S0003+B0005
D000005+S0021 000000000001,500000 000000000003,000000 000000000000,000000 000000000000,000000 0003 S0003+B0005
D000006+S0007 000000000000,300000 000000000001,000000 000000000000,000000 000000000000,000000 0003 S0003+B0005
D000006+S0009 000000000002,500000 000000000017,000000 000000000000,000000 000000000000,000000 0003 S0003+B0005
D000006+S0011 000000000003,500000 000000000055,000000 000000000000,000000 000000000000,000000 0003 S0003+B0005
D000006+S0015 000000000000,300000 000000000011,000000 000000000000,000000 000000000000,000000 0003 S0003+B0005
D000006+S0018 000000000000,800000 000000000006,000000 000000000000,000000 000000000000,000000 0003 S0003+B0005
D000007+S0004 000000000002,500000 000000000004,000000 000000000000,000000 000000000000,000000 0003 S0003+B0005
D000007+S0007 000000000004,000000 000000000006,000000 000000000000,000000 000000000000,000000 0003 S0003+B0005
D000007+S0008 000000000000,800000 000000000004,000000 000000000000,000000 000000000000,000000 0003 S0003+B0005
D000007+S0009 000000000001,500000 000000000015,000000 000000000000,000000 000000000000,000000 0003 S0003+B0005
D000007+S0011 000000000006,700000 000000000088,000000 000000000000,000000 000000000000,000000 0003 S0003+B0005
D000007+S0013 000000000000,200000 000000000006,000000 000000000000,000000 000000000000,000000 0003 S0003+B0005
D000007+S0015 000000000000,100000 000000000003,000000 000000000000,000000 000000000000,000000 0003 S0003+B0005
D000008+S0001 000000000000,500000 000000000001,000000 000000000000,000000 000000000000,000000 0003 S0003+B0005
D000008+S0007 000000000000,500000 000000000002,000000 000000000000,000000 000000000000,000000 0003 S0003+B0005
D000008+S0009 000000000001,600000 000000000008,000000 000000000000,000000 000000000000,000000 0003 S0003+B0005
D000008+S0011 000000000004,000000 000000000078,000000 000000000000,000000 000000000000,000000 0003 S0003+B0005
D000008+S0015 000000000001,000000 000000000010,000000 000000000000,000000 000000000000,000000 0003 S0003+B0005
D000008+S0021 000000000000,300000 000000000001,000000 000000000000,000000 000000000000,000000 0003 S0003+B0005
D000009+S0004 000000000000,300000 000000000001,000000 000000000000,000000 000000000000,000000 0003 S0003+B0005
D000009+S0008 000000000000,450000 000000000003,000000 000000000000,000000 000000000000,000000 0003 S0003+B0005
D000009+S0009 000000000003,000000 000000000031,000000 000000000000,000000 000000000000,000000 0003 S0003+B0005
D000009+S0011 000000000001,200000 000000000020,000000 000000000000,000000 000000000000,000000 0003 S0003+B0005
D000009+S0015 000000000000,600000 000000000001,000000 000000000000,000000 000000000000,000000 0003 S0003+B0005
D000009+S0018 000000000001,000000 000000000010,000000 000000000000,000000 000000000000,000000 0003 S0003+B0005
D000010+S0007 000000000001,000000 000000000003,000000 000000000000,000000 000000000000,000000 0003 S0003+B0005
D000010+S0009 000000000000,500000 000000000021,000000 000000000000,000000 000000000000,000000 0003 S0003+B0005
D000010+S0011 000000000001,000000 000000000019,000000 000000000000,000000 000000000000,000000 0003 S0003+B0005
D000010+S0015 000000000000,600000 000000000006,000000 000000000000,000000 000000000000,000000 0003 S0003+B0005
D000010+S0018 000000000000,025000 000000000001,000000 000000000000,000000 000000000000,000000 0003 S0003+B0005
D000010+S0019 000000000000,025000 000000000001,000000 000000000000,000000 000000000000,000000 0003 S0003+B0005
D000011+S0004 000000000000,500000 000000000002,000000 000000000000,000000 000000000000,000000 0003 S0003+B0005
D000011+S0007 000000000000,500000 000000000001,000000 000000000000,000000 000000000000,000000 0003 S0003+B0005
D000011+S0008 000000000001,000000 000000000003,000000 000000000000,000000 000000000000,000000 0003 S0003+B0005
D000011+S0009 000000000003,500000 000000000056,000000 000000000000,000000 000000000000,000000 0003 S0003+B0005
D000011+S0011 000000000004,000000 000000000120,000000 000000000000,000000 000000000000,000000 0003 S0003+B0005
D000011+S0015 000000000000,100000 000000000015,000000 000000000000,000000 000000000000,000000 0003 S0003+B0005
D000011+S0018 000000000000,025000 000000000002,000000 000000000000,000000 000000000000,000000 0003 S0003+B0005
D000011+S0019 000000000000,020000 000000000001,000000 000000000000,000000 000000000000,000000 0003 S0003+B0005
D000011+S0021 000000000000,420000 000000000003,000000 000000000000,000000 000000000000,000000 0003 S0003+B0005
D000012+S0004 000000000000,820000 000000000003,000000 000000000000,350000 000000000000,287000 0003 S0003+B0001
D000012+S0007 000000000001,500000 000000000004,000000 000000000000,000000 000000000000,000000 0003 S0003+B0001
D000012+S0008 000000000000,900000 000000000002,000000 000000000000,000000 000000000000,000000 0003 S0003+B0001
D000012+S0009 000000000001,000000 000000000014,000000 000000000000,000000 000000000000,000000 0003 S0003+B0001
D000012+S0011 000000000001,710000 000000000036,000000 000000000000,000000 000000000000,000000 0003 S0003+B0001
D000012+S0013 000000000000,010000 000000000001,000000 000000000000,000000 000000000000,000000 0003 S0003+B0001
D000012+S0015 000000000000,400000 000000000003,000000 000000000000,000000 000000000000,000000 0003 S0003+B0001
D000012+S0018 000000000000,050000 000000000002,000000 000000000000,000000 000000000000,000000 0003 S0003+B0001
D000012+S0021 000000000000,035000 000000000001,000000 000000000000,000000 000000000000,000000 0003 S0003+B0001
D000013+S0006 000000000001,500000 000000000002,000000 000000000000,000000 000000000000,000000 0003 S0003+B0001
D000013+S0007 000000000003,700000 000000000002,000000 000000000000,000000 000000000000,000000 0003 S0003+B0001
D000013+S0009 000000000001,500000 000000000007,000000 000000000000,000000 000000000000,000000 0003 S0003+B0001
D000013+S0011 000000000004,000000 000000000007,000000 000000000000,000000 000000000000,000000 0003 S0003+B0001
D000013+S0018 000000000003,500000 000000000010,000000 000000000000,000000 000000000000,000000 0003 S0003+B0001
D000013+S0019 000000000007,000000 000000000002,000000 000000000000,000000 000000000000,000000 0003 S0003+B0001
D000014+S0006 000000000000,250000 000000000001,000000 000000000000,000000 000000000000,000000 0003 S0003+B0001
D000014+S0007 000000000000,300000 000000000001,000000 000000000000,000000 000000000000,000000 0003 S0003+B0001
D000014+S0009 000000000002,000000 000000000011,000000 000000000000,000000 000000000000,000000 0003 S0003+B0001
D000014+S0011 000000000002,000000 000000000020,000000 000000000000,000000 000000000000,000000 0003 S0003+B0001
D000014+S0018 000000000002,000000 000000000007,000000 000000000000,000000 000000000000,000000 0003 S0003+B0001
D000014+S0019 000000000000,400000 000000000001,000000 000000000000,000000 000000000000,000000 0003 S0003+B0001
D000015+S0005 000000000001,500000 000000000002,000000 000000000000,000000 000000000000,000000 0003 S0003+B0001
D000015+S0007 000000000002,500000 000000000003,000000 000000000000,000000 000000000000,000000 0003 S0003+B0001
D000015+S0009 000000000001,000000 000000000006,000000 000000000000,000000 000000000000,000000 0003 S0003+B0001
D000015+S0011 000000000002,800000 000000000002,000000 000000000000,000000 000000000000,000000 0003 S0003+B0001
D000015+S0014 000000000001,500000 000000000001,000000 000000000000,000000 000000000000,000000 0003 S0003+B0001
D000015+S0018 000000000001,800000 000000000004,000000 000000000000,000000 000000000000,000000 0003 S0003+B0001
D000015+S0019 000000000002,500000 000000000006,000000 000000000000,000000 000000000000,000000 0003 S0003+B0001
D000016+S0001 000000000001,500000 000000000002,000000 000000000000,000000 000000000000,000000 0003 S0003+B0001
D000016+S0004 000000000004,500000 000000000003,000000 000000000000,000000 000000000000,000000 0003 S0003+B0001
D000016+S0007 000000000008,000000 000000000007,000000 000000000000,000000 000000000000,000000 0003 S0003+B0001
D000016+S0009 000000000001,500000 000000000004,000000 000000000000,000000 000000000000,000000 0003 S0003+B0001
D000016+S0011 000000000003,500000 000000000002,000000 000000000000,000000 000000000000,000000 0003 S0003+B0001
D000016+S0015 000000000001,000000 000000000002,000000 000000000000,000000 000000000000,000000 0003 S0003+B0001
D000016+S0018 000000000001,200000 000000000004,000000 000000000000,000000 000000000000,000000 0003 S0003+B0001
D000016+S0019 000000000003,500000 000000000004,000000 000000000000,000000 000000000000,000000 0003 S0003+B0001
D000016+S0020 000000000002,000000 000000000002,000000 000000000000,000000 000000000000,000000 0003 S0003+B0001
D000017+S0001 000000000001,200000 000000000004,000000 000000000000,000000 000000000000,000000 0003 S0003+B0001
D000017+S0005 000000000002,700000 000000000003,000000 000000000000,000000 000000000000,000000 0003 S0003+B0001
D000017+S0007 000000000001,700000 000000000003,000000 000000000000,000000 000000000000,000000 0003 S0003+B0001
D000017+S0009 000000000006,800000 000000000025,000000 000000000000,000000 000000000000,000000 0003 S0003+B0001
D000017+S0011 000000000004,500000 000000000006,000000 000000000000,000000 000000000000,000000 0003 S0003+B0001
D000017+S0015 000000000000,800000 000000000002,000000 000000000000,000000 000000000000,000000 0003 S0003+B0001
D000017+S0018 000000000000,800000 000000000004,000000 000000000000,000000 000000000000,000000 0003 S0003+B0001
D000017+S0019 000000000001,200000 000000000002,000000 000000000000,000000 000000000000,000000 0003 S0003+B0001
D000018+S0006 000000000001,500000 000000000008,000000 000000000000,000000 000000000000,000000 0003 S0003+B0001
D000018+S0007 000000000002,000000 000000000004,000000 000000000000,000000 000000000000,000000 0003 S0003+B0001
D000018+S0009 000000000002,000000 000000000009,000000 000000000000,000000 000000000000,000000 0003 S0003+B0001
D000018+S0011 000000000002,300000 000000000004,000000 000000000000,000000 000000000000,000000 0003 S0003+B0001
D000018+S0013 000000000000,500000 000000000052,000000 000000000000,000000 000000000000,000000 0003 S0003+B0001
D000018+S0015 000000000000,300000 000000000005,000000 000000000000,000000 000000000000,000000 0003 S0003+B0001
D000018+S0018 000000000003,000000 000000000011,000000 000000000000,000000 000000000000,000000 0003 S0003+B0001
D000019+S0002 000000000000,300000 000000000001,000000 000000000000,000000 000000000000,000000 0004 S0004+B0001
D000019+S0004 000000000000,900000 000000000002,000000 000000000000,000000 000000000000,000000 0004 S0004+B0001
D000019+S0009 000000000000,700000 000000000005,000000 000000000000,000000 000000000000,000000 0004 S0004+B0001
D000019+S0011 000000000000,300000 000000000001,000000 000000000000,000000 000000000000,000000 0004 S0004+B0001
D000020+S0004 000000000001,800000 000000000007,000000 000000000000,000000 000000000000,000000 0004 S0004+B0001
D000020+S0009 000000000000,700000 000000000004,000000 000000000000,000000 000000000000,000000 0004 S0004+B0001
D000020+S0011 000000000000,800000 000000000002,000000 000000000000,000000 000000000000,000000 0004 S0004+B0001
D000021+S0002 000000000000,300000 000000000001,000000 000000000000,000000 000000000000,000000 0004 S0004+B0001
D000021+S0004 000000000000,400000 000000000002,000000 000000000000,000000 000000000000,000000 0004 S0004+B0001
D000021+S0008 000000000000,800000 000000000003,000000 000000000000,000000 000000000000,000000 0004 S0004+B0001
D000021+S0009 000000000000,700000 000000000004,000000 000000000000,000000 000000000000,000000 0004 S0004+B0001
D000021+S0011 000000000001,200000 000000000011,000000 000000000000,000000 000000000000,000000 0004 S0004+B0001
D000021+S0018 000000000000,500000 000000000002,000000 000000000000,000000 000000000000,000000 0004 S0004+B0001
D000022+S0003 000000000000,900000 000000000003,000000 000000000000,000000 000000000000,000000 0004 S0004+B0001
D000022+S0009 000000000000,900000 000000000004,000000 000000000000,000000 000000000000,000000 0004 S0004+B0001
D000022+S0011 000000000001,400000 000000000008,000000 000000000000,000000 000000000000,000000 0004 S0004+B0001
D000022+S0017 000000000001,800000 000000000002,000000 000000000000,000000 000000000000,000000 0004 S0004+B0001
D000022+S0018 000000000001,100000 000000000007,000000 000000000000,000000 000000000000,000000 0004 S0004+B0001
D000023+S0002 000000000000,400000 000000000002,000000 000000000000,000000 000000000000,000000 0004 S0004+B0001
D000023+S0006 000000000000,300000 000000000001,000000 000000000000,000000 000000000000,000000 0004 S0004+B0001
D000023+S0007 000000000000,700000 000000000002,000000 000000000000,000000 000000000000,000000 0004 S0004+B0001
D000023+S0016 000000000000,700000 000000000003,000000 000000000000,000000 000000000000,000000 0004 S0004+B0001
D000023+S0017 000000000001,200000 000000000002,000000 000000000000,000000 000000000000,000000 0004 S0004+B0001
D000023+S0018 000000000000,900000 000000000005,000000 000000000000,000000 000000000000,000000 0004 S0004+B0001
D000024+S0002 000000000000,700000 000000000003,000000 000000000000,000000 000000000000,000000 0004 S0004+B0001
D000024+S0003 000000000000,900000 000000000002,000000 000000000000,000000 000000000000,000000 0004 S0004+B0001
D000024+S0009 000000000001,600000 000000000005,000000 000000000000,000000 000000000000,000000 0004 S0004+B0001
D000024+S0011 000000000001,100000 000000000004,000000 000000000000,000000 000000000000,000000 0004 S0004+B0001
D000025+S0003 000000000000,900000 000000000004,000000 000000000000,000000 000000000000,000000 0004 S0004+B0001
D000025+S0005 000000000001,500000 000000000006,000000 000000000000,000000 000000000000,000000 0004 S0004+B0001
D000025+S0009 000000000001,500000 000000000014,000000 000000000000,000000 000000000000,000000 0004 S0004+B0001
D000025+S0011 000000000001,300000 000000000009,000000 000000000000,000000 000000000000,000000 0004 S0004+B0001
D000025+S0017 000000000000,500000 000000000003,000000 000000000000,000000 000000000000,000000 0004 S0004+B0001
D000025+S0018 000000000001,100000 000000000004,000000 000000000000,000000 000000000000,000000 0004 S0004+B0001
D000026+S0004 000000000001,500000 000000000007,000000 000000000000,000000 000000000000,000000 0004 S0004+B0001
D000026+S0006 000000000000,600000 000000000003,000000 000000000000,000000 000000000000,000000 0004 S0004+B0001
D000026+S0009 000000000001,200000 000000000008,000000 000000000000,000000 000000000000,000000 0004 S0004+B0001
D000026+S0011 000000000001,700000 000000000013,000000 000000000000,000000 000000000000,000000 0004 S0004+B0001
D000026+S0016 000000000000,900000 000000000008,000000 000000000000,000000 000000000000,000000 0004 S0004+B0001
D000026+S0017 000000000000,400000 000000000002,000000 000000000000,000000 000000000000,000000 0004 S0004+B0001
D000026+S0018 000000000001,000000 000000000005,000000 000000000000,000000 000000000000,000000 0004 S0004+B0001
D000027+S0002 000000000000,800000 000000000002,000000 000000000000,000000 000000000000,000000 0004 S0004+B0001
D000027+S0004 000000000001,000000 000000000003,000000 000000000000,000000 000000000000,000000 0004 S0004+B0001
D000027+S0007 000000000001,200000 000000000004,000000 000000000000,000000 000000000000,000000 0004 S0004+B0001
D000038+S0011 000000000005,000000 000000000001,000000 000000000000,500000 000000000002,500000 0004 S0005+B0001
D000039+S0004 000000000040,000000 000000000085,000000 000000000000,200000 000000000008,000000 0004 S0005+B0001
D000040+S0014 000000000007,000000 000000000051,000000 000000000000,250000 000000000001,750000 0004 S0005+B0001
D000041+S0011 000000000044,000000 000000000100,000000 000000000000,200000 000000000008,800000 0004 S0005+B0005
D000042+S0004 000000000014,000000 000000000074,000000 000000000000,500000 000000000007,000000 0004 S0005+B0005
D000043+S0004 000000000013,000000 000000000246,000000 000000000000,500000 000000000006,500000 0004 S0005+B0005
D000043+S0011 000000000030,000000 000000000150,000000 000000000000,200000 000000000006,000000 0004 S0005+B0005
D000044+S0004 000000000020,000000 000000000309,000000 000000000000,500000 000000000010,000000 0004 S0005+B0005
D000045+S0004 000000000030,000000 000000000615,000000 000000000000,500000 000000000015,000000 0004 S0005+B0005
D000045+S0021 000000000001,500000 000000000009,000000 000000000500,000000 000000000750,000000 0004 S0005+B0005
D000046+S0004 000000000010,000000 000000000047,000000 000000000000,500000 000000000005,000000 0004 S0005+B0005
D000047+S0004 000000000010,000000 000000000123,000000 000000000000,500000 000000000005,000000 0004 S0005+B0005
D000048+S0004 000000000050,000000 000000000711,000000 000000000000,500000 000000000025,000000 0004 S0005+B0005
D000049+S0011 000000000027,000000 000000000001,000000 000000000000,500000 000000000013,500000 0004 S0005+B0003
D000050+S0003 000000000004,000000 000000000001,000000 000000000000,300000 000000000001,200000 0004 S0005+B0003
D000051+S0011 000000000002,000000 000000000001,000000 000000000000,500000 000000000001,000000 0004 S0005+B0003
D000027+S0009 000000000000,800000 000000000003,000000 000000000000,000000 000000000000,000000 0004 S0004+B0001
D000027+S0017 000000000001,900000 000000000002,000000 000000000000,000000 000000000000,000000 0004 S0004+B0001
D000028+S0002 000000000001,800000 000000000004,000000 000000000000,000000 000000000000,000000 0004 S0004+B0001
D000028+S0004 000000000001,100000 000000000003,000000 000000000000,000000 000000000000,000000 0004 S0004+B0001
D000028+S0007 000000000000,700000 000000000002,000000 000000000000,000000 000000000000,000000 0004 S0004+B0001
D000028+S0009 000000000000,800000 000000000006,000000 000000000000,000000 000000000000,000000 0004 S0004+B0001
D000029+S0004 000000000003,500000 000000000009,000000 000000000000,000000 000000000000,000000 0004 S0004+B0001
D000029+S0011 000000000000,400000 000000000001,000000 000000000000,000000 000000000000,000000 0004 S0004+B0001
D000030+S0006 000000000000,900000 000000000002,000000 000000000000,000000 000000000000,000000 0004 S0004+B0001
D000030+S0007 000000000000,700000 000000000003,000000 000000000000,000000 000000000000,000000 0004 S0004+B0001
D000030+S0008 000000000001,400000 000000000005,000000 000000000000,000000 000000000000,000000 0004 S0004+B0001
D000030+S0009 000000000000,800000 000000000002,000000 000000000000,000000 000000000000,000000 0004 S0004+B0001
D000030+S0020 000000000000,500000 000000000001,000000 000000000000,000000 000000000000,000000 0004 S0004+B0001
D000031+S0004 000000000000,900000 000000000003,000000 000000000000,000000 000000000000,000000 0004 S0004+B0001
D000031+S0005 000000000000,700000 000000000002,000000 000000000000,000000 000000000000,000000 0004 S0004+B0001
D000031+S0009 000000000000,800000 000000000004,000000 000000000000,000000 000000000000,000000 0004 S0004+B0001
D000031+S0011 000000000001,400000 000000000013,000000 000000000000,000000 000000000000,000000 0004 S0004+B0001
D000031+S0016 000000000000,700000 000000000007,000000 000000000000,000000 000000000000,000000 0004 S0004+B0001
D000031+S0017 000000000001,200000 000000000002,000000 000000000000,000000 000000000000,000000 0004 S0004+B0001
D000032+S0002 000000000000,700000 000000000002,000000 000000000000,000000 000000000000,000000 0004 S0004+B0001
D000032+S0005 000000000001,100000 000000000004,000000 000000000000,000000 000000000000,000000 0004 S0004+B0001
D000032+S0007 000000000000,600000 000000000002,000000 000000000000,000000 000000000000,000000 0004 S0004+B0001
D000032+S0009 000000000000,900000 000000000005,000000 000000000000,000000 000000000000,000000 0004 S0004+B0001
D000032+S0011 000000000000,900000 000000000004,000000 000000000000,000000 000000000000,000000 0004 S0004+B0001
D000032+S0017 000000000001,200000 000000000001,000000 000000000000,000000 000000000000,000000 0004 S0004+B0001
D000033+S0004 000000000010,000000 000000000066,000000 000000000000,250000 000000000002,500000 0004 S0005+B0001
D000034+S0013 000000000030,000000 000000000000,000000 000000000000,200000 000000000006,000000 0004 S0005+B0001
D000035+S0004 000000000015,000000 000000000058,000000 000000000000,200000 000000000003,000000 0004 S0005+B0001
D000036+S0009 000000000012,000000 000000000088,000000 000000000000,250000 000000000003,000000 0004 S0005+B0001
D000037+S0007 000000000025,000000 000000000057,000000 000000000000,250000 000000000006,250000 0004 S0005+B0001
D000052+S0005 000000000001,000000 000000000001,000000 000000000000,000000 000000000000,000000 0005 S0007+B0001
D000052+S0007 000000000001,000000 000000000001,000000 000000000000,000000 000000000000,000000 0005 S0007+B0001
D000052+S0011 000000000000,500000 000000000001,000000 000000000000,000000 000000000000,000000 0005 S0007+B0001
D000052+S0018 000000000001,500000 000000000003,000000 000000000000,000000 000000000000,000000 0005 S0007+B0001
D000053+S0015 000000000002,000000 000000000006,000000 000000000000,000000 000000000000,000000 0005 S0007+B0001
D000053+S0018 000000000001,000000 000000000003,000000 000000000000,000000 000000000000,000000 0005 S0007+B0001
D000054+S0011 000000000000,500000 000000000001,000000 000000000000,000000 000000000000,000000 0005 S0007+B0001
D000054+S0018 000000000001,000000 000000000002,000000 000000000000,000000 000000000000,000000 0005 S0007+B0001
D000055+S0018 000000000001,500000 000000000003,000000 000000000000,000000 000000000000,000000 0005 S0007+B0001
D000056+S0011 000000000003,000000 000000000006,000000 000000000000,000000 000000000000,000000 0005 S0007+B0001
D000057+S0002 000000000001,500000 000000000002,000000 000000000000,000000 000000000000,000000 0005 S0007+B0001
D000057+S0018 000000000001,000000 000000000004,000000 000000000000,000000 000000000000,000000 0005 S0007+B0001
D000058+S0002 000000000001,500000 000000000001,000000 000000000000,000000 000000000000,000000 0005 S0007+B0001
D000058+S0018 000000000000,500000 000000000003,000000 000000000000,000000 000000000000,000000 0005 S0007+B0001
D000058+S0021 000000000001,000000 000000000003,000000 000000000000,000000 000000000000,000000 0005 S0007+B0001
D000059+S0002 000000000001,000000 000000000001,000000 000000000000,000000 000000000000,000000 0005 S0007+B0001
D000059+S0011 000000000001,000000 000000000003,000000 000000000000,000000 000000000000,000000 0005 S0007+B0001
D000059+S0018 000000000000,500000 000000000001,000000 000000000000,000000 000000000000,000000 0005 S0007+B0001
D000060+S0002 000000000001,500000 000000000003,000000 000000000000,000000 000000000000,000000 0005 S0007+B0001
D000062+S0002 000000000002,000000 000000000007,000000 000000000000,000000 000000000000,000000 0005 S0007+B0001
D000062+S0018 000000000003,000000 000000000009,000000 000000000000,000000 000000000000,000000 0005 S0007+B0001
D000063+S0005 000000000002,000000 000000000003,000000 000000000000,000000 000000000000,000000 0005 S0007+B0001
D000063+S0018 000000000002,500000 000000000007,000000 000000000000,000000 000000000000,000000 0005 S0007+B0001
D000064+S0002 000000000003,500000 000000000004,000000 000000000000,000000 000000000000,000000 0005 S0007+B0001
D000064+S0011 000000000001,500000 000000000005,000000 000000000000,000000 000000000000,000000 0005 S0007+B0001
D000064+S0018 000000000001,500000 000000000004,000000 000000000000,000000 000000000000,000000 0005 S0007+B0001
D000065+S0016 000000000004,500000 000000000003,000000 000000000000,000000 000000000000,000000 0005 S0007+B0001
D000065+S0018 000000000003,000000 000000000010,000000 000000000000,000000 000000000000,000000 0005 S0007+B0001
D000151+S0009 000000000003,500000 000000000312,000000 000000000000,200000 000000000000,700000 0006 S0009+B0005
D000152+S0009 000000000002,000000 000000000128,000000 000000000000,200000 000000000000,400000 0006 S0009+B0005
D000152+S0021 000000000000,500000 000000000003,000000 000000000000,000000 000000000000,000000 0006 S0009+B0005
D000153+S0009 000000000001,500000 000000000133,000000 000000000000,200000 000000000000,300000 0006 S0009+B0005
D000154+S0009 000000000002,500000 000000000278,000000 000000000000,200000 000000000000,500000 0006 S0009+B0005
D000155+S0009 000000000003,000000 000000000327,000000 000000000000,200000 000000000000,600000 0006 S0009+B0005
D000156+S0009 000000000002,500000 000000000108,000000 000000000000,200000 000000000000,500000 0006 S0009+B0005
D000157+S0009 000000000003,000000 000000000127,000000 000000000000,200000 000000000000,600000 0006 S0009+B0005
D000158+S0009 000000000003,500000 000000000196,000000 000000000000,200000 000000000000,700000 0006 S0009+B0005
D000159+S0009 000000000004,500000 000000000208,000000 000000000000,200000 000000000000,900000 0006 S0009+B0005
D000160+S0009 000000000002,000000 000000000071,000000 000000000000,200000 000000000000,400000 0006 S0009+B0005
D000161+S0009 000000000001,500000 000000000077,000000 000000000000,200000 000000000000,300000 0006 S0009+B0005
D000121+S0021 000000000000,380000 000000000023,000000 000000000000,300000 000000000000,114000 0007 S0010+B0002
D000122+S0004 000000000000,500000 000000000015,000000 000000000000,300000 000000000000,150000 0007 S0010+B0002
D000122+S0008 000000000000,080000 000000000016,000000 000000000000,300000 000000000000,024000 0007 S0010+B0002
D000122+S0009 000000000003,000000 000000000340,000000 000000000000,300000 000000000000,900000 0007 S0010+B0002
D000123+S0009 000000000001,500000 000000000200,000000 000000000000,300000 000000000000,450000 0007 S0010+B0002
D000123+S0019 000000000000,050000 000000000012,000000 000000000000,300000 000000000000,015000 0007 S0010+B0002
D000123+S0020 000000000002,000000 000000000400,000000 000000000000,300000 000000000000,600000 0007 S0010+B0002
D000123+S0021 000000000000,350000 000000000032,000000 000000000000,300000 000000000000,105000 0007 S0010+B0002
D000124+S0008 000000000000,080000 000000000006,000000 000000000000,300000 000000000000,024000 0007 S0010+B0002
D000124+S0009 000000000001,500000 000000000142,000000 000000000000,300000 000000000000,450000 0007 S0010+B0002
D000124+S0011 000000000000,030000 000000000001,000000 000000000000,300000 000000000000,009000 0007 S0010+B0002
D000124+S0020 000000000000,200000 000000000000,000000 000000000000,300000 000000000000,060000 0007 S0010+B0002
D000124+S0021 000000000001,200000 000000000000,000000 000000000000,300000 000000000000,360000 0007 S0010+B0002
D000125+S0009 000000000003,500000 000000000500,000000 000000000000,300000 000000000001,050000 0007 S0010+B0002
D000126+S0009 000000000002,000000 000000000300,000000 000000000000,300000 000000000000,600000 0007 S0010+B0002
D000127+S0008 000000000000,020000 000000000006,000000 000000000000,300000 000000000000,006000 0007 S0010+B0002
D000127+S0009 000000000001,700000 000000000260,000000 000000000000,300000 000000000000,510000 0007 S0010+B0002
D000127+S0021 000000000000,250000 000000000022,000000 000000000000,300000 000000000000,075000 0007 S0010+B0002
D000128+S0004 000000000000,500000 000000000012,000000 000000000000,400000 000000000000,200000 0007 S0010+B0002
D000128+S0006 000000000000,400000 000000000008,000000 000000000000,400000 000000000000,160000 0007 S0010+B0002
D000128+S0008 000000000000,025000 000000000003,000000 000000000000,300000 000000000000,007500 0007 S0010+B0002
D000128+S0021 000000000000,600000 000000000040,000000 000000000000,300000 000000000000,180000 0007 S0010+B0002
D000129+S0004 000000000000,750000 000000000020,000000 000000000000,400000 000000000000,300000 0007 S0010+B0002
D000129+S0006 000000000001,000000 000000000015,000000 000000000000,400000 000000000000,400000 0007 S0010+B0002
D000129+S0008 000000000000,060000 000000000009,000000 000000000000,300000 000000000000,018000 0007 S0010+B0002
D000129+S0009 000000000002,600000 000000000300,000000 000000000000,300000 000000000000,780000 0007 S0010+B0002
D000129+S0019 000000000000,100000 000000000007,000000 000000000000,300000 000000000000,030000 0007 S0010+B0002
D000129+S0020 000000000000,700000 000000000075,000000 000000000000,300000 000000000000,210000 0007 S0010+B0002
D000129+S0021 000000000000,540000 000000000014,000000 000000000000,300000 000000000000,162000 0007 S0010+B0002
D000131+S0021 000000000000,910000 000000000175,000000 000000000000,300000 000000000000,273000 0007 S0010+B0002
D000132+S0009 000000000002,000000 000000000225,000000 000000000000,300000 000000000000,600000 0007 S0010+B0002
D000133+S0009 000000000003,200000 000000000295,000000 000000000000,300000 000000000000,960000 0007 S0010+B0002
D000134+S0004 000000000000,100000 000000000002,000000 000000000000,400000 000000000000,040000 0007 S0010+B0001
D000104+S0004 000000000006,000000 000000000009,000000 000000000000,500000 000000000003,000000 0008 S0013+B0003
D000105+S0004 000000000006,000000 000000000050,000000 000000000000,500000 000000000003,000000 0008 S0013+B0003
D000106+S0004 000000000005,000000 000000000008,000000 000000000000,500000 000000000002,500000 0008 S0013+B0003
D000107+S0004 000000000004,000000 000000000005,000000 000000000000,500000 000000000002,000000 0008 S0013+B0003
D000066+S0002 000000000000,500000 000000000001,000000 000000000000,000000 000000000000,000000 0005 S0007+B0001
D000066+S0016 000000000000,500000 000000000001,000000 000000000000,000000 000000000000,000000 0005 S0007+B0001
D000066+S0018 000000000001,000000 000000000002,000000 000000000000,000000 000000000000,000000 0005 S0007+B0001
D000068+S0018 000000000001,500000 000000000073,000000 000000000000,000000 000000000000,000000 0005 S0008+B0001
D000069+S0004 000000000001,000000 000000000003,000000 000000000000,000000 000000000000,000000 0005 S0008+B0001
D000069+S0011 000000000001,000000 000000000002,000000 000000000000,000000 000000000000,000000 0005 S0008+B0001
D000069+S0017 000000000001,000000 000000000008,000000 000000000000,000000 000000000000,000000 0005 S0008+B0001
D000078+S0021 000000000001,000000 000000000003,000000 000000000000,000000 000000000000,000000 0005 S0008+B0001
D000079+S0008 000000000002,500000 000000000015,000000 000000000000,000000 000000000000,000000 0005 S0008+B0001
D000080+S0008 000000000003,500000 000000000002,000000 000000000000,000000 000000000000,000000 0005 S0008+B0001
D000082+S0013 000000000002,000000 000000000044,000000 000000000000,000000 000000000000,000000 0005 S0008+B0001
D000083+S0004 000000000002,000000 000000000029,000000 000000000000,000000 000000000000,000000 0005 S0008+B0001
D000083+S0008 000000000001,500000 000000000032,000000 000000000000,000000 000000000000,000000 0005 S0008+B0001
D000083+S0011 000000000001,500000 000000000025,000000 000000000000,000000 000000000000,000000 0005 S0008+B0001
D000060+S0007 000000000002,000000 000000000004,000000 000000000000,000000 000000000000,000000 0005 S0007+B0001
D000060+S0018 000000000001,500000 000000000004,000000 000000000000,000000 000000000000,000000 0005 S0007+B0001
D000061+S0006 000000000002,000000 000000000016,000000 000000000000,000000 000000000000,000000 0005 S0007+B0001
D000067+S0011 000000000001,500000 000000000004,000000 000000000000,000000 000000000000,000000 0005 S0007+B0001
D000067+S0018 000000000002,500000 000000000005,000000 000000000000,000000 000000000000,000000 0005 S0007+B0001
D000069+S0021 000000000002,500000 000000000025,000000 000000000000,000000 000000000000,000000 0005 S0008+B0001
D000070+S0004 000000000002,000000 000000000024,000000 000000000000,000000 000000000000,000000 0005 S0008+B0001
D000070+S0011 000000000002,500000 000000000030,000000 000000000000,000000 000000000000,000000 0005 S0008+B0001
D000070+S0018 000000000001,000000 000000000014,000000 000000000000,000000 000000000000,000000 0005 S0008+B0001
D000071+S0004 000000000003,000000 000000000030,000000 000000000000,000000 000000000000,000000 0005 S0008+B0001
D000071+S0011 000000000001,500000 000000000013,000000 000000000000,000000 000000000000,000000 0005 S0008+B0001
D000071+S0020 000000000000,500000 000000000015,000000 000000000000,000000 000000000000,000000 0005 S0008+B0001
D000071+S0021 000000000002,500000 000000000022,000000 000000000000,000000 000000000000,000000 0005 S0008+B0001
D000072+S0002 000000000001,500000 000000000042,000000 000000000000,000000 000000000000,000000 0005 S0008+B0001
D000072+S0021 000000000002,500000 000000000102,000000 000000000000,000000 000000000000,000000 0005 S0008+B0001
D000073+S0005 000000000001,000000 000000000008,000000 000000000000,000000 000000000000,000000 0005 S0008+B0001
D000073+S0011 000000000001,000000 000000000001,000000 000000000000,000000 000000000000,000000 0005 S0008+B0001
D000073+S0021 000000000002,000000 000000000041,000000 000000000000,000000 000000000000,000000 0005 S0008+B0001
D000074+S0005 000000000001,000000 000000000007,000000 000000000000,000000 000000000000,000000 0005 S0008+B0001
D000074+S0008 000000000002,500000 000000000050,000000 000000000000,000000 000000000000,000000 0005 S0008+B0001
D000074+S0009 000000000001,500000 000000000032,000000 000000000000,000000 000000000000,000000 0005 S0008+B0001
D000074+S0021 000000000002,500000 000000000054,000000 000000000000,000000 000000000000,000000 0005 S0008+B0001
D000075+S0008 000000000003,000000 000000000089,000000 000000000000,000000 000000000000,000000 0005 S0008+B0001
D000075+S0013 000000000002,500000 000000000042,000000 000000000000,000000 000000000000,000000 0005 S0008+B0001
D000076+S0011 000000000002,000000 000000000007,000000 000000000000,000000 000000000000,000000 0005 S0008+B0001
D000076+S0018 000000000002,500000 000000000008,000000 000000000000,000000 000000000000,000000 0005 S0008+B0001
D000077+S0017 000000000001,500000 000000000001,000000 000000000000,000000 000000000000,000000 0005 S0008+B0001
D000078+S0002 000000000001,000000 000000000001,000000 000000000000,000000 000000000000,000000 0005 S0008+B0001
D000078+S0004 000000000003,500000 000000000004,000000 000000000000,000000 000000000000,000000 0005 S0008+B0001
D000081+S0004 000000000005,000000 000000000042,000000 000000000000,000000 000000000000,000000 0005 S0008+B0001
D000081+S0009 000000000001,500000 000000000025,000000 000000000000,000000 000000000000,000000 0005 S0008+B0001
D000081+S0011 000000000002,000000 000000000023,000000 000000000000,000000 000000000000,000000 0005 S0008+B0001
D000081+S0018 000000000001,000000 000000000023,000000 000000000000,000000 000000000000,000000 0005 S0008+B0001
D000084+S0006 000000000004,000000 000000000009,000000 000000000000,600000 000000000002,400000 0008 S0012+B0001
D000084+S0009 000000000007,000000 000000000119,000000 000000000000,200000 000000000001,400000 0008 S0012+B0001
D000084+S0017 000000000002,000000 000000000004,000000 000000000000,650000 000000000001,300000 0008 S0012+B0001
D000085+S0006 000000000005,000000 000000000009,000000 000000000000,600000 000000000003,000000 0008 S0012+B0001
D000085+S0009 000000000012,000000 000000000150,000000 000000000000,200000 000000000002,400000 0008 S0012+B0001
D000085+S0021 000000000008,000000 000000000009,000000 000000000000,300000 000000000002,400000 0008 S0012+B0001
D000086+S0006 000000000013,000000 000000000011,000000 000000000000,600000 000000000007,800000 0008 S0012+B0001
D000086+S0009 000000000005,000000 000000000023,000000 000000000000,200000 000000000001,000000 0008 S0012+B0001
D000086+S0017 000000000002,000000 000000000006,000000 000000000000,650000 000000000001,300000 0008 S0012+B0001
D000087+S0006 000000000002,000000 000000000005,000000 000000000000,600000 000000000001,200000 0008 S0012+B0001
D000089+S0004 000000000003,000000 000000000013,000000 000000000000,300000 000000000000,900000 0008 S0012+B0001
D000089+S0009 000000000006,000000 000000000047,000000 000000000000,200000 000000000001,200000 0008 S0012+B0001
D000089+S0021 000000000004,000000 000000000021,000000 000000000000,300000 000000000001,200000 0008 S0012+B0001
D000090+S0004 000000000007,000000 000000000034,000000 000000000000,300000 000000000002,100000 0008 S0012+B0001
D000090+S0006 000000000009,000000 000000000018,000000 000000000000,600000 000000000005,400000 0008 S0012+B0001
D000090+S0008 000000000006,000000 000000000057,000000 000000000000,200000 000000000001,200000 0008 S0012+B0001
D000090+S0021 000000000006,000000 000000000009,000000 000000000000,300000 000000000001,800000 0008 S0012+B0001
D000091+S0004 000000000007,000000 000000000021,000000 000000000000,300000 000000000002,100000 0008 S0012+B0001
D000091+S0006 000000000006,000000 000000000008,000000 000000000000,600000 000000000003,600000 0008 S0012+B0001
D000091+S0009 000000000005,000000 000000000024,000000 000000000000,200000 000000000001,000000 0008 S0012+B0001
D000092+S0006 000000000014,000000 000000000009,000000 000000000000,600000 000000000008,400000 0008 S0012+B0001
D000092+S0009 000000000009,000000 000000000089,000000 000000000000,200000 000000000001,800000 0008 S0012+B0001
D000092+S0021 000000000003,000000 000000000004,000000 000000000000,300000 000000000000,900000 0008 S0012+B0001
D000093+S0004 000000000007,000000 000000000035,000000 000000000000,300000 000000000002,100000 0008 S0012+B0001
D000093+S0006 000000000004,000000 000000000006,000000 000000000000,600000 000000000002,400000 0008 S0012+B0001
D000093+S0009 000000000005,000000 000000000057,000000 000000000000,200000 000000000001,000000 0008 S0012+B0001
D000108+S0004 000000000002,000000 000000000002,000000 000000000000,500000 000000000001,000000 0008 S0013+B0003
D000109+S0004 000000000004,000000 000000000004,000000 000000000000,500000 000000000002,000000 0008 S0013+B0003
D000110+S0004 000000000002,000000 000000000002,000000 000000000000,500000 000000000001,000000 0008 S0013+B0003
D000111+S0004 000000000008,000000 000000000011,000000 000000000000,500000 000000000004,000000 0008 S0013+B0003
D000112+S0004 000000000001,000000 000000000001,000000 000000000000,500000 000000000000,500000 0008 S0013+B0003
D000113+S0004 000000000001,000000 000000000002,000000 000000000000,500000 000000000000,500000 0008 S0013+B0003
D000114+S0004 000000000002,000000 000000000003,000000 000000000000,500000 000000000001,000000 0008 S0013+B0003
D000115+S0004 000000000001,600000 000000000002,000000 000000000000,500000 000000000000,800000 0008 S0013+B0003
D000087+S0009 000000000003,000000 000000000045,000000 000000000000,200000 000000000000,600000 0008 S0012+B0001
D000087+S0021 000000000002,000000 000000000006,000000 000000000000,300000 000000000000,600000 0008 S0012+B0001
D000088+S0004 000000000011,000000 000000000062,000000 000000000000,300000 000000000003,300000 0008 S0012+B0001
D000088+S0006 000000000013,000000 000000000006,000000 000000000000,600000 000000000007,800000 0008 S0012+B0001
D000094+S0006 000000000002,000000 000000000006,000000 000000000000,600000 000000000001,200000 0008 S0012+B0001
D000094+S0017 000000000003,000000 000000000008,000000 000000000000,650000 000000000001,950000 0008 S0012+B0001
D000095+S0004 000000000003,000000 000000000009,000000 000000000000,300000 000000000000,900000 0008 S0012+B0001
D000095+S0006 000000000004,000000 000000000007,000000 000000000000,600000 000000000002,400000 0008 S0012+B0001
D000095+S0021 000000000002,000000 000000000005,000000 000000000000,300000 000000000000,600000 0008 S0012+B0001
D000096+S0004 000000000005,000000 000000000014,000000 000000000000,300000 000000000001,500000 0008 S0012+B0001
D000096+S0006 000000000013,000000 000000000009,000000 000000000000,600000 000000000007,800000 0008 S0012+B0001
D000096+S0021 000000000002,000000 000000000005,000000 000000000000,300000 000000000000,600000 0008 S0012+B0001
D000097+S0004 000000000002,000000 000000000007,000000 000000000000,300000 000000000000,600000 0008 S0012+B0001
D000097+S0009 000000000004,000000 000000000029,000000 000000000000,200000 000000000000,800000 0008 S0012+B0001
D000097+S0017 000000000003,000000 000000000006,000000 000000000000,650000 000000000001,950000 0008 S0012+B0001
D000098+S0004 000000000005,000000 000000000045,000000 000000000000,300000 000000000001,500000 0008 S0012+B0001
D000098+S0006 000000000002,000000 000000000004,000000 000000000000,600000 000000000001,200000 0008 S0012+B0001
D000098+S0009 000000000002,000000 000000000012,000000 000000000000,200000 000000000000,400000 0008 S0012+B0001
D000099+S0004 000000000004,000000 000000000024,000000 000000000000,600000 000000000002,400000 0008 S0012+B0001
D000099+S0009 000000000003,000000 000000000029,000000 000000000000,200000 000000000000,600000 0008 S0012+B0001
D000100+S0004 000000000002,000000 000000000002,000000 000000000000,500000 000000000001,000000 0008 S0013+B0003
D000101+S0004 000000000000,300000 000000000002,000000 000000000000,500000 000000000000,150000 0008 S0013+B0003
D000101+S0017 000000000000,250000 000000000002,000000 000000000000,350000 000000000000,087500 0008 S0013+B0003
D000102+S0004 000000000001,400000 000000000002,000000 000000000000,500000 000000000000,700000 0008 S0013+B0003
D000102+S0017 000000000000,600000 000000000002,000000 000000000000,350000 000000000000,210000 0008 S0013+B0003
D000103+S0004 000000000002,000000 000000000002,000000 000000000000,500000 000000000001,000000 0008 S0013+B0003
D000116+S0009 000000000000,600000 000000000004,000000 000000000000,550000 000000000000,330000 0007 S0010+B0005
D000116+S0018 000000000001,200000 000000000010,000000 000000000000,550000 000000000000,660000 0007 S0010+B0005
D000117+S0006 000000000000,500000 000000000006,000000 000000000000,550000 000000000000,275000 0007 S0010+B0005
D000118+S0004 000000000000,400000 000000000013,000000 000000000000,300000 000000000000,120000 0007 S0010+B0002
D000118+S0006 000000000000,300000 000000000010,000000 000000000000,300000 000000000000,090000 0007 S0010+B0002
D000118+S0009 000000000001,500000 000000000120,000000 000000000000,300000 000000000000,450000 0007 S0010+B0002
D000118+S0019 000000000000,100000 000000000010,000000 000000000000,300000 000000000000,030000 0007 S0010+B0002
D000118+S0021 000000000000,600000 000000000030,000000 000000000000,300000 000000000000,180000 0007 S0010+B0002
D000119+S0004 000000000000,600000 000000000010,000000 000000000000,400000 000000000000,240000 0007 S0010+B0002
D000119+S0006 000000000000,500000 000000000007,000000 000000000000,400000 000000000000,200000 0007 S0010+B0002
D000119+S0008 000000000000,050000 000000000007,000000 000000000000,300000 000000000000,015000 0007 S0010+B0002
D000119+S0021 000000000000,700000 000000000050,000000 000000000000,600000 000000000000,420000 0007 S0010+B0002
D000120+S0006 000000000000,100000 000000000003,000000 000000000000,300000 000000000000,030000 0007 S0010+B0002
D000120+S0009 000000000002,500000 000000000300,000000 000000000000,300000 000000000000,750000 0007 S0010+B0002
D000121+S0008 000000000000,060000 000000000010,000000 000000000000,300000 000000000000,018000 0007 S0010+B0002
D000121+S0009 000000000001,700000 000000000200,000000 000000000000,300000 000000000000,510000 0007 S0010+B0002
D000130+S0004 000000000000,500000 000000000012,000000 000000000000,300000 000000000000,150000 0007 S0010+B0002
D000130+S0006 000000000000,300000 000000000006,000000 000000000000,300000 000000000000,090000 0007 S0010+B0002
D000130+S0008 000000000000,030000 000000000002,000000 000000000000,300000 000000000000,009000 0007 S0010+B0002
D000130+S0019 000000000000,060000 000000000005,000000 000000000000,300000 000000000000,018000 0007 S0010+B0002
D000130+S0021 000000000000,900000 000000000048,000000 000000000000,300000 000000000000,270000 0007 S0010+B0002
D000131+S0003 000000000001,000000 000000000029,000000 000000000000,400000 000000000000,400000 0007 S0010+B0002
D000131+S0006 000000000000,300000 000000000006,000000 000000000000,400000 000000000000,120000 0007 S0010+B0002
D000131+S0009 000000000002,000000 000000000200,000000 000000000000,300000 000000000000,600000 0007 S0010+B0002
D000134+S0006 000000000000,100000 000000000001,000000 000000000000,300000 000000000000,030000 0007 S0010+B0001
D000134+S0009 000000000002,500000 000000000038,000000 000000000000,500000 000000000001,250000 0007 S0010+B0001
D000135+S0004 000000000000,600000 000000000008,000000 000000000000,400000 000000000000,240000 0007 S0010+B0001
D000135+S0009 000000000001,000000 000000000020,000000 000000000000,300000 000000000000,300000 0007 S0010+B0001
D000136+S0006 000000000000,030000 000000000001,000000 000000000000,400000 000000000000,012000 0007 S0010+B0001
D000136+S0009 000000000001,500000 000000000020,000000 000000000000,400000 000000000000,600000 0007 S0010+B0001
D000136+S0019 000000000000,015000 000000000001,000000 000000000000,300000 000000000000,004500 0007 S0010+B0001
D000136+S0021 000000000000,080000 000000000001,000000 000000000000,300000 000000000000,024000 0007 S0010+B0001
D000137+S0009 000000000000,800000 000000000018,000000 000000000000,400000 000000000000,320000 0007 S0010+B0001
D000138+S0004 000000000000,150000 000000000002,000000 000000000000,400000 000000000000,060000 0007 S0010+B0001
D000138+S0006 000000000000,150000 000000000004,000000 000000000000,400000 000000000000,060000 0007 S0010+B0001
D000138+S0009 000000000001,500000 000000000020,000000 000000000000,400000 000000000000,600000 0007 S0010+B0001
D000139+S0009 000000000001,200000 000000000025,000000 000000000000,400000 000000000000,480000 0007 S0010+B0001
D000139+S0019 000000000000,150000 000000000006,000000 000000000000,300000 000000000000,045000 0007 S0010+B0001
D000139+S0021 000000000000,200000 000000000001,000000 000000000000,300000 000000000000,060000 0007 S0010+B0001
D000140+S0004 000000000000,500000 000000000004,000000 000000000000,500000 000000000000,250000 0007 S0010+B0001
D000140+S0009 000000000003,600000 000000000048,000000 000000000000,500000 000000000001,800000 0007 S0010+B0001
D000141+S0009 000000000001,000000 000000000020,000000 000000000000,500000 000000000000,500000 0007 S0010+B0001
D000141+S0019 000000000000,200000 000000000007,000000 000000000000,300000 000000000000,060000 0007 S0010+B0001
D000141+S0021 000000000000,020000 000000000002,000000 000000000000,300000 000000000000,006000 0007 S0010+B0001
D000142+S0004 000000000000,200000 000000000005,000000 000000000000,300000 000000000000,060000 0007 S0010+B0001
D000142+S0006 000000000000,100000 000000000003,000000 000000000000,300000 000000000000,030000 0007 S0010+B0001
D000142+S0008 000000000000,010000 000000000001,000000 000000000000,300000 000000000000,003000 0007 S0010+B0001
D000142+S0009 000000000001,000000 000000000020,000000 000000000000,300000 000000000000,300000 0007 S0010+B0001
D000142+S0019 000000000000,025000 000000000002,000000 000000000000,300000 000000000000,007500 0007 S0010+B0001
D000142+S0021 000000000000,020000 000000000001,000000 000000000000,300000 000000000000,006000 0007 S0010+B0001
D000143+S0004 000000000000,100000 000000000002,000000 000000000000,300000 000000000000,030000 0007 S0010+B0001
D000143+S0006 000000000000,200000 000000000004,000000 000000000000,300000 000000000000,060000 0007 S0010+B0001
D000143+S0009 000000000001,300000 000000000000,000000 000000000000,300000 000000000000,390000 0007 S0010+B0001
D000144+S0009 000000000001,800000 000000000022,000000 000000000000,400000 000000000000,720000 0007 S0010+B0001
D000145+S0004 000000000000,600000 000000000009,000000 000000000000,300000 000000000000,180000 0007 S0010+B0001
D000145+S0006 000000000000,080000 000000000002,000000 000000000000,300000 000000000000,024000 0007 S0010+B0001
D000145+S0009 000000000001,600000 000000000027,000000 000000000000,300000 000000000000,480000 0007 S0010+B0001
D000145+S0021 000000000000,090000 000000000003,000000 000000000000,300000 000000000000,027000 0007 S0010+B0001
D000146+S0004 000000000000,500000 000000000010,000000 000000000000,400000 000000000000,200000 0007 S0010+B0001
D000146+S0009 000000000001,200000 000000000400,000000 000000000000,400000 000000000000,480000 0007 S0010+B0001
D000147+S0006 000000000000,400000 000000000001,000000 000000000000,550000 000000000000,220000 0007 S0010+B0001
D000147+S0009 000000000001,600000 000000000024,000000 000000000000,500000 000000000000,800000 0007 S0010+B0001
D000148+S0004 000000000000,600000 000000000005,000000 000000000000,500000 000000000000,300000 0007 S0010+B0001
D000148+S0006 000000000000,300000 000000000002,000000 000000000000,500000 000000000000,150000 0007 S0010+B0001
D000148+S0009 000000000000,150000 000000000001,000000 000000000000,500000 000000000000,075000 0007 S0010+B0001
D000149+S0004 000000000000,300000 000000000003,000000 000000000000,500000 000000000000,150000 0007 S0010+B0001
D000149+S0009 000000000000,250000 000000000006,000000 000000000000,400000 000000000000,100000 0007 S0010+B0001
D000150+S0009 000000000004,000000 000000000327,000000 000000000000,200000 000000000000,800000 0006 S0009+B0005
D000162+S0004 000000000001,500000 000000000007,000000 000000000000,400000 000000000000,600000 0006 S0009+B0003
D000162+S0006 000000000002,000000 000000000003,000000 000000000000,500000 000000000001,000000 0006 S0009+B0003
D000163+S0004 000000000002,000000 000000000007,000000 000000000000,400000 000000000000,800000 0006 S0009+B0003
D000163+S0021 000000000000,500000 000000000001,000000 000000000000,400000 000000000000,200000 0006 S0009+B0003
D000164+S0004 000000000001,500000 000000000005,000000 000000000000,400000 000000000000,600000 0006 S0009+B0003
D000164+S0006 000000000001,500000 000000000001,000000 000000000000,500000 000000000000,750000 0006 S0009+B0003
D000165+S0006 000000000002,000000 000000000005,000000 000000000000,400000 000000000000,800000 0006 S0009+B0003
D000165+S0021 000000000001,000000 000000000003,000000 000000000000,400000 000000000000,400000 0006 S0009+B0003
D000166+S0004 000000000001,500000 000000000007,000000 000000000000,400000 000000000000,600000 0006 S0009+B0003
D000166+S0021 000000000000,500000 000000000002,000000 000000000000,400000 000000000000,200000 0006 S0009+B0003
D000167+S0004 000000000002,000000 000000000011,000000 000000000000,400000 000000000000,800000 0006 S0009+B0003
D000167+S0006 000000000002,500000 000000000001,000000 000000000000,500000 000000000001,250000 0006 S0009+B0003
D000168+S0006 000000000002,500000 000000000001,000000 000000000000,500000 000000000001,250000 0006 S0009+B0003
D000169+S0004 000000000001,000000 000000000003,000000 000000000000,400000 000000000000,400000 0006 S0009+B0003
D000169+S0021 000000000000,500000 000000000002,000000 000000000000,400000 000000000000,200000 0006 S0009+B0003
D000170+S0004 000000000002,000000 000000000011,000000 000000000000,400000 000000000000,800000 0006 S0009+B0003
D000170+S0006 000000000002,500000 000000000001,000000 000000000000,500000 000000000001,250000 0006 S0009+B0003
D000171+S0004 000000000003,000000 000000000021,000000 000000000000,400000 000000000001,200000 0006 S0009+B0003
D000172+S0004 000000000001,500000 000000000011,000000 000000000000,400000 000000000000,600000 0006 S0009+B0003
D000173+S0004 000000000001,000000 000000000006,000000 000000000000,500000 000000000000,500000 0006 S0009+B0003
D000174+S0004 000000000001,500000 000000000005,000000 000000000000,400000 000000000000,600000 0006 S0009+B0001
D000175+S0004 000000000002,000000 000000000002,000000 000000000000,400000 000000000000,800000 0006 S0009+B0001
D000176+S0004 000000000001,000000 000000000005,000000 000000000000,400000 000000000000,400000 0006 S0009+B0001
D000176+S0006 000000000001,500000 000000000002,000000 000000000000,500000 000000000000,750000 0006 S0009+B0001
D000176+S0021 000000000000,500000 000000000002,000000 000000000000,400000 000000000000,200000 0006 S0009+B0001
D000177+S0004 000000000002,500000 000000000011,000000 000000000000,400000 000000000001,000000 0006 S0009+B0001
D000178+S0004 000000000001,000000 000000000005,000000 000000000000,400000 000000000000,400000 0006 S0009+B0001
D000178+S0009 000000000000,500000 000000000007,000000 000000000000,300000 000000000000,150000 0006 S0009+B0001
D000179+S0004 000000000001,500000 000000000006,000000 000000000000,400000 000000000000,600000 0006 S0009+B0001
D000179+S0021 000000000000,500000 000000000002,000000 000000000000,400000 000000000000,200000 0006 S0009+B0001
D000180+S0004 000000000002,000000 000000000009,000000 000000000000,400000 000000000000,800000 0006 S0009+B0001
D000180+S0009 000000000000,500000 000000000003,000000 000000000000,300000 000000000000,150000 0006 S0009+B0001
D000181+S0004 000000000001,500000 000000000006,000000 000000000000,400000 000000000000,600000 0006 S0009+B0001
D000182+S0004 000000000023,000000 000000000253,000000 000000000000,400000 000000000009,200000 0006 S0009+B0001
D000183+S0004 000000000008,000000 000000000107,000000 000000000000,400000 000000000003,200000 0006 S0009+B0001
D000184+S0004 000000000020,000000 000000000221,000000 000000000000,400000 000000000008,000000 0006 S0009+B0001
D000185+S0004 000000000015,000000 000000000172,000000 000000000000,400000 000000000006,000000 0006 S0009+B0001
D000186+S0009 000000000001,500000 000000000027,000000 000000000000,300000 000000000000,450000 0006 S0009+B0001
D000187+S0004 000000000001,500000 000000000013,000000 000000000000,400000 000000000000,600000 0006 S0009+B0001
D000187+S0009 000000000002,000000 000000000031,000000 000000000000,300000 000000000000,600000 0006 S0009+B0001
D000188+S0004 000000000001,500000 000000000014,000000 000000000000,400000 000000000000,600000 0006 S0009+B0001
D000188+S0009 000000000000,500000 000000000007,000000 000000000000,300000 000000000000,150000 0006 S0009+B0001
D000189+S0004 000000000001,000000 000000000005,000000 000000000000,400000 000000000000,400000 0006 S0009+B0001
D000189+S0009 000000000000,500000 000000000006,000000 000000000000,300000 000000000000,150000 0006 S0009+B0001
D000190+S0004 000000000008,000000 000000000040,000000 000000000000,250000 000000000002,000000 0006 S0016+B0001
D000190+S0009 000000000004,000000 000000000020,000000 000000000000,200000 000000000000,800000 0006 S0016+B0001
D000190+S0021 000000000010,000000 000000000030,000000 000000000000,200000 000000000002,000000 0006 S0016+B0001
D000191+S0004 000000000010,000000 000000000025,000000 000000000000,250000 000000000002,500000 0006 S0016+B0001
D000191+S0009 000000000006,000000 000000000010,000000 000000000000,200000 000000000001,200000 0006 S0016+B0001
D000191+S0021 000000000009,000000 000000000020,000000 000000000000,200000 000000000001,800000 0006 S0016+B0001
D000192+S0004 000000000015,000000 000000000050,000000 000000000000,250000 000000000003,750000 0006 S0016+B0001
D000192+S0009 000000000008,000000 000000000020,000000 000000000000,250000 000000000002,000000 0006 S0016+B0001
D000192+S0021 000000000020,000000 000000000015,000000 000000000000,200000 000000000004,000000 0006 S0016+B0001
D000193+S0004 000000000018,000000 000000000060,000000 000000000000,250000 000000000004,500000 0006 S0016+B0001
D000193+S0009 000000000006,000000 000000000020,000000 000000000000,250000 000000000001,500000 0006 S0016+B0001
D000193+S0021 000000000010,000000 000000000011,000000 000000000000,200000 000000000002,000000 0006 S0016+B0001
D000194+S0004 000000000008,000000 000000000020,000000 000000000000,250000 000000000002,000000 0006 S0016+B0001
D000194+S0009 000000000006,000000 000000000020,000000 000000000000,250000 000000000001,500000 0006 S0016+B0001
D000194+S0021 000000000010,000000 000000000020,000000 000000000000,200000 000000000002,000000 0006 S0016+B0001
D000195+S0004 000000000030,000000 000000000100,000000 000000000000,250000 000000000007,500000 0006 S0016+B0001
D000195+S0009 000000000009,000000 000000000020,000000 000000000000,250000 000000000002,250000 0006 S0016+B0001
D000195+S0021 000000000020,000000 000000000030,000000 000000000000,200000 000000000004,000000 0006 S0016+B0001
D000196+S0004 000000000006,000000 000000000020,000000 000000000000,250000 000000000001,500000 0006 S0016+B0001
D000196+S0009 000000000008,000000 000000000040,000000 000000000000,250000 000000000002,000000 0006 S0016+B0001
D000197+S0021 000000000004,000000 000000000006,000000 000000000000,200000 000000000000,800000 0006 S0016+B0001
D000198+S0004 000000000030,000000 000000000050,000000 000000000000,250000 000000000007,500000 0006 S0016+B0001
D000198+S0009 000000000005,000000 000000000010,000000 000000000000,250000 000000000001,250000 0006 S0016+B0001
D000198+S0021 000000000006,000000 000000000010,000000 000000000000,200000 000000000001,200000 0006 S0016+B0001
D000199+S0004 000000000006,000000 000000000020,000000 000000000000,250000 000000000001,500000 0006 S0016+B0001
D000199+S0009 000000000002,000000 000000000020,000000 000000000000,250000 000000000000,500000 0006 S0016+B0001
D000199+S0021 000000000004,000000 000000000030,000000 000000000000,200000 000000000000,800000 0006 S0016+B0001
D000200+S0004 000000000040,000000 000000000100,000000 000000000000,250000 000000000010,000000 0006 S0016+B0001
D000200+S0009 000000000002,000000 000000000020,000000 000000000000,250000 000000000000,500000 0006 S0016+B0001
D000196+S0021 000000000007,000000 000000000010,000000 000000000000,200000 000000000001,400000 0006 S0016+B0001
D000197+S0004 000000000008,000000 000000000012,000000 000000000000,250000 000000000002,000000 0006 S0016+B0001
D000197+S0009 000000000007,000000 000000000015,000000 000000000000,250000 000000000001,750000 0006 S0016+B0001
D000200+S0021 000000000008,000000 000000000020,000000 000000000000,250000 000000000002,000000 0006 S0016+B0001
D000201+S0004 000000000009,000000 000000000030,000000 000000000000,250000 000000000002,250000 0006 S0016+B0001
D000201+S0009 000000000015,000000 000000000040,000000 000000000000,250000 000000000003,750000 0006 S0016+B0001
D000201+S0021 000000000006,000000 000000000060,000000 000000000000,200000 000000000001,200000 0006 S0016+B0001
D000202+S0004 000000000008,000000 000000000060,000000 000000000000,250000 000000000002,000000 0006 S0016+B0001
D000202+S0009 000000000009,000000 000000000070,000000 000000000000,250000 000000000002,250000 0006 S0016+B0001
D000202+S0021 000000000006,000000 000000000030,000000 000000000000,200000 000000000001,200000 0006 S0016+B0001
D000203+S0004 000000000002,000000 000000000020,000000 000000000000,250000 000000000000,500000 0006 S0016+B0001
D000203+S0009 000000000005,000000 000000000035,000000 000000000000,250000 000000000001,250000 0006 S0016+B0001
D000203+S0021 000000000008,000000 000000000070,000000 000000000000,200000 000000000001,600000 0006 S0016+B0001
D000204+S0004 000000000030,000000 000000000060,000000 000000000000,250000 000000000007,500000 0006 S0016+B0001
D000204+S0009 000000000007,000000 000000000030,000000 000000000000,250000 000000000001,750000 0006 S0016+B0001
D000204+S0021 000000000009,000000 000000000020,000000 000000000000,200000 000000000001,800000 0006 S0016+B0001
D000205+S0004 000000000006,000000 000000000060,000000 000000000000,250000 000000000001,500000 0006 S0016+B0001
D000205+S0009 000000000002,000000 000000000040,000000 000000000000,250000 000000000000,500000 0006 S0016+B0001
D000205+S0021 000000000004,000000 000000000010,000000 000000000000,200000 000000000000,800000 0006 S0016+B0001
D000206+S0004 000000000056,250000 000000000075,000000 000000000000,350000 000000000019,687500 0006 S0015+B0001
D000206+S0006 000000000026,250000 000000000021,000000 000000000000,475000 000000000012,468750 0006 S0015+B0001
D000206+S0017 000000000025,000000 000000000003,000000 000000000000,650000 000000000016,250000 0006 S0015+B0001
D000207+S0004 000000000066,000000 000000000038,000000 000000000000,350000 000000000023,100000 0006 S0015+B0001
D000208+S0004 000000000020,000000 000000000040,000000 000000000000,350000 000000000007,000000 0006 S0015+B0001
D000208+S0006 000000000049,500000 000000000018,000000 000000000000,475000 000000000023,512501 0006 S0015+B0001
D000208+S0009 000000000091,500000 000000000122,000000 000000000000,300000 000000000027,450001 0006 S0015+B0001
D000208+S0017 000000000045,000000 000000000003,000000 000000000000,650000 000000000029,250000 0006 S0015+B0001
D000209+S0004 000000000011,250000 000000000015,000000 000000000000,350000 000000000003,937500 0006 S0015+B0001
D000209+S0006 000000000014,000000 000000000008,000000 000000000000,475000 000000000006,650000 0006 S0015+B0001
D000209+S0009 000000000056,250000 000000000045,000000 000000000000,300000 000000000016,875000 0006 S0015+B0001
D000210+S0006 000000000035,000000 000000000004,000000 000000000000,650000 000000000022,750000 0006 S0015+B0001
D000210+S0009 000000000008,750000 000000000007,000000 000000000000,450000 000000000003,937500 0006 S0015+B0001
D000211+S0006 000000000017,500000 000000000003,000000 000000000000,650000 000000000011,375000 0006 S0015+B0001
D000211+S0009 000000000022,500000 000000000018,000000 000000000000,450000 000000000010,125000 0006 S0015+B0001
D000212+S0004 000000000052,500000 000000000070,000000 000000000000,350000 000000000018,375000 0006 S0015+B0003
D000212+S0009 000000000043,750000 000000000035,000000 000000000000,300000 000000000013,125000 0006 S0015+B0003
D000212+S0017 000000000012,000000 000000000002,000000 000000000000,650000 000000000007,800000 0006 S0015+B0003
D000213+S0004 000000000026,500000 000000000035,000000 000000000000,350000 000000000009,275000 0006 S0015+B0003
D000213+S0006 000000000033,750000 000000000015,000000 000000000000,000000 000000000000,000000 0006 S0015+B0003
D000213+S0009 000000000115,000000 000000000092,000000 000000000000,300000 000000000034,500000 0006 S0015+B0003
D000214+S0006 000000000012,250000 000000000007,000000 000000000000,500000 000000000006,125000 0006 S0015+B0003
D000214+S0009 000000000047,250000 000000000027,000000 000000000000,450000 000000000021,262501 0006 S0015+B0003
D000214+S0017 000000000047,000000 000000000003,000000 000000000000,650000 000000000030,549999 0006 S0015+B0003
D000215+S0006 000000000007,250000 000000000005,000000 000000000000,450000 000000000003,262500 0006 S0015+B0003
D000215+S0009 000000000055,099998 000000000038,000000 000000000000,450000 000000000024,795000 0006 S0015+B0003
D000215+S0017 000000000035,000000 000000000002,000000 000000000000,650000 000000000022,750000 0006 S0015+B0003
D000216+S0006 000000000007,500000 000000000003,000000 000000000000,450000 000000000003,375000 0006 S0015+B0003
D000216+S0009 000000000008,750000 000000000025,000000 000000000000,350000 000000000003,062500 0006 S0015+B0003
D000216+S0017 000000000009,750000 000000000002,000000 000000000000,650000 000000000006,337500 0006 S0015+B0003
D000217+S0009 000000000022,400000 000000000032,000000 000000000000,300000 000000000006,720000 0006 S0015+B0003
D000218+S0009 000000000030,000000 000000000024,000000 000000000000,750000 000000000022,500000 0006 S0015+B0003
D000218+S0017 000000000062,000000 000000000005,000000 000000000000,650000 000000000040,299999 0006 S0015+B0003
D000219+S0009 000000000056,250000 000000000045,000000 000000000000,750000 000000000042,187500 0006 S0015+B0003
D000219+S0017 000000000017,000000 000000000002,000000 000000000000,650000 000000000011,050000 0006 S0015+B0003
D000220+S0003 000000000000,150000 000000000002,000000 000000000000,850000 000000000000,127500 0004 S0017+B0001
D000220+S0005 000000000000,100000 000000000002,000000 000000000000,500000 000000000000,050000 0004 S0017+B0001
D000220+S0007 000000000000,200000 000000000004,000000 000000000000,100000 000000000000,020000 0004 S0017+B0001
D000220+S0018 000000000000,150000 000000000003,000000 000000000000,500000 000000000000,075000 0004 S0017+B0001
D000221+S0005 000000000000,060000 000000000002,000000 000000000000,100000 000000000000,006000 0004 S0017+B0001
D000221+S0008 000000000000,400000 000000000004,000000 000000000000,100000 000000000000,040000 0004 S0017+B0001
D000221+S0011 000000000000,150000 000000000024,000000 000000000000,200000 000000000000,030000 0004 S0017+B0001
D000221+S0012 000000000000,300000 000000000002,000000 000000000000,200000 000000000000,060000 0004 S0017+B0001
D000221+S0015 000000000000,500000 000000000006,000000 000000000000,700000 000000000000,350000 0004 S0017+B0001
D000221+S0018 000000000000,150000 000000000007,000000 000000000000,500000 000000000000,075000 0004 S0017+B0001
D000222+S0002 000000000001,000000 000000000006,000000 000000000000,250000 000000000000,250000 0004 S0017+B0001
D000222+S0005 000000000000,400000 000000000008,000000 000000000000,750000 000000000000,300000 0004 S0017+B0001
D000222+S0007 000000000000,200000 000000000002,000000 000000000000,500000 000000000000,100000 0004 S0017+B0001
D000222+S0008 000000000000,015000 000000000001,000000 000000000000,050000 000000000000,000750 0004 S0017+B0001
D000222+S0011 000000000000,060000 000000000006,000000 000000000000,150000 000000000000,009000 0004 S0017+B0001
D000222+S0018 000000000000,100000 000000000003,000000 000000000000,600000 000000000000,060000 0004 S0017+B0001
D000222+S0020 000000000000,150000 000000000002,000000 000000000000,250000 000000000000,037500 0004 S0017+B0001
D000223+S0004 000000000000,500000 000000000005,000000 000000000000,500000 000000000000,250000 0004 S0017+B0001
D000223+S0007 000000000000,300000 000000000004,000000 000000000000,750000 000000000000,225000 0004 S0017+B0001
D000223+S0009 000000000000,040000 000000000001,000000 000000000000,050000 000000000000,002000 0004 S0017+B0001
D000223+S0011 000000000000,500000 000000000005,000000 000000000000,500000 000000000000,250000 0004 S0017+B0001
D000223+S0018 000000000000,200000 000000000004,000000 000000000000,300000 000000000000,060000 0004 S0017+B0001
D000224+S0004 000000000000,900000 000000000011,000000 000000000000,650000 000000000000,585000 0004 S0017+B0001
D000224+S0007 000000000000,500000 000000000012,000000 000000000001,250000 000000000000,625000 0004 S0017+B0001
D000224+S0009 000000000000,200000 000000000002,000000 000000000000,300000 000000000000,060000 0004 S0017+B0001
D000224+S0011 000000000000,300000 000000000001,000000 000000000000,750000 000000000000,225000 0004 S0017+B0001
D000224+S0018 000000000000,200000 000000000003,000000 000000000000,500000 000000000000,100000 0004 S0017+B0001
D000225+S0004 000000000000,200000 000000000001,000000 000000000000,200000 000000000000,040000 0004 S0017+B0001
D000225+S0006 000000000001,000000 000000000008,000000 000000000001,500000 000000000001,500000 0004 S0017+B0001
D000225+S0008 000000000000,150000 000000000001,000000 000000000000,150000 000000000000,022500 0004 S0017+B0001
D000225+S0009 000000000000,200000 000000000003,000000 000000000000,200000 000000000000,040000 0004 S0017+B0001
D000225+S0011 000000000000,150000 000000000024,000000 000000000000,200000 000000000000,030000 0004 S0017+B0001
D000225+S0015 000000000000,050000 000000000003,000000 000000000000,100000 000000000000,005000 0004 S0017+B0001
D000225+S0018 000000000000,150000 000000000007,000000 000000000000,500000 000000000000,075000 0004 S0017+B0001
D000226+S0001 000000000000,200000 000000000001,000000 000000000000,150000 000000000000,030000 0004 S0017+B0001
D000226+S0004 000000000000,300000 000000000003,000000 000000000000,500000 000000000000,150000 0004 S0017+B0001
D000226+S0006 000000000000,400000 000000000004,000000 000000000001,000000 000000000000,400000 0004 S0017+B0001
D000226+S0008 000000000005,000000 000000000005,000000 000000000001,500000 000000000007,500000 0004 S0017+B0001
D000226+S0009 000000000000,400000 000000000005,000000 000000000000,500000 000000000000,200000 0004 S0017+B0001
D000226+S0018 000000000000,300000 000000000002,000000 000000000000,500000 000000000000,150000 0004 S0017+B0001
D000227+S0004 000000000000,100000 000000000001,000000 000000000000,150000 000000000000,015000 0004 S0017+B0001
D000227+S0006 000000000000,400000 000000000003,000000 000000000000,700000 000000000000,280000 0004 S0017+B0001
D000227+S0007 000000000000,050000 000000000001,000000 000000000000,100000 000000000000,005000 0004 S0017+B0001
D000227+S0011 000000000000,200000 000000000012,000000 000000000000,500000 000000000000,100000 0004 S0017+B0001
D000227+S0015 000000000000,700000 000000000008,000000 000000000000,650000 000000000000,455000 0004 S0017+B0001
D000227+S0017 000000000000,050000 000000000001,000000 000000000000,500000 000000000000,025000 0004 S0017+B0001
D000228+S0002 000000000000,100000 000000000000,000000 000000000000,200000 000000000000,020000 0004 S0017+B0001
D000228+S0004 000000000000,200000 000000000000,000000 000000000000,250000 000000000000,050000 0004 S0017+B0001
D000228+S0007 000000000000,400000 000000000003,000000 000000000000,600000 000000000000,240000 0004 S0017+B0001
D000228+S0009 000000000005,000000 000000000007,000000 000000000000,000000 000000000000,000000 0004 S0017+B0001
D000228+S0011 000000000000,900000 000000000006,000000 000000000000,000000 000000000000,000000 0004 S0017+B0001
D000228+S0015 000000000000,300000 000000000002,000000 000000000000,000000 000000000000,000000 0004 S0017+B0001
D000228+S0018 000000000000,600000 000000000004,000000 000000000000,000000 000000000000,000000 0004 S0017+B0001
D000229+S0001 000000000000,150000 000000000002,000000 000000000000,000000 000000000000,000000 0004 S0017+B0001
D000229+S0004 000000000000,250000 000000000004,000000 000000000000,000000 000000000000,000000 0004 S0017+B0001
D000229+S0007 000000000000,350000 000000000005,000000 000000000000,000000 000000000000,000000 0004 S0017+B0001
D000229+S0009 000000000000,800000 000000000005,000000 000000000000,000000 000000000000,000000 0004 S0017+B0001
D000229+S0011 000000000000,450000 000000000009,000000 000000000000,000000 000000000000,000000 0004 S0017+B0001
D000229+S0015 000000000000,750000 000000000006,000000 000000000000,000000 000000000000,000000 0004 S0017+B0001
D000229+S0018 000000000000,200000 000000000003,000000 000000000000,000000 000000000000,000000 0004 S0017+B0001
D000230+S0002 000000000000,400000 000000000006,000000 000000000000,000000 000000000000,000000 0004 S0017+B0001
D000230+S0004 000000000003,000000 000000000007,000000 000000000000,000000 000000000000,000000 0004 S0017+B0001
D000230+S0006 000000000000,200000 000000000002,000000 000000000000,000000 000000000000,000000 0004 S0017+B0001
D000230+S0008 000000000001,000000 000000000005,000000 000000000000,000000 000000000000,000000 0004 S0017+B0001
D000230+S0011 000000000002,000000 000000000008,000000 000000000000,000000 000000000000,000000 0004 S0017+B0001
D000230+S0015 000000000000,300000 000000000002,000000 000000000000,000000 000000000000,000000 0004 S0017+B0001
D000230+S0017 000000000003,500000 000000000001,000000 000000000000,000000 000000000000,000000 0004 S0017+B0001
D000230+S0018 000000000004,000000 000000000000,000000 000000000000,000000 000000000000,000000 0004 S0017+B0001
D000231+S0002 000000000001,500000 000000000003,000000 000000000000,000000 000000000000,000000 0004 S0017+B0001
D000231+S0004 000000000002,500000 000000000006,000000 000000000000,000000 000000000000,000000 0004 S0017+B0001
D000231+S0007 000000000000,400000 000000000003,000000 000000000000,000000 000000000000,000000 0004 S0017+B0001
D000231+S0009 000000000003,000000 000000000008,000000 000000000000,000000 000000000000,000000 0004 S0017+B0001
D000231+S0011 000000000000,600000 000000000003,000000 000000000000,000000 000000000000,000000 0004 S0017+B0001
D000231+S0015 000000000000,700000 000000000007,000000 000000000000,000000 000000000000,000000 0004 S0017+B0001
D000231+S0018 000000000000,800000 000000000005,000000 000000000000,000000 000000000000,000000 0004 S0017+B0001
D000232+S0002 000000000004,500000 000000000006,000000 000000000000,000000 000000000000,000000 0004 S0017+B0001
D000232+S0004 000000000002,500000 000000000005,000000 000000000000,000000 000000000000,000000 0004 S0017+B0001
D000232+S0007 000000000000,750000 000000000004,000000 000000000000,000000 000000000000,000000 0004 S0017+B0001
D000232+S0009 000000000001,500000 000000000003,000000 000000000000,000000 000000000000,000000 0004 S0017+B0001
D000232+S0011 000000000000,350000 000000000005,000000 000000000000,000000 000000000000,000000 0004 S0017+B0001
D000232+S0015 000000000005,000000 000000000004,000000 000000000000,000000 000000000000,000000 0004 S0017+B0001
D000232+S0018 000000000003,500000 000000000006,000000 000000000000,000000 000000000000,000000 0004 S0017+B0001
D000233+S0003 000000000004,300000 000000000006,000000 000000000000,000000 000000000000,000000 0004 S0017+B0001
D000233+S0005 000000000002,000000 000000000004,000000 000000000000,000000 000000000000,000000 0004 S0017+B0001
D000233+S0007 000000000001,500000 000000000002,000000 000000000000,000000 000000000000,000000 0004 S0017+B0001
D000233+S0011 000000000003,500000 000000000003,000000 000000000000,000000 000000000000,000000 0004 S0017+B0001
D000233+S0015 000000000000,750000 000000000006,000000 000000000000,000000 000000000000,000000 0004 S0017+B0001
D000233+S0017 000000000006,000000 000000000004,000000 000000000000,000000 000000000000,000000 0004 S0017+B0001
