S0004+B0001+D03 0004 000010,000 000010,000 000018,000 François S
S0004+B0001+D09 0004 000009,000 000010,000 000018,000 François S
S0004+B0001+D13 0004 000010,000 000010,000 000018,000 François S
S0004+B0001+D17 0004 000010,000 000010,000 000018,000 François S
S0004+B0001+D20 0004 000010,000 000010,000 000018,000 François S
S0004+B0001+D24 0004 000010,000 000010,000 000018,000 François S
S0004+B0001+D27 0004 000010,000 000010,000 000018,000 François S
S0005+B0001+D05 0004 000010,000 000010,000 000058,000 Abdoulaye S
S0005+B0001+D13 0004 000009,000 000010,000 000058,000 Abdoulaye S
S0005+B0001+D18 0004 000010,000 000010,000 000058,000 Abdoulaye S
S0005+B0001+D26 0004 000010,000 000010,000 000058,000 Abdoulaye S
S0005+B0005+D05 0004 000010,000 000010,000 000029,000 Abdoulaye S
S0005+B0005+D13 0004 000010,000 000010,000 000029,000 Abdoulaye S
S0005+B0005+D18 0004 000010,000 000010,000 000029,000 Abdoulaye S
S0005+B0005+D26 0004 000010,000 000010,000 000029,000 Abdoulaye S
S0007+B0001+D06 0005 000007,000 000010,000 000031,000 Adamou M
S0007+B0001+D08 0005 000007,000 000010,000 000031,000 Adamou M
S0007+B0001+D13 0005 000010,000 000010,000 000031,000 Adamou M
S0007+B0001+D14 0005 000010,000 000010,000 000031,000 Adamou M
S0007+B0001+D20 0005 000010,000 000010,000 000031,000 Adamou M
S0007+B0001+D22 0005 000010,000 000010,000 000031,000 Adamou M
S0007+B0001+D26 0005 000007,000 000010,000 000031,000 Adamou M
S0007+B0001+D28 0005 000009,000 000010,000 000031,000 Adamou M
S0008+B0001+D06 0005 000005,000 000010,000 000013,000 Adamou M
S0008+B0001+D08 0005 000005,000 000010,000 000013,000 Adamou M
S0008+B0001+D13 0005 000005,000 000010,000 000013,000 Adamou M
S0008+B0001+D14 0005 000005,000 000010,000 000013,000 Adamou M
S0008+B0001+D20 0005 000005,000 000010,000 000013,000 Adamou M
S0008+B0001+D22 0005 000005,000 000010,000 000013,000 Adamou M
S0008+B0001+D26 0005 000005,000 000010,000 000013,000 Adamou M
S0008+B0001+D28 0005 000005,000 000010,000 000013,000 Adamou M
S0009+B0005+D01 0006 000004,000 000010,000 000034,000 Kassoum A
S0009+B0005+D02 0006 000004,000 000010,000 000034,000 Kassoum A
S0009+B0005+D10 0006 000005,000 000010,000 000034,000 Kassoum A
S0009+B0005+D11 0006 000005,000 000010,000 000034,000 Kassoum A
S0009+B0005+D12 0006 000005,000 000010,000 000034,000 Kassoum A
S0009+B0005+D20 0006 000004,000 000010,000 000034,000 Kassoum A
S0009+B0005+D27 0006 000004,000 000010,000 000034,000 Kassoum A
S0009+B0005+D28 0006 000004,000 000010,000 000034,000 Kassoum A
S0010+B0001+D04 0007 000008,000 000010,000 000084,000 boukari Illa
S0010+B0001+D07 0007 000007,000 000010,000 000084,000 boukari Illa
S0010+B0001+D10 0007 000008,000 000010,000 000084,000 boukari Illa
S0010+B0001+D14 0007 000008,000 000010,000 000084,000 boukari Illa
S0010+B0001+D18 0007 000008,000 000010,000 000084,000 boukari Illa
S0010+B0001+D20 0007 000007,000 000010,000 000084,000 boukari Illa
S0010+B0001+D24 0007 000009,000 000010,000 000084,000 boukari Illa
S0010+B0001+D26 0007 000007,000 000010,000 000084,000 boukari Illa
S0010+B0004+D04 0007 000006,000 000010,000 000032,000 boukari Illa
S0010+B0004+D06 0007 000006,000 000010,000 000032,000 boukari Illa
S0010+B0004+D08 0007 000005,000 000010,000 000032,000 boukari Illa
S0010+B0004+D14 0007 000005,000 000010,000 000032,000 boukari Illa
S0010+B0004+D18 0007 000003,000 000010,000 000032,000 boukari Illa
S0010+B0004+D20 0007 000004,000 000010,000 000032,000 boukari Illa
S0010+B0004+D24 0007 000004,000 000010,000 000032,000 boukari Illa
S0010+B0004+D26 0007 000005,000 000010,000 000032,000 boukari Illa
S0012+B0001+D03 0008 000010,000 000010,000 000090,000 Ibrahim N
S0012+B0001+D07 0008 000010,000 000010,000 000090,000 Ibrahim N
S0012+B0001+D10 0008 000010,000 000010,000 000090,000 Ibrahim N
S0012+B0001+D13 0008 000010,000 000010,000 000090,000 Ibrahim N
S0012+B0001+D17 0008 000010,000 000010,000 000090,000 Ibrahim N
S0012+B0001+D21 0008 000010,000 000010,000 000090,000 Ibrahim N
S0012+B0001+D26 0008 000010,000 000010,000 000090,000 Ibrahim N
S0012+B0001+D28 0008 000010,000 000010,000 000090,000 Ibrahim N
S0013+B0003+D01 0008 000006,000 000010,000 000035,000 arzika soumaila
S0013+B0003+D04 0008 000007,000 000010,000 000035,000 arzika soumaila
S0013+B0003+D09 0008 000005,000 000010,000 000035,000 arzika soumaila
S0013+B0003+D13 0008 000008,000 000010,000 000035,000 arzika soumaila
S0013+B0003+D17 0008 000007,000 000010,000 000035,000 arzika soumaila
S0013+B0003+D21 0008 000006,000 000010,000 000035,000 arzika soumaila
S0013+B0003+D22 0008 000007,000 000010,000 000035,000 arzika soumaila
S0013+B0003+D27 0008 000008,000 000010,000 000035,000 arzika soumaila
