S0003+B0001+D04 0003 000010,000 000010,000 000086,000 Hamidou Issaka
S0003+B0001+D13 0003 000010,000 000010,000 000086,000 Hamidou Issaka
S0003+B0001+D17 0003 000010,000 000010,000 000086,000 Hamidou Issaka
S0003+B0002+D03 0003 000010,000 000010,000 000090,000 Hamidou Issaka
S0003+B0002+D04 0003 000010,000 000010,000 000090,000 Hamidou Issaka
S0003+B0002+D12 0003 000010,000 000010,000 000090,000 Hamidou Issaka
S0003+B0002+D13 0003 000010,000 000010,000 000090,000 Hamidou Issaka
S0003+B0002+D16 0003 000010,000 000010,000 000090,000 Hamidou Issaka
S0003+B0002+D27 0003 000010,000 000010,000 000090,000 Hamidou Issaka
S0003+B0005+D03 0003 000010,000 000010,000 000054,000 Hamidou Issaka
S0003+B0005+D12 0003 000010,000 000010,000 000054,000 Hamidou Issaka
S0003+B0005+D16 0003 000010,000 000010,000 000054,000 Hamidou Issaka
S0003+B0005+D26 0003 000010,000 000010,000 000054,000 Hamidou Issaka
S0007+B0001+D04 0005 000010,000 000010,000 000031,000 A mamoudou
S0007+B0001+D05 0005 000010,000 000010,000 000031,000 A mamoudou
S0007+B0001+D09 0005 000010,000 000010,000 000031,000 A mamoudou
S0007+B0001+D12 0005 000010,000 000010,000 000031,000 A mamoudou
S0007+B0001+D16 0005 000010,000 000010,000 000031,000 A mamoudou
S0007+B0001+D19 0005 000007,000 000010,000 000031,000 A mamoudou
S0007+B0001+D23 0005 000008,000 000010,000 000031,000 A mamoudou
S0007+B0001+D25 0005 000010,000 000010,000 000031,000 A mamoudou
S0008+B0001+D04 0005 000010,000 000010,000 000013,000 A mamoudou
S0008+B0001+D05 0005 000010,000 000010,000 000013,000 A mamoudou
S0008+B0001+D09 0005 000010,000 000010,000 000013,000 A mamoudou
S0008+B0001+D12 0005 000008,000 000010,000 000013,000 A mamoudou
S0008+B0001+D16 0005 000009,000 000010,000 000013,000 A mamoudou
S0008+B0001+D19 0005 000008,000 000010,000 000013,000 A mamoudou
S0008+B0001+D23 0005 000010,000 000010,000 000013,000 A mamoudou
S0008+B0001+D25 0005 000009,000 000010,000 000013,000 A mamoudou
S0009+B0005+D07 0006 000004,000 000010,000 000034,000 kassoum
S0009+B0005+D08 0006 000004,000 000010,000 000034,000 kassoum
S0009+B0005+D09 0006 000004,000 000010,000 000034,000 kassoum
S0009+B0005+D10 0006 000004,000 000010,000 000034,000 kassoum
S0009+B0005+D18 0006 000004,000 000010,000 000034,000 kassoum
S0009+B0005+D19 0006 000004,000 000010,000 000034,000 kassoum
S0009+B0005+D27 0006 000004,000 000010,000 000034,000 kassoum
S0009+B0005+D28 0006 000004,000 000010,000 000034,000 kassoum
S0011+B0001+D03 0008 000006,000 000010,000 000023,000 Bilal 
S0011+B0001+D05 0008 000009,000 000010,000 000023,000 Bilal 
S0011+B0001+D11 0008 000008,000 000010,000 000023,000 Bilal 
S0011+B0001+D13 0008 000007,000 000010,000 000023,000 Bilal 
S0011+B0001+D16 0008 000007,000 000010,000 000023,000 Bilal 
S0011+B0001+D22 0008 000010,000 000010,000 000023,000 Bilal 
S0011+B0001+D24 0008 000009,000 000010,000 000023,000 Bilal 
S0011+B0001+D27 0008 000008,000 000010,000 000023,000 Bilal 
S0012+B0001+D02 0008 000010,000 000010,000 000090,000 Ibrahim Niandou
S0012+B0001+D11 0008 000010,000 000010,000 000090,000 Ibrahim Niandou
S0012+B0001+D15 0008 000010,000 000010,000 000090,000 Ibrahim Niandou
S0012+B0001+D23 0008 000010,000 000010,000 000090,000 Ibrahim Niandou
S0012+B0001+D27 0008 000010,000 000010,000 000090,000 Ibrahim Niandou
S0012+B0001+D30 0008 000010,000 000010,000 000090,000 Ibrahim Niandou
S0013+B0003+D03 0008 000008,000 000010,000 000035,000 Arzika s
S0013+B0003+D06 0008 000009,000 000010,000 000035,000 Arzika s
S0013+B0003+D08 0008 000010,000 000010,000 000035,000 Arzika s
S0013+B0003+D12 0008 000009,000 000010,000 000035,000 Arzika s
S0013+B0003+D16 0008 000007,000 000010,000 000035,000 Arzika s
S0013+B0003+D18 0008 000008,000 000010,000 000035,000 Arzika s
S0013+B0003+D26 0008 000006,000 000010,000 000035,000 Arzika s
S0013+B0003+D28 0008 000007,000 000010,000 000035,000 Arzika s
