S0003+B0001+D04 0003 000010,000 000010,000 000086,000 Issaka Hamidou
S0003+B0001+D28 0003 000010,000 000010,000 000086,000 Issaka Hamidou
S0003+B0002+D03 0003 000010,000 000010,000 000090,000 Issaka Hamidou
S0003+B0002+D04 0003 000010,000 000010,000 000090,000 Issaka Hamidou
S0003+B0002+D08 0003 000010,000 000010,000 000090,000 Issaka Hamidou
S0003+B0002+D09 0003 000010,000 000010,000 000090,000 Issaka Hamidou
S0003+B0002+D15 0003 000010,000 000010,000 000090,000 Issaka Hamidou
S0003+B0002+D16 0003 000010,000 000010,000 000090,000 Issaka Hamidou
S0003+B0002+D26 0003 000010,000 000010,000 000090,000 Issaka Hamidou
S0003+B0002+D27 0003 000010,000 000010,000 000090,000 Issaka Hamidou
S0003+B0005+D03 0003 000010,000 000010,000 000054,000 Issaka Hamidou
S0003+B0005+D08 0003 000010,000 000010,000 000054,000 Issaka Hamidou
S0003+B0005+D09 0003 000010,000 000010,000 000054,000 Issaka Hamidou
S0003+B0005+D16 0003 000010,000 000010,000 000054,000 Issaka Hamidou
S0003+B0005+D27 0003 000010,000 000010,000 000054,000 Issaka Hamidou
S0003+B0005+D28 0003 000010,000 000010,000 000054,000 Issaka Hamidou
S0004+B0001+D03 0004 000010,000 000010,000 000018,000 S. François
S0004+B0001+D06 0004 000010,000 000010,000 000018,000 S. François
S0004+B0001+D08 0004 000010,000 000010,000 000018,000 S. François
S0004+B0001+D12 0004 000010,000 000010,000 000018,000 S. François
S0004+B0001+D16 0004 000010,000 000010,000 000018,000 S. François
S0004+B0001+D20 0004 000010,000 000010,000 000018,000 S. François
S0004+B0001+D23 0004 000010,000 000010,000 000018,000 S. François
S0004+B0001+D27 0004 000010,000 000010,000 000018,000 S. François
S0004+B0001+D30 0004 000010,000 000010,000 000018,000 S. François
S0005+B0001+D06 0004 000008,000 000010,000 000058,000 Adoulaye S
S0005+B0001+D16 0004 000009,000 000010,000 000058,000 Adoulaye S
S0005+B0001+D22 0004 000010,000 000010,000 000058,000 Adoulaye S
S0005+B0001+D29 0004 000010,000 000010,000 000058,000 Adoulaye S
S0005+B0005+D22 0004 000006,000 000010,000 000029,000 Adoulaye S
S0005+B0005+D29 0004 000008,000 000010,000 000029,000 Adoulaye S
S0007+B0001+D15 0005 000001,000 000010,000 000031,000 Mamadou A.
S0007+B0001+D22 0005 000005,000 000010,000 000031,000 Mamadou A.
S0007+B0001+D24 0005 000005,000 000010,000 000031,000 Mamadou A.
S0007+B0001+D30 0005 000003,000 000010,000 000031,000 Mamadou A.
S0007+B0001+D31 0005 000005,000 000010,000 000031,000 Mamadou A.
S0008+B0001+D08 0005 000006,000 000010,000 000013,000 Mamadou A.
S0008+B0001+D17 0005 000002,000 000010,000 000013,000 Mamadou A.
S0008+B0001+D22 0005 000006,000 000010,000 000013,000 Mamadou A.
S0008+B0001+D24 0005 000006,000 000010,000 000013,000 Mamadou A.
S0008+B0001+D30 0005 000006,000 000010,000 000013,000 Mamadou A.
S0008+B0001+D31 0005 000006,000 000010,000 000013,000 Mamadou A.
S0009+B0001+D04 0006 000002,000 000010,000 000034,000 Kassoum A
S0009+B0001+D05 0006 000002,000 000010,000 000034,000 Kassoum A
S0009+B0005+D13 0006 000004,000 000010,000 000034,000 Kassoum A
S0009+B0005+D14 0006 000004,000 000010,000 000034,000 Kassoum A
S0009+B0005+D15 0006 000004,000 000010,000 000034,000 Kassoum A
S0009+B0005+D16 0006 000004,000 000010,000 000034,000 Kassoum A
S0009+B0005+D24 0006 000005,000 000010,000 000034,000 Kassoum A
S0009+B0005+D25 0006 000004,000 000010,000 000034,000 Kassoum A
S0012+B0001+D04 0008 000007,000 000010,000 000090,000 Ibrahim Niandou
S0012+B0001+D07 0008 000008,000 000010,000 000090,000 Ibrahim Niandou
S0012+B0001+D11 0008 000010,000 000010,000 000090,000 Ibrahim Niandou
S0012+B0001+D15 0008 000010,000 000010,000 000090,000 Ibrahim Niandou
S0012+B0001+D22 0008 000010,000 000010,000 000090,000 Ibrahim Niandou
S0012+B0001+D25 0008 000010,000 000010,000 000090,000 Ibrahim Niandou
S0012+B0001+D28 0008 000010,000 000010,000 000090,000 Ibrahim Niandou
S0012+B0003+D28 0008 000008,000 000010,000 000001,000 Ibrahim Niandou
S0013+B0003+D02 0008 000006,000 000010,000 000035,000 samaila Arzika
S0013+B0003+D06 0008 000005,000 000010,000 000035,000 samaila Arzika
S0013+B0003+D11 0008 000004,000 000010,000 000035,000 samaila Arzika
S0013+B0003+D14 0008 000005,000 000010,000 000035,000 samaila Arzika
S0013+B0003+D15 0008 000005,000 000010,000 000035,000 samaila Arzika
S0013+B0003+D19 0008 000005,000 000010,000 000035,000 samaila Arzika
S0013+B0003+D24 0008 000001,000 000010,000 000035,000 samaila Arzika
S0013+B0003+D29 0008 000006,000 000010,000 000035,000 samaila Arzika
